0 0.10396568477153778 0.06110769510269165 0.20793136954307556 0.1222153902053833
0 0.3092385530471802 0.06109398975968361 0.20267879962921143 0.12218797951936722
0 0.5144655108451843 0.05913370102643967 0.20784054696559906 0.11826740205287933
0 0.10081519186496735 0.18839840590953827 0.19880345463752747 0.12657833099365234
0 0.30475273728370667 0.18739791214466095 0.2091301679611206 0.128526508808136
0 0.5138517618179321 0.18591029942035675 0.2091294378042221 0.12560677528381348
0 0.09883425384759903 0.3227389454841614 0.19766850769519806 0.14215488731861115
0 0.3015567660331726 0.3241724371910095 0.21042326092720032 0.13923482596874237
0 0.5074206590652466 0.28179964423179626 0.2013685256242752 0.056488506495952606
0 0.6145831942558289 0.4156390428543091 0.142029270529747 0.20737019181251526
0 0.10087741911411285 0.4570789933204651 0.19880345463752747 0.12657834589481354
0 0.3048151731491089 0.45705243945121765 0.20913061499595642 0.13047337532043457
0 0.7907642126083374 0.39566025137901306 0.09688012301921844 0.32320868968963623
0 0.9024102091789246 0.38347721099853516 0.12142869830131531 0.42737412452697754
0 0.7152584195137024 0.40686464309692383 0.059433046728372574 0.25408652424812317
