1 0.49804699420928955 0.3872619867324829 0.2539060115814209 0.5080530643463135
0 0.4379880428314209 0.3894580006599426 0.1005859375 0.4480229616165161
0 0.5610349774360657 0.3909220024943352 0.0986330509185791 0.43630994856357574
0 0.0859379768371582 0.3345530033111572 0.1699221134185791 0.5724740028381348
0 0.2705079913139343 0.4560759961605072 0.140625 0.32064396142959595
0 0.7973629832267761 0.3221080005168915 0.26855504512786865 0.5592970252037048
0 0.3535160422325134 0.33382099866867065 0.04101598262786865 0.5710099935531616
0 0.18164098262786865 0.32430499792099 0.0429689884185791 0.5578330755233765
0 0.6479489803314209 0.3199119567871094 0.03808605670928955 0.5695459842681885
0 0.9677730202674866 0.2745240032672882 0.06445300579071045 0.4787699580192566
