0 0.8456079959869385 0.2297389954328537 0.12329506874084473 0.1578579843044281
0 0.7255859971046448 0.22551099956035614 0.11129295825958252 0.1606769859790802
0 0.6148389577865601 0.2276250123977661 0.11020201444625854 0.15644802153110504
0 0.5010910034179688 0.22833000123500824 0.11729401350021362 0.1578579843044281
0 0.38952499628067017 0.2269199937582016 0.10583698749542236 0.1606769859790802
0 0.27850502729415894 0.22621600329875946 0.1162029504776001 0.15926697850227356
0 0.16639399528503418 0.2276250123977661 0.10801994800567627 0.15644802153110504
0 0.844789981842041 0.37491199374198914 0.11511200666427612 0.1409440040588379
0 0.7304959893226624 0.3724449872970581 0.11347496509552002 0.14587700366973877
0 0.6156569719314575 0.3752639889717102 0.11620301008224487 0.15151500701904297
0 0.5016369819641113 0.3791399896144867 0.11183899641036987 0.14376300573349
0 0.39007097482681274 0.37984499335289 0.11129295825958252 0.14517301321029663
0 0.27796000242233276 0.37984499335289 0.11292994022369385 0.14517301321029663
0 0.16639399528503418 0.37843599915504456 0.11020195484161377 0.14235401153564453
0 0.844789981842041 0.5200849771499634 0.11511200666427612 0.1409440040588379
0 0.7304959893226624 0.5193799734115601 0.11129295825958252 0.14235401153564453
0 0.6162030100822449 0.5200849771499634 0.11729395389556885 0.14376303553581238
0 0.5040919780731201 0.5207890272140503 0.1069290041923523 0.14235401153564453
0 0.39252597093582153 0.5200849771499634 0.1140209436416626 0.1409440040588379
0 0.2787780165672302 0.5214939713478088 0.11129295825958252 0.13812503218650818
0 0.170212984085083 0.5239610075950623 0.10583698749542236 0.14305797219276428
0 0.8436989784240723 0.7103589773178101 0.11292999982833862 0.24524295330047607
0 0.7304959893226624 0.71247398853302 0.11347496509552002 0.24101495742797852
0 0.6167479753494263 0.7131779789924622 0.11402100324630737 0.24524295330047607
0 0.5027279853820801 0.7156450152397156 0.11402106285095215 0.2403099536895752
0 0.39007097482681274 0.717054009437561 0.11129295825958252 0.24312901496887207
0 0.279869019985199 0.7177590131759644 0.10911095142364502 0.24171996116638184
0 0.1723949909210205 0.717054009437561 0.10583698749542236 0.2403099536895752
0 0.04255300760269165 0.6825230121612549 0.0851060152053833 0.16279101371765137
