0 0.8735350370407104 0.531479001045227 0.055664002895355225 0.23718902468681335
0 0.8149410486221313 0.5329430103302002 0.06152302026748657 0.23426103591918945
0 0.7353519797325134 0.5292829871177673 0.07226598262786865 0.24451002478599548
0 0.6586909890174866 0.5358710289001465 0.07910192012786865 0.24890196323394775
0 0.5800780057907104 0.5300149917602539 0.078125 0.23718902468681335
0 0.5014649629592896 0.5300149917602539 0.07910197973251343 0.23718902468681335
0 0.421875 0.5322110056877136 0.08007800579071045 0.24158096313476562
0 0.3427730202674866 0.531479001045227 0.078125 0.24304497241973877
0 0.26757800579071045 0.5307469964027405 0.07226598262786865 0.24158096313476562
0 0.19091802835464478 0.531479001045227 0.08105504512786865 0.24011698365211487
0 0.06787097454071045 0.4677889943122864 0.1357419490814209 0.3733530044555664
