0 0.7062806487083435 0.4680044949054718 0.14532960951328278 0.30199021100997925
0 0.566646933555603 0.4925152361392975 0.21954445540905 0.32094037532806396
0 0.4273408055305481 0.5102642774581909 0.1432880312204361 0.30520591139793396
0 0.7453202605247498 0.719316303730011 0.14209654927253723 0.22777831554412842
0 0.4711228907108307 0.7627198696136475 0.11672292649745941 0.21707764267921448
0 0.2324894219636917 0.5958811044692993 0.14959944784641266 0.18438579142093658
0 0.9694452881813049 0.4312889277935028 0.06110937520861626 0.20081357657909393
0 0.9734175801277161 0.7081159949302673 0.05316478759050369 0.15898239612579346
0 0.8666473031044006 0.7218741178512573 0.0679413452744484 0.15733368694782257
1 0.6014490127563477 0.7597007155418396 0.20034688711166382 0.2057873010635376
