0 0.7552157640457153 0.1353551298379898 0.16786691546440125 0.11524098366498947
0 0.955521285533905 0.15525031089782715 0.08895746618509293 0.1136365458369255
0 0.40513676404953003 0.10743149369955063 0.13513816893100739 0.12206407636404037
0 0.23283150792121887 0.09308262169361115 0.13836875557899475 0.11857704073190689
0 0.12416868656873703 0.0825972780585289 0.11240232735872269 0.11973048746585846
0 0.8294150829315186 0.427924782037735 0.25505921244621277 0.14328336715698242
0 0.3960581421852112 0.39412227272987366 0.1958027184009552 0.15756693482398987
0 0.14506013691425323 0.3723641633987427 0.27253830432891846 0.15780575573444366
0 0.26583385467529297 0.6877322793006897 0.17832353711128235 0.14304448664188385
0 0.12455227971076965 0.6718969941139221 0.16445735096931458 0.14416638016700745
0 0.036216240376234055 0.657424807548523 0.07243248075246811 0.1377093642950058
0 0.6650667190551758 0.7227030396461487 0.24743452668190002 0.15395663678646088
