0 0.1206049993634224 0.04831599444150925 0.12793000042438507 0.09370400011539459
0 0.2543950080871582 0.04978000372648239 0.12792998552322388 0.09663300216197968
0 0.12304700165987015 0.23279599845409393 0.13085900247097015 0.2664709985256195
0 0.25195300579071045 0.2364569902420044 0.12695300579071045 0.26207900047302246
0 0.1206049993634224 0.4568080008029938 0.12597699463367462 0.17569500207901
0 0.25537100434303284 0.45754000544548035 0.13378900289535522 0.17715996503829956
0 0.4414060115814209 0.04538799822330475 0.12695300579071045 0.0878480076789856
0 0.5708010196685791 0.04831599444150925 0.1298830509185791 0.09370400011539459
0 0.43896499276161194 0.22913601994514465 0.13183599710464478 0.27671998739242554
0 0.5698239803314209 0.23499299585819244 0.1298830509185791 0.26500698924064636
0 0.4379880130290985 0.45461198687553406 0.13964802026748657 0.17715996503829956
0 0.5703120231628418 0.45754000544548035 0.125 0.17130297422409058
0 0.7583010196685791 0.04831599444150925 0.12793004512786865 0.09370400011539459
0 0.8867189884185791 0.04904799908399582 0.12695300579071045 0.09516800940036774
0 0.7563480138778687 0.23206400871276855 0.1259770393371582 0.27086400985717773
0 0.8857420086860657 0.23499299585819244 0.1328120231628418 0.26500698924064636
0 0.7568359971046448 0.45461198687553406 0.13085901737213135 0.17715996503829956
0 0.8862299919128418 0.46046900749206543 0.1298830509185791 0.18008801341056824
