0 0.8409929871559143 0.28921079635620117 0.13492007553577423 0.18120908737182617
0 0.7277546525001526 0.26335838437080383 0.12387101352214813 0.18188966810703278
0 0.6225775480270386 0.24556361138820648 0.12235254794359207 0.17743311822414398
0 0.5147185325622559 0.2258094847202301 0.1292339712381363 0.18012943863868713
0 0.40916934609413147 0.20431724190711975 0.11870139092206955 0.18090809881687164
0 0.30405664443969727 0.18363448977470398 0.12836168706417084 0.18135257065296173
0 0.1976679116487503 0.16488409042358398 0.12028500437736511 0.17704054713249207
0 0.8235762119293213 0.43531182408332825 0.12522757053375244 0.16269762814044952
0 0.7155634164810181 0.41226398944854736 0.12424193322658539 0.16737264394760132
0 0.6064282655715942 0.39444321393966675 0.1274731159210205 0.17354319989681244
0 0.49794796109199524 0.37783464789390564 0.12244948744773865 0.16494865715503693
0 0.39215636253356934 0.3584730923175812 0.12209374457597733 0.16627086699008942
0 0.28592920303344727 0.33830326795578003 0.12364481389522552 0.16656538844108582
0 0.1803799420595169 0.31681203842163086 0.12073684483766556 0.16323471069335938
0 0.8069345355033875 0.5815600156784058 0.12522757053375244 0.16269762814044952
0 0.6987197399139404 0.5602872371673584 0.12177059054374695 0.16343098878860474
0 0.5903443098068237 0.5404350757598877 0.12761816382408142 0.16593009233474731
0 0.4840364158153534 0.5209744572639465 0.11763566732406616 0.1626458764076233
0 0.3784063160419464 0.5001934170722961 0.12419377267360687 0.16250133514404297
0 0.27046656608581543 0.48114851117134094 0.1212858110666275 0.15917068719863892
0 0.1673164665699005 0.4641019105911255 0.11668165773153305 0.16315858066082
0 0.7840890288352966 0.7730469703674316 0.13511623442173004 0.26737648248672485
0 0.6765847206115723 0.7548113465309143 0.13514792919158936 0.26321521401405334
0 0.5687257647514343 0.7350562214851379 0.13614997267723083 0.2675727605819702
0 0.46040695905685425 0.7170282006263733 0.13558454811573029 0.2626032531261444
0 0.35350093245506287 0.6981796026229858 0.13332277536392212 0.2649523615837097
0 0.24900178611278534 0.6790634393692017 0.13109375536441803 0.26314032077789307
0 0.1472490429878235 0.6590176224708557 0.12782998383045197 0.26113083958625793
0 0.03891511633992195 0.6008710265159607 0.0778302326798439 0.17930807173252106
