0 0.4710052013397217 0.1814429610967636 0.10123750567436218 0.17666217684745789
0 0.4879201352596283 0.3342880606651306 0.11090448498725891 0.17357699573040009
0 0.5049384236335754 0.47392991185188293 0.10871127247810364 0.17452380061149597
0 0.5197550654411316 0.6343718767166138 0.11627180874347687 0.18172338604927063
0 0.5387545228004456 0.8087689876556396 0.12297648191452026 0.20097576081752777
0 0.43902185559272766 0.8373979330062866 0.10861421376466751 0.18528829514980316
0 0.4230281412601471 0.6663387417793274 0.10217133909463882 0.20630429685115814
0 0.41009819507598877 0.5120350122451782 0.10573612153530121 0.1723429262638092
0 0.39878326654434204 0.3725525438785553 0.10198814421892166 0.16311275959014893
0 0.671288788318634 0.5573849081993103 0.0026789798866957426 0.006032994017004967
0 0.38756024837493896 0.23228803277015686 0.09883943200111389 0.15843801200389862
0 0.3270852267742157 0.5544129610061646 0.09408102929592133 0.19554682075977325
0 0.33673572540283203 0.707725465297699 0.09513144940137863 0.2065843939781189
0 0.34627509117126465 0.8468707799911499 0.09367112815380096 0.15720398724079132
0 0.27113527059555054 0.8744432330131531 0.07465744018554688 0.11932288855314255
0 0.2634631097316742 0.7495518922805786 0.08417115360498428 0.19514253735542297
0 0.25553393363952637 0.6041923761367798 0.08177898079156876 0.189177006483078
0 0.2488829493522644 0.46461039781570435 0.08354641497135162 0.18616756796836853
0 0.3095236122608185 0.2790544331073761 0.08459093421697617 0.18494558334350586
0 0.24223491549491882 0.3313634991645813 0.07851693034172058 0.1869276762008667
0 0.18902572989463806 0.3909560441970825 0.06323275715112686 0.16611719131469727
0 0.14849142730236053 0.43763798475265503 0.05046100914478302 0.16110572218894958
0 0.19356144964694977 0.5148230791091919 0.06540735065937042 0.17300976812839508
0 0.1548628807067871 0.5585314631462097 0.054098933935165405 0.15658098459243774
0 0.15603122115135193 0.6885241866111755 0.05171380192041397 0.16287630796432495
0 0.19813069701194763 0.6475522518157959 0.066554956138134 0.17328378558158875
0 0.20552192628383636 0.7851832509040833 0.0693289116024971 0.1847337931394577
0 0.1605994552373886 0.8212535977363586 0.051328711211681366 0.1735711246728897
3 0.07359526306390762 0.8009042143821716 0.14719052612781525 0.37611669301986694
