0 0.9355021607089659 0.2024226978841859 0.12899567858206828 0.4048453957683718
0 0.8473172117159906 0.2185213521419937 0.15465965023238648 0.4370427042839874
0 0.7452463587919613 0.24442059838457172 0.1593863082721222 0.46371105248942485
0 0.6442640558254658 0.2805367556025854 0.1544724992979155 0.4552357738273509
0 0.5440886711402793 0.31489502072702696 0.15702291562515425 0.4601930604140233
0 0.4414563826830502 0.34629025006777076 0.15938630827212213 0.4637110524894249
0 0.3400988803659264 0.37952722567957686 0.15559525219970055 0.4638762416371749
0 0.21506415617954477 0.4338531043412643 0.0486286394034825 0.1908481847069058
0 0.12228374997494343 0.46134051150628425 0.04769315378286587 0.18364888610911023
0 0.03015926588684234 0.4938674830457468 0.05515738817389676 0.19708152130937745
