0 0.4555000066757202 0.3884730041027069 0.09500002861022949 0.199101984500885
0 0.5550000071525574 0.3907189965248108 0.09800004959106445 0.206587016582489
0 0.4544999897480011 0.6025450229644775 0.0910000205039978 0.21407198905944824
0 0.559499979019165 0.6070359945297241 0.10099995136260986 0.20808398723602295
0 0.7210000157356262 0.37574899196624756 0.11600005626678467 0.10179603099822998
0 0.41449999809265137 0.8016470074653625 0.22300001978874207 0.12125694751739502
0 0.7749999761581421 0.8091319799423218 0.2200000286102295 0.13023996353149414
3 0.5945000052452087 0.7994009852409363 0.12899994850158691 0.14071905612945557
3 0.9430000185966492 0.7986530065536499 0.11399996280670166 0.13323402404785156
3 0.31200000643730164 0.48502999544143677 0.14800000190734863 0.46407198905944824
3 0.7419999837875366 0.585328996181488 0.2239999771118164 0.3143709897994995
