0 0.26754463379846816 0.07130983503306858 0.22126372598218155 0.1063506247463368
0 0.2910558577731286 0.2288311140937651 0.24776627997486161 0.14523621976244583
0 0.3168907835519362 0.4019205867145237 0.305158103600504 0.1594595225561229
0 0.34483174176407794 0.5803898431883953 0.3188272524433123 0.1641073689402685
0 0.3728537767767027 0.7681325991155108 0.31449451898329495 0.16481178967286858
0 0.3998858281257068 0.9308964347940203 0.31185418588261016 0.12468223703867032
0 0.5342754428029991 0.05447553283583795 0.23222266204559716 0.1089510656716759
0 0.5632030872641769 0.21016181567820635 0.24167280382524892 0.14721015453451278
0 0.5957973483472373 0.3761538311651939 0.18347098679013807 0.13115521816654974
0 0.6964322816768189 0.5527894954471633 0.31977762219962014 0.16100704351142198
0 0.7218831520155811 0.7407612039348136 0.3273537845542738 0.16762808547067887
0 0.7449535326465575 0.921520437107012 0.31558390540874937 0.15678030763651574
0 0.8437190367360703 0.0458753371625566 0.24467818194932656 0.0917506743251132
0 0.857849645444319 0.11525056936768241 0.23965837544711743 0.12691942202669731
0 0.866157245998212 0.1971014912216535 0.24656358887212027 0.12677748649619966
0 0.8806216019711255 0.2765489529267119 0.23032193758192576 0.121567191246228
0 0.8985616497692832 0.36160504901058693 0.20287670046143358 0.11508737323641272
0 0.906742488785332 0.4415031402677105 0.18651502242933593 0.1166959800532632
0 0.9078196629648074 0.5232066560786357 0.18436067407038514 0.12804106217893563
0 0.9089148177293149 0.6075844336605825 0.15707200801736054 0.11729589870668622
0 0.9130174500461024 0.6915835435551366 0.12360951566426448 0.11211676620299693
0 0.911797998595286 0.7662541526662652 0.10389706718786096 0.11080575034043305
0 0.9099707755603592 0.8486444387954326 0.08456258292390739 0.11919263306576144
0 0.9131882462487803 0.9282497683547178 0.0534080013692273 0.10922480495468645
