0 0.12193543675043586 0.15329562695712923 0.12367947638600446 0.27725564006277514
0 0.2211323398270333 0.14545924524977955 0.1504896395013664 0.27937359601998946
0 0.33259404621096844 0.1381255945408677 0.14740684406482468 0.2762511890817354
0 0.4407714307712129 0.13569523021058602 0.14392100370870875 0.27139046042117204
0 0.5441905551873676 0.13246798940070265 0.13869243197176917 0.2649359788014053
0 0.6977454012318266 0.12632570706307128 0.1372160764974082 0.25265141412614256
0 0.7964731085871883 0.1224607152146272 0.13815558993996535 0.2449214304292544
0 0.9004283291652315 0.11902014373041914 0.1476732162022114 0.23804028746083827
0 0.9677867824519718 0.11473156748597786 0.06442643509605639 0.22946313497195572
0 0.16156539736554498 0.42170367193057545 0.13440473812899037 0.2686517146708563
0 0.26042771872703124 0.4114782793279468 0.1377551513541629 0.2736415310863576
0 0.36056307877475163 0.4006684754989167 0.13695205221625606 0.267907366282643
0 0.46840618845232784 0.3964980165900701 0.14915218209599218 0.26036466929791907
0 0.5783922197031658 0.3931240110811097 0.14124099171027882 0.2701364254544408
0 0.737442826832418 0.3820089638442784 0.129043352684452 0.2682282322944667
0 0.8358347710724028 0.3732693998707706 0.14137492741796331 0.2710925878831566
0 0.9349869508224429 0.36638920975943673 0.13002609835511425 0.26833409562971033
0 0.9817034085028166 0.35865454993796775 0.03659318299436687 0.2689768385815995
0 0.19556621960453413 0.6886238369438796 0.13413551420238914 0.2761914659777587
0 0.295970503769982 0.6797263337907554 0.14244588194522012 0.27873809556388207
0 0.404616463110378 0.6764581916170386 0.15062110069773327 0.2897807652626032
0 0.512391490947036 0.6718092381658597 0.14150761747440388 0.28149985420356516
0 0.6158781367449273 0.6607346886287054 0.1420443444749241 0.27587153331953496
0 0.7696339537641028 0.6456899062388469 0.12569130912399407 0.2726885086668991
0 0.8715121066356506 0.6376417104909948 0.15250147223935595 0.2748064646241133
0 0.9552719872445724 0.6289032061603079 0.08945602551085519 0.272156878637373
0 0.2243494964010344 0.8989429593179553 0.11619445819594532 0.15757174590696832
0 0.32649545139022385 0.8928061502200448 0.12102037046250325 0.15417250361029522
0 0.42998140867555584 0.8865634243061806 0.12584740504571879 0.1507734653528372
0 0.5412422768683296 0.877774010471593 0.12263079678749972 0.14673887801245167
0 0.6467401365059504 0.866540578561558 0.12879639551530708 0.15289667089717107
0 0.799491086313703 0.8491588224655217 0.08978734031672941 0.14886938438716713
0 0.8938612247764148 0.8455697754926603 0.13429406043811676 0.14482437553477823
0 0.9709983992652644 0.838530853479192 0.05800320146947113 0.14642119092892614
