0 0.3234010934829712 0.008780721575021744 0.14000871777534485 0.017561443150043488
0 0.17174673080444336 0.12931141257286072 0.15902625024318695 0.25862282514572144
0 0.3032934367656708 0.1437576413154602 0.15461547672748566 0.2875152826309204
0 0.1481173187494278 0.3351394236087799 0.1454683393239975 0.20367920398712158
0 0.28593605756759644 0.3649832308292389 0.15359950065612793 0.2068379670381546
0 0.5151584148406982 0.024512937292456627 0.1381804347038269 0.049025874584913254
0 0.6472746133804321 0.04158628359436989 0.14173074066638947 0.08317256718873978
0 0.49532806873321533 0.17522811889648438 0.16099265217781067 0.30641475319862366
0 0.6286658644676208 0.20937557518482208 0.15788958966732025 0.29422834515571594
0 0.4730595052242279 0.4014863669872284 0.15959423780441284 0.2081034779548645
0 0.6081725358963013 0.4330084025859833 0.14405441284179688 0.19905680418014526
0 0.8391179442405701 0.0625859871506691 0.1397324949502945 0.12174884229898453
0 0.9505030512809753 0.0910586565732956 0.09899386763572693 0.12300826609134674
0 0.8197869062423706 0.24672164022922516 0.1544455885887146 0.2992675006389618
0 0.9357293844223022 0.27761179208755493 0.1285412460565567 0.29486095905303955
0 0.7992934584617615 0.47035545110702515 0.15060164034366608 0.2062051147222519
0 0.928096354007721 0.5041865110397339 0.1438073217868805 0.20893526077270508
