0 0.7745441198348999 0.3117959797382355 0.10351324081420898 0.1174173653125763
0 0.7826704382896423 0.421197772026062 0.10379473119974136 0.13747355341911316
0 0.7887143492698669 0.5279820561408997 0.09899795055389404 0.10534749180078506
0 0.6818736791610718 0.32038792967796326 0.10333695262670517 0.11453232169151306
0 0.6862777471542358 0.43176448345184326 0.10136087983846664 0.1285540759563446
0 0.6937507390975952 0.538348913192749 0.10238489508628845 0.11439922451972961
0 0.5808067321777344 0.33306241035461426 0.1033368930220604 0.11453231424093246
0 0.5889760255813599 0.44318491220474243 0.10370667278766632 0.13603153824806213
0 0.5960621237754822 0.5512778162956238 0.10342506319284439 0.11597434431314468
0 0.48368126153945923 0.3473668694496155 0.10151991248130798 0.11570801585912704
0 0.49237170815467834 0.4581441879272461 0.10465878248214722 0.13616463541984558
0 0.4975956976413727 0.5672250390052795 0.10827653110027313 0.11808319389820099
0 0.3887617886066437 0.35845527052879333 0.10065603256225586 0.11701793223619461
0 0.2912493646144867 0.37426817417144775 0.10187242180109024 0.12147705256938934
0 0.39390623569488525 0.4740913212299347 0.10188968479633331 0.13720718026161194
0 0.3021974563598633 0.49054819345474243 0.10448255389928818 0.13328056037425995
0 0.40077105164527893 0.5785788297653198 0.09753336757421494 0.11229129135608673
0 0.30486398935317993 0.597076952457428 0.10471341758966446 0.10614649206399918
