0 0.4702700078487396 0.8774769902229309 0.09729701280593872 0.24504506587982178
0 0.3655409812927246 0.8774769902229309 0.10135102272033691 0.24504506587982178
0 0.2601349949836731 0.8756757378578186 0.1094590425491333 0.2486485242843628
0 0.14662200212478638 0.8774769902229309 0.1202700138092041 0.24504506587982178
0 0.05135124921798706 0.8765767812728882 0.10270249843597412 0.2468464970588684
0 0.5804049968719482 0.8765767812728882 0.10135102272033691 0.2468464970588684
0 0.6858110427856445 0.8756757378578186 0.09594601392745972 0.2486485242843628
0 0.7993240356445312 0.8720719814300537 0.1256759762763977 0.2558560371398926
0 0.4993242621421814 0.5630630254745483 0.9986485242843628 0.3765770196914673
0 0.9182429909706116 0.8810809850692749 0.16081106662750244 0.2378380298614502
0 0.4993242621421814 0.22252300381660461 0.9986485242843628 0.2936939597129822
0 0.4993242621421814 0.03693699836730957 0.9986485242843628 0.07027000188827515
