0 0.7992273214197303 0.7202113260847378 0.12084763460488201 0.36690578549290087
0 0.6951849604578189 0.7329463470679614 0.11439203296801226 0.3717499876739343
0 0.5761447655583563 0.7480031333237154 0.11627699016269843 0.36525119547884943
0 0.4621492259730038 0.7584997932838158 0.11521780951501798 0.3595279851533806
0 0.35037640136468257 0.7681688019524666 0.11495937177099047 0.36845718436679076
0 0.23359075709505078 0.7829619664087659 0.11595700281072796 0.37305316584444714
0 0.11358302417940516 0.7941617824130106 0.10913220583383819 0.3711348246149031
0 0.918205934833694 0.7040272421400158 0.10644697079844578 0.3629813784783875
0 0.9851224652051978 0.6944397532910073 0.02975506958960461 0.35754787411748334
0 0.443373080240724 0.4011160066241507 0.11363967272306164 0.16671817572658093
0 0.9753525787704111 0.2984346979394414 0.0492948424591777 0.2525510610441182
0 0.9073203059917192 0.3111239547661091 0.1157468098124187 0.25991803493788107
