0 0.9589875936508179 0.20259423553943634 0.07176299393177032 0.4051884710788727
0 0.9084956049919128 0.21181926131248474 0.11328843981027603 0.4236385226249695
0 0.8361679315567017 0.21835628151893616 0.11301553249359131 0.4367125630378723
0 0.7631751298904419 0.2280815690755844 0.1146177127957344 0.44981619715690613
0 0.67347252368927 0.11381471902132034 0.09139149636030197 0.1934850960969925
0 0.6002069115638733 0.1284905970096588 0.0929945856332779 0.191106915473938
0 0.5252026915550232 0.1449737250804901 0.09111867845058441 0.190694659948349
0 0.44905686378479004 0.15956993401050568 0.09070945531129837 0.18650899827480316
0 0.372918963432312 0.17915262281894684 0.09031804651021957 0.19188392162322998
0 0.29503360390663147 0.19555632770061493 0.09393162280321121 0.19131283462047577
0 0.2330484837293625 0.3403080999851227 0.11621983349323273 0.4474378526210785
0 0.15623748302459717 0.3579009175300598 0.11635623872280121 0.44883307814598083
0 0.07969043403863907 0.37329789996147156 0.11702143400907516 0.44624873995780945
0 0.032203853130340576 0.3859221339225769 0.06440770626068115 0.43894317746162415
0 0.2486553192138672 0.6076899170875549 0.06258051842451096 0.10523243248462677
0 0.18175694346427917 0.6238169074058533 0.08816713839769363 0.11358592659235
0 0.10541444271802902 0.6413067579269409 0.08334273844957352 0.11116044968366623
0 0.05438597500324249 0.653233528137207 0.03753918781876564 0.10245978087186813
0 0.7157239317893982 0.40883609652519226 0.07216702401638031 0.29712462425231934
0 0.6665019392967224 0.4196532666683197 0.08166230469942093 0.29101893305778503
0 0.5969011783599854 0.42283377051353455 0.08831193298101425 0.34026744961738586
0 0.543392539024353 0.43388041853904724 0.07852683961391449 0.33402135968208313
0 0.48345738649368286 0.44776451587677 0.07624262571334839 0.3294236660003662
0 0.4272039830684662 0.4601269066333771 0.08858484029769897 0.34305882453918457
0 0.36675798892974854 0.488376259803772 0.07443424314260483 0.2921609878540039
0 0.31129714846611023 0.4941501319408417 0.07632720470428467 0.30213463306427
