0 0.6904299855232239 0.9341139793395996 0.08398401737213135 0.1259150505065918
0 0.6049799919128418 0.9377747774124146 0.0849609375 0.12445050477981567
0 0.6884770393371582 0.8008779883384705 0.0820310115814209 0.14934098720550537
0 0.6035159826278687 0.8038070201873779 0.0859379768371582 0.15519797801971436
0 0.5195310115814209 0.9392390251159668 0.08398401737213135 0.11859405040740967
0 0.4365230202674866 0.9407029747962952 0.08007800579071045 0.11273801326751709
0 0.3544920086860657 0.9487550258636475 0.08007800579071045 0.10248899459838867
0 0.2734379768371582 0.9502197504043579 0.0820310115814209 0.09956049919128418
0 0.20800799131393433 0.9568079710006714 0.05273401737213135 0.08638405799865723
0 0.5229489803314209 0.8111270070075989 0.08300799131393433 0.14641296863555908
0 0.4423829913139343 0.8235719799995422 0.08789098262786865 0.15080499649047852
0 0.36132800579071045 0.8301609754562378 0.08789098262786865 0.14641296863555908
0 0.2836909890174866 0.8338209986686707 0.0888669490814209 0.14494895935058594
0 0.21630901098251343 0.8404099941253662 0.0576169490814209 0.1376279592514038
0 0.6879880428314209 0.6588580012321472 0.08691400289535522 0.1376279592514038
0 0.6054689884185791 0.6676430106163025 0.08007800579071045 0.1376279592514038
0 0.5258790254592896 0.6800879836082458 0.08105498552322388 0.13323605060577393
0 0.44726598262786865 0.6844800114631653 0.0820310115814209 0.13323605060577393
0 0.6889649629592896 0.5336750149726868 0.07714802026748657 0.13030698895454407
0 0.609375 0.5380669832229614 0.0820310115814209 0.13909196853637695
0 0.5288089513778687 0.549780011177063 0.07910197973251343 0.13909196853637695
0 0.4506840109825134 0.5541729927062988 0.0830080509185791 0.13909196853637695
0 0.3774409890174866 0.5680819749832153 0.0771479606628418 0.1376279890537262
0 0.30273401737213135 0.5592970252037048 0.0742189884185791 0.10834598541259766
0 0.23974597454071045 0.5607609748840332 0.05371105670928955 0.0937039852142334
