4 0.0429689958691597 0.27086400985717773 0.08398400247097015 0.5387990474700928
4 0.3320310115814209 0.2723280191421509 0.09179699420928955 0.5417280197143555
4 0.6196290254592896 0.2723280191421509 0.0771479606628418 0.5417280197143555
0 0.18505899608135223 0.1676429808139801 0.20019498467445374 0.18887297809123993
0 0.18457001447677612 0.33967798948287964 0.20117200911045074 0.15519797801971436
0 0.47509801387786865 0.14787699282169342 0.21972700953483582 0.18740800023078918
0 0.47412100434303284 0.32576900720596313 0.21191400289535522 0.17130301892757416
0 0.6875 0.14348499476909637 0.0742189884185791 0.19033700227737427
0 0.6879879832267761 0.3221080005168915 0.07128894329071045 0.17569500207901
1 0.20751997828483582 0.46339699625968933 0.08691398799419403 0.0717419981956482
1 0.4965820014476776 0.46559301018714905 0.08886700868606567 0.07906299829483032
