0 0.7296299934387207 0.47870901226997375 0.03518497943878174 0.26510995626449585
0 0.6791670322418213 0.46634599566459656 0.062036991119384766 0.28708797693252563
0 0.617592990398407 0.46016502380371094 0.06481492519378662 0.3049450218677521
0 0.553704023361206 0.45054900646209717 0.059258997440338135 0.318681001663208
0 0.47638899087905884 0.2623629868030548 0.028704047203063965 0.15109901130199432
0 0.4361109733581543 0.275411993265152 0.04999995231628418 0.12774699926376343
0 0.380092978477478 0.2980769872665405 0.06018495559692383 0.09065902233123779
0 0.4759259819984436 0.43818700313568115 0.03518497943878174 0.1950550079345703
0 0.38287001848220825 0.43818700313568115 0.056481003761291504 0.1950550079345703
0 0.3856480121612549 0.5041210055351257 0.2935190200805664 0.07966998219490051
0 0.553704023361206 0.7115380167961121 0.07222199440002441 0.18956005573272705
0 0.4828699827194214 0.7115380167961121 0.06759297847747803 0.18956005573272705
0 0.2972220182418823 0.7081040143966675 0.06666696071624756 0.193681001663208
