0 0.24101600050926208 0.7342860102653503 0.1054689884185791 0.36000001430511475
0 0.3492189943790436 0.7348570227622986 0.09843701124191284 0.3657139539718628
0 0.4730469882488251 0.7360000014305115 0.10078102350234985 0.35885703563690186
0 0.591405987739563 0.7331429719924927 0.10000002384185791 0.35314297676086426
0 0.7074220180511475 0.7297139763832092 0.09921896457672119 0.3622859716415405
0 0.8289059996604919 0.7308570146560669 0.10000002384185791 0.36685705184936523
0 0.9535157680511475 0.7279999852180481 0.09296846389770508 0.3657139539718628
0 0.1171879991889 0.7319999933242798 0.09062500298023224 0.3577139377593994
0 0.02695300057530403 0.732571005821228 0.052344001829624176 0.3565709590911865
0 0.590624988079071 0.37085700035095215 0.109375 0.15657103061676025
0 0.028516000136733055 0.330857016146183 0.05078100040555 0.2502860277891159
0 0.10625000670552254 0.3348569795489311 0.10625001043081284 0.2514289766550064
