0 0.3635300180165598 0.23917111184578566 0.13091008225085732 0.12636344269248023
0 0.3204488233492795 0.4452145074348282 0.13875816380956202 0.17250639309936944
0 0.2912688346615278 0.6023983296272287 0.12349449750332109 0.11935574168968022
0 0.19841317327973615 0.41930951954186335 0.0803027578457644 0.1440740379266091
0 0.4906097987740446 0.48193666696237697 0.11856668756444189 0.18999938838841868
0 0.5256471915264089 0.2994810687065409 0.11181569203430247 0.08978287172370608
0 0.6619030604476742 0.36374662538962355 0.10454638295700458 0.07894053046046379
0 0.6916173395532423 0.5723884205373397 0.11117704010088858 0.1739130510138613
0 0.44371616692595733 0.6503157675327069 0.07650266253085858 0.10092944537853676
5 0.4706088819753855 0.75340128466482 0.1755935802898928 0.197056450836947
5 0.7407414826623868 0.873408531423943 0.17423617081199838 0.1990834003540517
