0 0.8852167725563049 0.09368842840194702 0.2295665144920349 0.18737685680389404
0 0.6635313630104065 0.12683986127376556 0.29253098368644714 0.25367972254753113
0 0.40659812092781067 0.163665771484375 0.2950841784477234 0.32733154296875
0 0.14778590202331543 0.2056189775466919 0.29557180404663086 0.391940712928772
0 0.9048984050750732 0.3097689747810364 0.1902032494544983 0.3720444440841675
0 0.6933708786964417 0.3743763864040375 0.2899778187274933 0.37675777077674866
0 0.4398784339427948 0.44381335377693176 0.2950211763381958 0.3781084716320038
0 0.16828732192516327 0.5142287015914917 0.3207094073295593 0.38063183426856995
0 0.9219694137573242 0.5561392307281494 0.15606121718883514 0.24087339639663696
0 0.7284977436065674 0.6342584490776062 0.27782660722732544 0.2747723460197449
0 0.47242581844329834 0.7082550525665283 0.2817462682723999 0.2830811142921448
0 0.20093052089214325 0.7925732731819153 0.3120170533657074 0.3158716559410095
