2 0.44726601243019104 0.579178974032402 0.0820310115814209 0.17008796334266663
2 0.07910200208425522 0.5454549789428711 0.037109002470970154 0.09090900421142578
0 0.26757800579071045 0.12023500725626945 0.23632800579071045 0.23753700405359268
0 0.26708999276161194 0.4171550124883652 0.23730498552322388 0.3944280445575714
0 0.4418950080871582 0.12243399769067764 0.11230498552322388 0.24193499982357025
0 0.4379880130290985 0.4259530007839203 0.11035197973251343 0.37389999628067017
0 0.5556640028953552 0.12536700069904327 0.11914098262786865 0.2478010058403015
0 0.6323239803314209 0.43035200238227844 0.0517580509185791 0.329912006855011
0 0.6821290254592896 0.13269799202680588 0.04980504512786865 0.2624629884958267
0 0.6293950080871582 0.13709699362516403 0.04003894329071045 0.27126099169254303
0 0.7509769797325134 0.13562998920679092 0.08789098262786865 0.268327996134758
0 0.7524409890174866 0.43548399209976196 0.0888669490814209 0.32844603061676025
0 0.6821290254592896 0.43255098164081573 0.04980504512786865 0.32551297545433044
0 0.8422849774360657 0.4369499981403351 0.0888669490814209 0.3167160153388977
0 0.8427730202674866 0.14222900569438934 0.09179699420928955 0.28152498602867126
0 0.9248049855232239 0.14442799985408783 0.0703120231628418 0.2859239876270294
0 0.9213870167732239 0.43914999067783356 0.07519495487213135 0.30351898074150085
