0 0.7298203032181055 0.7388468531691408 0.10852273977174254 0.34653543907905326
0 0.6215658362742955 0.7414096912170044 0.10153470526723885 0.3518734372536292
0 0.4976829800300694 0.7448111438397595 0.1038228160000183 0.34535409200325096
0 0.3792386404162864 0.7442821208028523 0.10299381035608662 0.3398703894232896
0 0.26313372353876596 0.7431619867104285 0.10228850900442191 0.34860695261962804
0 0.14159609880895244 0.7465198170700684 0.10310805291240366 0.3529966667498884
0 0.032464698764412436 0.7461072734971106 0.06492939752882487 0.35177153403605155
0 0.8536936674120383 0.7343513533807022 0.0936519776322845 0.3440707364955853
0 0.9439803362481742 0.7332164148099662 0.05534158836729475 0.3422634033088796
0 0.3770020901302874 0.3975095027377885 0.11073615488513633 0.1518983933721803
0 0.9390701369161689 0.34874937113869725 0.052892376323953605 0.24050482949265492
0 0.861329017243573 0.3540264353007645 0.10839971451354058 0.24263239430527497
