0 0.3916020095348358 0.07038100063800812 0.08398401737213135 0.10850399732589722
0 0.4775390028953552 0.06451600044965744 0.0742189884185791 0.10850399732589722
0 0.3940429985523224 0.18401800096035004 0.07519501447677612 0.11290299892425537
0 0.47851599752902985 0.17961899936199188 0.06835898756980896 0.1070379912853241
0 0.3955079913139343 0.2939879968762398 0.07617199420928955 0.10703800618648529
0 0.47851602733135223 0.28885599970817566 0.07617202401161194 0.11436998844146729
0 0.3979490101337433 0.40689098834991455 0.08300799131393433 0.12170100212097168
0 0.4809570014476776 0.4076249897480011 0.07324200868606567 0.11436998844146729
0 0.39599600434303284 0.5212609767913818 0.07714802026748657 0.10703802108764648
0 0.4809570014476776 0.5212609767913818 0.06738299131393433 0.10703802108764648
0 0.3974609971046448 0.634896993637085 0.078125 0.11143696308135986
0 0.4833980053663254 0.6326979994773865 0.07226601243019104 0.1011730432510376
0 0.4013670086860657 0.75 0.08007800579071045 0.11290299892425537
0 0.48291000723838806 0.7448679804801941 0.07714802026748657 0.11143696308135986
0 0.4018549919128418 0.8636360168457031 0.08105498552322388 0.11436998844146729
0 0.4838869869709015 0.8643699884414673 0.08105498552322388 0.1099710464477539
0 0.3979490101337433 0.9611437320709229 0.08300799131393433 0.0777125358581543
0 0.4848630130290985 0.9567450284957886 0.08496099710464478 0.07184803485870361
0 0.5717769861221313 0.05865100026130676 0.0947270393371582 0.11437000334262848
0 0.6655269861221313 0.05645199865102768 0.0927729606628418 0.10997100174427032
0 0.7573239803314209 0.05718500353395939 0.0888669490814209 0.11143700405955315
0 0.8447269797325134 0.05645199865102768 0.09179699420928955 0.10997100174427032
0 0.9448239803314209 0.05718500353395939 0.1103520393371582 0.11143700405955315
0 0.5727540254592896 0.170087993144989 0.0927729606628418 0.10850399732589722
0 0.6640620231628418 0.17448699101805687 0.0898439884185791 0.11436999589204788
0 0.7558590173721313 0.17448699474334717 0.0898439884185791 0.11730200052261353
0 0.8447269797325134 0.17961900308728218 0.0898439884185791 0.10997100919485092
0 0.9448239803314209 0.17448699474334717 0.1103520393371582 0.11143699288368225
0 0.5722659826278687 0.2859239876270294 0.09570300579071045 0.10850399732589722
0 0.6660159826278687 0.2844569981098175 0.08789098262786865 0.11730200052261353
0 0.7543950080871582 0.28738999366760254 0.0849609375 0.10557198524475098
0 0.8447269797325134 0.2910560145974159 0.0898439884185791 0.10703800618648529
0 0.9462890028953552 0.2910560145974159 0.10742199420928955 0.10703800618648529
0 0.5742189884185791 0.3980939984321594 0.09179699420928955 0.10703802108764648
0 0.6655269861221313 0.3988269865512848 0.09081995487213135 0.11730200052261353
0 0.7558590173721313 0.4024930000305176 0.0859379768371582 0.11876797676086426
0 0.8447269797325134 0.4024930000305176 0.09179699420928955 0.11876797676086426
0 0.9443359971046448 0.40322598814964294 0.11132800579071045 0.11436998844146729
0 0.5737299919128418 0.5124629586935043 0.0927729606628418 0.10410597920417786
0 0.6655269861221313 0.5117300152778625 0.09081995487213135 0.10557198524475098
0 0.7558590173721313 0.5153960138559341 0.09179699420928955 0.10997101664543152
0 0.8457030057907104 0.5183280110359192 0.0898439884185791 0.11290299892425537
0 0.9448239803314209 0.5168619900941849 0.1103520393371582 0.10997101664543152
0 0.5742189884185791 0.6275659799575806 0.09179699420928955 0.11730194091796875
0 0.6669920086860657 0.6290320158004761 0.09179699420928955 0.12023496627807617
0 0.7563480138778687 0.6253669857978821 0.0888669490814209 0.12170100212097168
0 0.8481450080871582 0.6290320158004761 0.09081995487213135 0.11143696308135986
0 0.9462890028953552 0.6334310173988342 0.10742199420928955 0.11143696308135986
0 0.5742189884185791 0.7426689863204956 0.0976560115814209 0.10703802108764648
0 0.6674799919128418 0.7434020042419434 0.09081995487213135 0.11143696308135986
0 0.7573239803314209 0.7434020042419434 0.09081995487213135 0.11143696308135986
0 0.8491209745407104 0.7434020042419434 0.09081995487213135 0.10263895988464355
0 0.9462890028953552 0.7470669746398926 0.10742199420928955 0.11876797676086426
0 0.5761719942092896 0.8533719778060913 0.0976560115814209 0.11143696308135986
0 0.6689450144767761 0.855571985244751 0.0898439884185791 0.11290299892425537
0 0.7592769861221313 0.855571985244751 0.09081995487213135 0.1099710464477539
0 0.8505859971046448 0.8585039973258972 0.0898439884185791 0.11876797676086426
0 0.9477540254592896 0.8592380285263062 0.1044919490814209 0.12023496627807617
0 0.5766599774360657 0.9567450284957886 0.0986330509185791 0.08650994300842285
0 0.6704099774360657 0.9560117423534393 0.09081995487213135 0.08797651529312134
0 0.7607420086860657 0.9574779868125916 0.08789098262786865 0.0850440263748169
0 0.8510739803314209 0.9618769884109497 0.09081995487213135 0.07624602317810059
0 0.9487299919128418 0.9618769884109497 0.1025390625 0.07624602317810059
