0 0.7571041871643021 0.6551783219660099 0.12733420100292347 0.3651909788232928
0 0.6549940789810043 0.6731593626159571 0.1211359565932616 0.3695849971331793
0 0.5381765269949088 0.6942104199682159 0.12282016516362942 0.3633303445056326
0 0.42621378022855505 0.7105116360743883 0.12164218894150286 0.3576777393953843
0 0.3164189178186466 0.725882237024216 0.12160984980344974 0.36639530446335766
0 0.20181434640582419 0.7465557913769745 0.12269974214007115 0.370942396557681
0 0.08395026471639376 0.7638638470863812 0.11597311503927346 0.3687041534919461
0 0.8738336225322176 0.6330216795452743 0.11314372875833067 0.36058882805032166
0 0.9590682836084498 0.6190394211098393 0.07691462854305642 0.35331721752997236
0 0.3990136407676621 0.35997217960770933 0.11533454471113164 0.1690576358772708
0 0.9266147268392434 0.2307415807070838 0.06724288955980096 0.25026354148513824
0 0.8535346892589609 0.24713143360137715 0.11969914618942057 0.26030367406747884
