0 0.9140000343322754 0.28133299946784973 0.16800004243850708 0.5600000023841858
0 0.29600000381469727 0.11999999731779099 0.4359999895095825 0.10666699707508087
0 0.6769999861717224 0.19933299720287323 0.15799999237060547 0.3959999978542328
0 0.5049999952316284 0.2886669933795929 0.1419999599456787 0.18266701698303223
0 0.3880000114440918 0.2966670095920563 0.09200000762939453 0.11866700649261475
0 0.30000001192092896 0.3006669878959656 0.08399999141693115 0.09466701745986938
0 0.20800000429153442 0.31333300471305847 0.08000004291534424 0.0906670093536377
0 0.13099998235702515 0.32666701078414917 0.07400000095367432 0.07466697692871094
4 0.07899999618530273 0.3013330101966858 0.05799996852874756 0.17599999904632568
5 0.46799999475479126 0.5066670179367065 0.596000075340271 0.1466670036315918
