0 0.46728500723838806 0.6749629974365234 0.16699200868606567 0.23133206367492676
2 0.4418950080871582 0.9450950026512146 0.040039002895355225 0.10395300388336182
2 0.7895510196685791 0.8989750146865845 0.08105504512786865 0.19619297981262207
0 0.3125 0.6888729929924011 0.14648401737213135 0.21522700786590576
0 0.30664101243019104 0.8938507437705994 0.14843802154064178 0.21229851245880127
0 0.18261699378490448 0.7071740031242371 0.12304699420928955 0.19326496124267578
0 0.167480006814003 0.8953149914741516 0.12793001532554626 0.19180095195770264
0 0.4604490101337433 0.8931189775466919 0.17285197973251343 0.19912195205688477
0 0.6450200080871582 0.8967790007591248 0.1923830509185791 0.2035139799118042
0 0.6445310115814209 0.6676430106163025 0.1875 0.24597394466400146
0 0.4677729606628418 0.42679399251937866 0.16210898756980896 0.2884329557418823
0 0.32177698612213135 0.43777498602867126 0.14746099710464478 0.3045390248298645
0 0.19824200868606567 0.439970999956131 0.1406250149011612 0.34699898958206177
0 0.11181599646806717 0.4421670138835907 0.09668000042438507 0.3601760268211365
0 0.09326200187206268 0.7906299829483032 0.07324200868606567 0.3601759672164917
0 0.6396480202674866 0.4224010109901428 0.1835939884185791 0.2562229633331299
