0 0.6286246057583145 0.04787480978905062 0.09003511028803624 0.09574961957810124
0 0.5426766703855912 0.05016936068300278 0.08030801132867416 0.10033872136600556
0 0.632872069532058 0.15087438124218785 0.08153879702926925 0.12436197230054874
0 0.5484686207299221 0.1573958770620052 0.0743845782812993 0.11752066334050598
0 0.6378762404739695 0.26267092958657623 0.08216726766771643 0.11853678475688989
0 0.554888982595258 0.2682580026920026 0.08259820404256524 0.1259778450832896
0 0.642080562965949 0.37757104253252066 0.08983852774605527 0.1343069621383005
0 0.5594381378202875 0.38911137505016075 0.07967959936976199 0.1255967926266297
0 0.6507480650674161 0.4933885223373502 0.08313950345447196 0.11866373468002495
0 0.5661170792860251 0.5044379273294191 0.07341240449510988 0.11739376653765277
0 0.6559677059483802 0.6089056310906307 0.08437123562180038 0.12325517866480473
0 0.5702352396388952 0.6178502622357671 0.07793171559311585 0.11207658137378895
0 0.6588420317143661 0.7262290148270856 0.08640282149394496 0.12499701838568311
0 0.5773141342314596 0.7316255312681692 0.08339805074086959 0.12312811983661931
0 0.6650348871628231 0.8416190608763088 0.08746216913411675 0.12661288341668042
0 0.583364665489913 0.8530324322238394 0.08720368122084332 0.1221485060118297
0 0.6746567012901924 0.9400694172794362 0.08725311093417165 0.08966407843450908
0 0.5878217624435547 0.9469086727089231 0.08885384538542096 0.08396632474506105
0 0.4484600181064804 0.05547628505006905 0.10108117726927551 0.1109525701001381
0 0.35494492222160967 0.05927700141086367 0.09887613797151157 0.11855400282172734
0 0.26354757445746935 0.06940015000991936 0.0950714624974574 0.12465223947144567
0 0.17644098949838488 0.08002323412066378 0.09790396243369437 0.12354548761384898
0 0.07677587479784631 0.09378502667822351 0.1164730988942812 0.12744643294394456
0 0.45403646970101064 0.15997898357698842 0.09878991496333239 0.12218358558499288
0 0.3633416873457938 0.17631827484602053 0.09621709299356851 0.1277559320719302
0 0.27190125752680816 0.18825672333240967 0.09638942121294977 0.1307315562039305
0 0.18368011536461204 0.20502259696136999 0.09595854307972898 0.12329150154679755
0 0.08367028521734562 0.212832122353172 0.11647309823742073 0.12744642160180994
0 0.4613308634812825 0.2774748015809878 0.10170857900925995 0.12256464579339635
0 0.3678587915191058 0.2881784259605844 0.09444400142107734 0.13047756257545604
0 0.27999544038388785 0.30264898448659655 0.09083590713855447 0.11819197937767179
0 0.19022981230796493 0.31811745949696457 0.09578615618081263 0.12031486418410736
0 0.08906228331066375 0.3313258723450144 0.11329588427765361 0.1226009308682739
0 0.4659782225781316 0.3915675618877011 0.09773157684849898 0.12056887293542795
0 0.3750679709407228 0.4041863040899757 0.09736159675076705 0.130858483252476
0 0.28530228305376854 0.4196547792906642 0.09258474420622118 0.1317113545480011
0 0.1967795077186434 0.4312122955675784 0.09842100358183839 0.13247333543342443
0 0.0976004798017227 0.44491060758766354 0.11761766023624731 0.13054997845162247
0 0.47318734156858566 0.5075743965407102 0.09853142197740006 0.11772013804485781
0 0.38170383286958026 0.5187689938144164 0.09667216651417176 0.11895396026309507
0 0.291938144106812 0.5342374538922589 0.09790396330950832 0.12354550273669512
0 0.2026154616422196 0.5488975215400393 0.09613087042329624 0.12626711055595174
0 0.10379333437436572 0.5603006385140407 0.11638693566040453 0.1259586360007905
0 0.47946541068210813 0.624453403446975 0.09833483750156641 0.1309854893410205
0 0.38713891181349946 0.6380066290453456 0.09850722571420362 0.1339621493879799
0 0.29791457763891716 0.6459080618586507 0.09567472774854807 0.13506893527198027
0 0.20668955929840227 0.6615660613039537 0.09701687988084148 0.12490619151209326
0 0.10918533290559082 0.6787943960673062 0.11355443243986524 0.12706533114771423
0 0.48623057603183895 0.7412687999264809 0.1035678362241162 0.12133085382085118
0 0.3933749063541857 0.7541415660029223 0.09701687988084151 0.12490619151209326
0 0.30387989610811905 0.7658260170801254 0.09701687988084146 0.12490619151209326
0 0.21243946607017988 0.777764461785803 0.09649977830153447 0.11597730021613584
0 0.11586427261970056 0.7941209181008722 0.11398531188680698 0.1345054084891164
0 0.49079171124469484 0.8538727160329467 0.10382638351051388 0.12579523897744538
0 0.3985083514683154 0.8681708325396704 0.09613087042329632 0.12626711055595174
0 0.3085272534533401 0.8799187471411465 0.0969307208070811 0.12341846640245846
0 0.21774523984159783 0.8947693600159747 0.09647558378996599 0.13221934180494987
0 0.12099778079243513 0.9081512734825409 0.11115286997324461 0.13561316223526854
0 0.49638136209217765 0.9542674453633501 0.1033345451590133 0.09146510927329987
0 0.4029524134575789 0.9598734977843144 0.09563799488486013 0.08025300443137118
0 0.31305743441114664 0.9673307469424286 0.09254804287183571 0.06533850611514269
0 0.22333488718582478 0.9775739197218903 0.09494853662221833 0.04485216055621932
0 0.12605819777226845 0.9835431071918833 0.10662212408969075 0.03291378561623337
