0 0.08152200281620026 0.170833021402359 0.1599380075931549 0.3316670060157776
0 0.24534201622009277 0.17333300411701202 0.17391301691532135 0.3400000035762787
0 0.4122669994831085 0.17499998211860657 0.16614902019500732 0.336667001247406
0 0.5784159898757935 0.17499998211860657 0.16925501823425293 0.336667001247406
0 0.7453420162200928 0.17083300650119781 0.16459596157073975 0.3283329904079437
0 0.9114909768104553 0.17000000178813934 0.16770195960998535 0.33000001311302185
0 0.08152200281620026 0.5058330297470093 0.1599380075931549 0.33833301067352295
0 0.24534200131893158 0.5091670155525208 0.16770198941230774 0.3316670358181
0 0.4099380075931549 0.511667013168335 0.16149097681045532 0.3366670310497284
0 0.575311005115509 0.5099999904632568 0.16925501823425293 0.3400000333786011
0 0.7445650100708008 0.5091670155525208 0.16925501823425293 0.33833301067352295
0 0.9145960211753845 0.5099999904632568 0.17080700397491455 0.3366670310497284
0 0.08074499666690826 0.8324999809265137 0.1552799940109253 0.3183330297470093
0 0.24378901720046997 0.8341670036315918 0.17080701887607574 0.315000057220459
0 0.4114910066127777 0.8333330154418945 0.16459602117538452 0.31333303451538086
0 0.5768629908561707 0.8349999785423279 0.16614902019500732 0.31000006198883057
0 0.7422360181808472 0.8358330130577087 0.16459596157073975 0.31166696548461914
0 0.9114909768104553 0.8374999761581421 0.17391300201416016 0.30833303928375244
