2 0.5751950144767761 0.5014659762382507 0.09570300579071045 0.3929619789123535
0 0.8613280057907104 0.07624600268900394 0.27539098262786865 0.12023500725626945
0 0.8637699782848358 0.2118769958615303 0.2705079913139343 0.12170098721981049
0 0.869141012430191 0.3519060015678406 0.2597660422325134 0.13196498155593872
0 0.8715820014476776 0.551320031285286 0.2548829913139343 0.2316720187664032
0 0.5346679985523224 0.08284500613808632 0.3193359971046448 0.13343100994825363
0 0.5322270095348358 0.21847499907016754 0.335938036441803 0.14076200127601624
0 0.5258789956569672 0.3511730134487152 0.3525390028953552 0.13636398315429688
0 0.6162109971046448 0.5425220280885696 0.18554699420928955 0.2316720187664032
0 0.4409180283546448 0.5425220131874084 0.17480504512786865 0.21114397048950195
0 0.2104489803314209 0.027125999331474304 0.2646479606628418 0.05132000148296356
0 0.20068401098251343 0.10850399732589722 0.28418004512786865 0.13489699363708496
0 0.18457001447677612 0.2302049994468689 0.2851560115814209 0.14369499683380127
0 0.17822301387786865 0.35630500316619873 0.2919919490814209 0.12610000371932983
