0 0.27083298563957214 0.2680000066757202 0.461667001247406 0.09866701066493988
0 0.7316669821739197 0.2619999945163727 0.44999992847442627 0.10533301532268524
0 0.8716670274734497 0.5233330130577087 0.1733330488204956 0.4013329744338989
0 0.12916700541973114 0.519333004951477 0.16166701912879944 0.3960000276565552
0 0.3591670095920563 0.33866700530052185 0.29166704416275024 0.037333011627197266
0 0.6499999761581421 0.3400000035762787 0.28666698932647705 0.045333027839660645
0 0.35749998688697815 0.4059999883174896 0.2583330273628235 0.06533300876617432
0 0.6466670036315918 0.4006670117378235 0.2533329725265503 0.05733299255371094
1 0.3499999940395355 0.5833330154418945 0.25666695833206177 0.29999998211860657
1 0.6474999785423279 0.5820000171661377 0.26833295822143555 0.29466700553894043
