0 0.7490670084953308 0.1980000138282776 0.11380600929260254 0.11066700518131256
0 0.6599810123443604 0.1986670047044754 0.06436598300933838 0.10933300852775574
0 0.5676310062408447 0.2026669979095459 0.12033605575561523 0.11733299493789673
0 0.7467349767684937 0.3153330087661743 0.11473900079727173 0.12133300304412842
0 0.656715989112854 0.3193329870700836 0.06529903411865234 0.11333298683166504
0 0.5643660426139832 0.3233329951763153 0.11940300464630127 0.12133300304412842
0 0.7453359961509705 0.43333300948143005 0.11567199230194092 0.1119999885559082
0 0.655784010887146 0.4359999895095825 0.06343293190002441 0.11733299493789673
0 0.5643660426139832 0.4359999895095825 0.11940300464630127 0.11733299493789673
0 0.7448689937591553 0.5440000295639038 0.11660397052764893 0.12000000476837158
0 0.656715989112854 0.5493329763412476 0.059700965881347656 0.10933300852775574
0 0.5671640038490295 0.5513330101966858 0.11940300464630127 0.11333298683166504
0 0.7453359961509705 0.6586670279502869 0.11940300464630127 0.11466705799102783
0 0.6571829915046692 0.6613330245018005 0.05690300464630127 0.10933303833007812
0 0.5666980147361755 0.664667010307312 0.12406694889068604 0.11599993705749512
0 0.2952430248260498 0.2106669843196869 0.12406694889068604 0.11466698348522186
0 0.2038249969482422 0.21400000154972076 0.05876898765563965 0.11333301663398743
0 0.11660397052764893 0.2153330147266388 0.11567199230194092 0.11600001156330109
0 0.29384297132492065 0.3246670067310333 0.11753702163696289 0.12133300304412842
0 0.20615702867507935 0.328667014837265 0.057836055755615234 0.11333298683166504
0 0.11660397052764893 0.33000001311302185 0.12126898765563965 0.11599999666213989
0 0.29104501008987427 0.44133299589157104 0.11567199230194092 0.11733299493789673
0 0.20615702867507935 0.44533300399780273 0.054103970527648926 0.10933297872543335
0 0.11800402402877808 0.4446670114994049 0.12220096588134766 0.10799998044967651
0 0.29151099920272827 0.5533329844474792 0.1110069751739502 0.1119999885559082
0 0.20709002017974854 0.558667004108429 0.057836055755615234 0.10133302211761475
0 0.11707097291946411 0.5626670122146606 0.12220096588134766 0.10933303833007812
0 0.2901120185852051 0.6713330149650574 0.11380600929260254 0.11333298683166504
0 0.2047569751739502 0.6733329892158508 0.05690300464630127 0.10933303833007812
0 0.11660397052764893 0.6733329892158508 0.11940300464630127 0.10933303833007812
