0 0.5366209745407104 0.08263099938631058 0.12597697973251343 0.09106199443340302
0 0.4106450080871582 0.08516000211238861 0.1259770393371582 0.08600300550460815
0 0.2846680283546448 0.08516000211238861 0.1259770393371582 0.08600300550460815
0 0.1484379768371582 0.08263099938631058 0.14648401737213135 0.09106199443340302
0 0.5380859971046448 0.2723439931869507 0.125 0.09612101316452026
0 0.41162097454071045 0.2723439931869507 0.12793004512786865 0.09612101316452026
0 0.2856450080871582 0.2723439931869507 0.1240229606628418 0.09612101316452026
0 0.14941400289535522 0.2748740017414093 0.1484379768371582 0.09106200933456421
0 0.5395510196685791 0.45699799060821533 0.12597697973251343 0.08768999576568604
0 0.41259801387786865 0.45531201362609863 0.12793004512786865 0.09106197953224182
0 0.28710901737213135 0.4519389867782593 0.12304699420928955 0.08431696891784668
0 0.15136700868606567 0.45362600684165955 0.14648401737213135 0.08768999576568604
0 0.5400390028953552 0.6332209706306458 0.12695300579071045 0.08937597274780273
0 0.4140620231628418 0.6340640187263489 0.125 0.08768999576568604
0 0.5390620231628418 0.817031979560852 0.125 0.09612095355987549
0 0.41210901737213135 0.8195620179176331 0.1289060115814209 0.09106194972991943
0 0.2822269797325134 0.8187180161476135 0.13085901737213135 0.08937597274780273
0 0.14697301387786865 0.8212479948997498 0.1396479606628418 0.08768999576568604
