0 0.07376536726951599 0.30140814185142517 0.14753073453903198 0.1901211142539978
0 0.06181495264172554 0.4324466288089752 0.12362990528345108 0.13415895402431488
0 0.05568912625312805 0.5411877036094666 0.1113782525062561 0.145527184009552
0 0.21896320581436157 0.3147003650665283 0.16875191032886505 0.20657482743263245
0 0.35537949204444885 0.35363104939460754 0.15698015689849854 0.20359236001968384
0 0.48686549067497253 0.3847602307796478 0.15634284913539886 0.19938626885414124
0 0.6171913743019104 0.41777926683425903 0.15466086566448212 0.19896012544631958
0 0.7466777563095093 0.45058563351631165 0.15466086566448212 0.19896012544631958
0 0.883571207523346 0.4863600432872772 0.1694767326116562 0.20069056749343872
0 0.19346904754638672 0.4829574227333069 0.1714775711297989 0.20322076976299286
0 0.3301592171192169 0.5143137574195862 0.16170638799667358 0.20276744663715363
0 0.4618493914604187 0.549862265586853 0.15938694775104523 0.19813424348831177
0 0.5931761264801025 0.5820425152778625 0.15297995507717133 0.19853425025939941
0 0.7221396565437317 0.6125326156616211 0.1540234237909317 0.19475309550762177
0 0.857191801071167 0.6489328742027283 0.16515788435935974 0.19352947175502777
0 0.7646192908287048 0.7816315293312073 0.14042817056179047 0.1690613180398941
0 0.23890525102615356 0.6440703272819519 0.14988069236278534 0.16741156578063965
0 0.5018941164016724 0.7292641997337341 0.14173753559589386 0.1350109577178955
1 0.3707267642021179 0.696031928062439 0.09065123647451401 0.11802322417497635
1 0.6332208514213562 0.7614443898200989 0.09705942124128342 0.11762452870607376
1 0.8576750755310059 0.81285160779953 0.07574667781591415 0.12638182938098907
1 0.1414589285850525 0.6303004026412964 0.08134128898382187 0.1419564187526703
