0 0.22206920385360718 0.23699001967906952 0.12324560433626175 0.14755888283252716
0 0.2387533187866211 0.34851759672164917 0.12388943135738373 0.15849541127681732
0 0.33517616987228394 0.2584988474845886 0.12249451875686646 0.24027259647846222
0 0.4259677827358246 0.21771900355815887 0.14463181793689728 0.26360031962394714
0 0.3668513000011444 0.48916780948638916 0.14889714121818542 0.2792961001396179
0 0.5341045260429382 0.17025990784168243 0.15835949778556824 0.2859658896923065
0 0.6460102796554565 0.13705052435398102 0.15578977763652802 0.27410104870796204
0 0.7506383061408997 0.04709421098232269 0.1421702802181244 0.09418842196464539
0 0.7737478017807007 0.1433359831571579 0.1398927867412567 0.1708790510892868
0 0.2599641680717468 0.463607519865036 0.11337536573410034 0.1461191326379776
0 0.2838619649410248 0.5848791003227234 0.11477778851985931 0.153728649020195
0 0.46941179037094116 0.457650363445282 0.15906062722206116 0.2897701561450958
0 0.5781933069229126 0.4220820963382721 0.1568988561630249 0.2854883074760437
0 0.6911500096321106 0.3881743550300598 0.16589486598968506 0.30451834201812744
0 0.7992241382598877 0.27316737174987793 0.14830312132835388 0.17184056341648102
0 0.8226269483566284 0.41275274753570557 0.15186749398708344 0.18373292684555054
0 0.3052481710910797 0.7009205222129822 0.11127182096242905 0.1347052901983261
0 0.32251548767089844 0.8072150349617004 0.11880727857351303 0.15325865149497986
0 0.509528398513794 0.704720139503479 0.1568988561630249 0.2854883074760437
0 0.6193608045578003 0.6748595237731934 0.15976175665855408 0.2935744822025299
0 0.7393853068351746 0.6456999778747559 0.16338254511356354 0.2983343303203583
0 0.8603445291519165 0.6132091283798218 0.17681699991226196 0.31166553497314453
0 0.40606173872947693 0.7355248928070068 0.1354626715183258 0.2659648358821869
5 0.2100946009159088 0.922902524471283 0.19672752916812897 0.15419498085975647
