0 0.9262286424636841 0.3263777494430542 0.038217999041080475 0.2485133707523346
0 0.8990071415901184 0.3159748315811157 0.03728971630334854 0.24847285449504852
0 0.8638916015625 0.3052274286746979 0.043159130960702896 0.2640612721443176
0 0.8258994221687317 0.29896315932273865 0.043040331453084946 0.25792333483695984
0 0.7879675030708313 0.28962841629981995 0.04525420069694519 0.27641811966896057
0 0.7453330159187317 0.283160537481308 0.049266088753938675 0.29192548990249634
0 0.7014378905296326 0.26972681283950806 0.050106231123209 0.28736233711242676
0 0.6547561287879944 0.25617149472236633 0.051243264228105545 0.29814445972442627
0 0.6080455780029297 0.24415147304534912 0.05992909148335457 0.3153887093067169
0 0.552031934261322 0.23249223828315735 0.06277424842119217 0.3185797333717346
0 0.4942053556442261 0.2184506207704544 0.06780447065830231 0.3387302756309509
0 0.42888858914375305 0.20715320110321045 0.07631199061870575 0.34676817059516907
0 0.36225369572639465 0.19195950031280518 0.07672780007123947 0.36825132369995117
0 0.28583574295043945 0.17787443101406097 0.08652858436107635 0.3472139537334442
0 0.2008369266986847 0.17493334412574768 0.09677578508853912 0.3491939902305603
0 0.10945434123277664 0.16748961806297302 0.10492689162492752 0.33497923612594604
0 0.9256073832511902 0.5505768656730652 0.03582592308521271 0.22081123292446136
0 0.8899228572845459 0.5451799631118774 0.033128369599580765 0.2252933233976364
0 0.8573405742645264 0.547598123550415 0.040588926523923874 0.2271527796983719
0 0.8169534206390381 0.545068085193634 0.051013290882110596 0.23833917081356049
0 0.7817785143852234 0.5373902320861816 0.049274638295173645 0.24439702928066254
0 0.7352341413497925 0.540734589099884 0.045708250254392624 0.25190702080726624
0 0.6921494603157043 0.5334793925285339 0.048523638397455215 0.2535628378391266
0 0.6469993591308594 0.536884605884552 0.053316280245780945 0.26143866777420044
0 0.593262791633606 0.527629017829895 0.06478870660066605 0.27880439162254333
0 0.5402920246124268 0.5268532633781433 0.05567863956093788 0.28760552406311035
0 0.4867383539676666 0.5321950316429138 0.07188429683446884 0.3097775876522064
0 0.42494437098503113 0.5310342311859131 0.07305017858743668 0.3220939040184021
0 0.3510161340236664 0.5324159860610962 0.08548156172037125 0.34103551506996155
0 0.2778637707233429 0.5177057385444641 0.09282222390174866 0.33675602078437805
0 0.19290950894355774 0.5124633312225342 0.09956147521734238 0.3493155837059021
0 0.09809885174036026 0.5121661424636841 0.11133091151714325 0.3820266127586365
