0 0.767553985118866 0.5484910011291504 0.10411596298217773 0.6530170440673828
0 0.6912829875946045 0.778016984462738 0.053269028663635254 0.1206899881362915
0 0.6906780004501343 0.6648709774017334 0.05205798149108887 0.09698295593261719
0 0.6906780004501343 0.5689659714698792 0.05205798149108887 0.10775899887084961
0 0.6906780004501343 0.47090500593185425 0.04721498489379883 0.10991397500038147
0 0.6924939751625061 0.3760780096054077 0.04358398914337158 0.10129296779632568
0 0.6380149722099304 0.7887930274009705 0.053269028663635254 0.1293100118637085
0 0.5883780121803284 0.7941809892654419 0.048426032066345215 0.12284505367279053
0 0.5895879864692688 0.690733015537262 0.0460050106048584 0.10129296779632568
0 0.6386200189590454 0.5851290225982666 0.05205798149108887 0.10991394519805908
0 0.5895879864692688 0.5915949940681458 0.04358398914337158 0.10129296779632568
0 0.6386200189590454 0.48383599519729614 0.054479002952575684 0.11422398686408997
0 0.5901939868927002 0.4956899881362915 0.042372941970825195 0.09482800960540771
0 0.5914040207862854 0.40409499406814575 0.04479396343231201 0.10991400480270386
0 0.639831006526947 0.38685300946235657 0.04963696002960205 0.11422401666641235
0 0.6912829875946045 0.28125 0.0460050106048584 0.10129298269748688
0 0.639831006526947 0.2941809892654419 0.04963696002960205 0.10129298269748688
0 0.5907989740371704 0.3178879916667938 0.04358398914337158 0.09698301553726196
0 0.5411620140075684 0.8081899881362915 0.05084705352783203 0.125
0 0.5411620140075684 0.6993529796600342 0.053269028663635254 0.10129296779632568
0 0.5411620140075684 0.6109910011291504 0.048426032066345215 0.10129296779632568
0 0.5429779887199402 0.5183190107345581 0.05205798149108887 0.10129296779632568
0 0.54237300157547 0.4245690107345581 0.048426032066345215 0.10344803333282471
0 0.5429779887199402 0.33189699053764343 0.04721498489379883 0.09913802146911621
0 0.49152499437332153 0.8178880214691162 0.0460050106048584 0.13146603107452393
0 0.4461260139942169 0.8308190107345581 0.04479402303695679 0.11853396892547607
0 0.40375301241874695 0.8362069725990295 0.04721498489379883 0.1120690107345581
0 0.35895898938179016 0.840516984462738 0.04479402303695679 0.1120690107345581
0 0.3165859878063202 0.8523709774017334 0.04237300157546997 0.10560297966003418
0 0.2754240036010742 0.8609910011291504 0.039951980113983154 0.11422395706176758
0 0.27905601263046265 0.7650859951972961 0.035108983516693115 0.08620703220367432
0 0.3202179968357086 0.7553880214691162 0.04479402303695679 0.10560297966003418
0 0.361380010843277 0.7435340285301208 0.04237300157546997 0.09482800960540771
0 0.40435799956321716 0.7349140048027039 0.04358398914337158 0.09913802146911621
0 0.44854700565338135 0.7230600118637085 0.04721498489379883 0.09698295593261719
0 0.49455201625823975 0.7112069725990295 0.047215014696121216 0.09913802146911621
0 0.4927360415458679 0.6239219903945923 0.04358401894569397 0.10129296779632568
0 0.44794198870658875 0.6379309892654419 0.04116201400756836 0.09482800960540771
0 0.40496399998664856 0.6465520262718201 0.04721498489379883 0.09913802146911621
0 0.3631959855556488 0.6584050059318542 0.03874099254608154 0.08836197853088379
0 0.319007009267807 0.6713359951972961 0.04721498489379883 0.09698295593261719
0 0.2820819914340973 0.6864219903945923 0.04116201400756836 0.09267199039459229
0 0.2845039963722229 0.5959050059318542 0.03631997108459473 0.08836197853088379
0 0.32385000586509705 0.5862069725990295 0.04479402303695679 0.09482800960540771
0 0.3644070029258728 0.5711209774017334 0.0460050106048584 0.09482800960540771
0 0.4079900085926056 0.5625 0.04116201400756836 0.09913802146911621
0 0.4521790146827698 0.5463359951972961 0.04721498489379883 0.10560297966003418
0 0.4969730079174042 0.528016984462738 0.04479402303695679 0.09913802146911621
0 0.49576300382614136 0.44396600127220154 0.04721498489379883 0.09913802146911621
0 0.4521790146827698 0.45258599519729614 0.04479402303695679 0.09051698446273804
0 0.4079900085926056 0.47090500593185425 0.04116201400756836 0.08836197853088379
0 0.3656170070171356 0.4913789629936218 0.04116201400756836 0.09482797980308533
0 0.32445499300956726 0.5021550059318542 0.04358398914337158 0.09482800960540771
0 0.28813600540161133 0.5129309892654419 0.03874099254608154 0.09051701426506042
0 0.28692498803138733 0.43103399872779846 0.04116201400756836 0.09051698446273804
0 0.3280870020389557 0.4202589988708496 0.04116201400756836 0.08620703220367432
0 0.36803901195526123 0.4094829857349396 0.03874099254608154 0.09913802146911621
0 0.412227988243103 0.3879309892654419 0.04479402303695679 0.09913802146911621
0 0.4521790146827698 0.36853399872779846 0.039951980113983154 0.08620697259902954
0 0.4975789785385132 0.3469829857349396 0.04600498080253601 0.09913802146911621
