2 0.6008989738725441 0.4759177150605523 0.1074110715053046 0.41026320697790963
0 0.8798632020521455 0.06511200268319445 0.24027359589570896 0.1302240053663889
0 0.8801173037420654 0.19842959829994597 0.23976539251586915 0.1437279432876501
0 0.8831368194421334 0.34263543516509476 0.2337263611157333 0.15352748000020927
0 0.8815957600159652 0.5476372551012453 0.23680847996806975 0.2556060316496176
0 0.5740128906034502 0.06134722725633305 0.3209593178212154 0.1226944545126661
0 0.567280034307202 0.18226325635523874 0.33765827866189546 0.16783485037556406
0 0.5567654040344893 0.31812790116368445 0.3539832923339754 0.16446615093544983
0 0.6402733782478136 0.5209278351970835 0.19139065769413732 0.2508077996379283
0 0.46641786678808395 0.5087970888248416 0.18008417799807092 0.22897855222874763
0 0.24195193708935617 0.06273730317959295 0.28613826143078364 0.1254746063591859
0 0.22210102005796112 0.17025323553815822 0.28738592658408546 0.16733329832137872
0 0.2117971555678615 0.2993406457795377 0.2936064356300744 0.14973324441795352
