0 0.7670446930546113 0.6347716670592284 0.13906397621749056 0.3751256689799812
0 0.6645294150341301 0.6597453905851851 0.13301786322732545 0.37911514013122566
0 0.5472635734676301 0.688803155142917 0.13449567649030636 0.37295236971235723
0 0.4347481747422507 0.7127231858917287 0.1331350129529833 0.367199750047257
0 0.32439184146475175 0.7355563303093395 0.1333870484975791 0.3759462031616123
0 0.20934814845591346 0.7640852164824583 0.13462369648269296 0.3805833966653621
0 0.09090697157394893 0.7894157603980231 0.12783363726738237 0.377881138657884
0 0.8841864843458915 0.6045983979965517 0.1247435899082131 0.36954506023472106
0 0.9628137616591333 0.5847937337157874 0.0743724766817333 0.35979135475903573
0 0.39616188007576847 0.3589899373035199 0.12068438304465628 0.17747953463370647
0 0.9247035744605171 0.1931113727601158 0.07530972632812194 0.25571457852369694
0 0.8514453116797773 0.2145559953162936 0.1280188185838672 0.2693467755694129
