0 0.5585939884185791 0.05014500021934509 0.1640620231628418 0.0973840057849884
0 0.3911129832267761 0.04941900074481964 0.16894495487213135 0.09593001008033752
0 0.22167998552322388 0.05159900337457657 0.1679689884185791 0.10029099881649017
0 0.06933599710464478 0.05014500021934509 0.13867199420928955 0.0973840057849884
0 0.5576170086860657 0.19404101371765137 0.16601598262786865 0.1962210088968277
0 0.390625 0.19549399614334106 0.1679689884185791 0.19331401586532593
0 0.22167998552322388 0.1962209939956665 0.16992199420928955 0.19476699829101562
0 0.06835925579071045 0.19476699829101562 0.1367185115814209 0.19767402112483978
0 0.5576170086860657 0.4186049699783325 0.171875 0.2499999701976776
0 0.3876950144767761 0.41933101415634155 0.1679689884185791 0.24854698777198792
0 0.22070300579071045 0.41933101415634155 0.16601598262786865 0.24854698777198792
0 0.06884801387786865 0.41933101415634155 0.13769495487213135 0.24854698777198792
4 0.0429689884185791 0.42223799228668213 0.021484017372131348 0.23691901564598083
