0 0.5282310247421265 0.41713255643844604 0.11937681585550308 0.0953856110572815
0 0.41619834303855896 0.391574501991272 0.13182280957698822 0.11388402432203293
0 0.2900184094905853 0.35264691710472107 0.15260370075702667 0.11493655294179916
0 0.5211682915687561 0.5017319321632385 0.1249835416674614 0.09924277663230896
0 0.4021637737751007 0.4685910940170288 0.13058942556381226 0.10310095548629761
0 0.26893916726112366 0.445574551820755 0.14139103889465332 0.10722126066684723
0 0.5087032914161682 0.5878661870956421 0.12061013281345367 0.1061687022447586
0 0.3916804790496826 0.5602479577064514 0.13100048899650574 0.10669496655464172
0 0.2608475685119629 0.5391610264778137 0.14576438069343567 0.10029532760381699
0 0.4966502785682678 0.6704064607620239 0.12333916127681732 0.08486569672822952
0 0.3809916377067566 0.6537018418312073 0.13100048899650574 0.10669493675231934
0 0.252961665391922 0.6309494972229004 0.16258305311203003 0.11186882853507996
0 0.492390513420105 0.7533403635025024 0.12333916127681732 0.08486569672822952
0 0.3715360462665558 0.7363736629486084 0.12853385508060455 0.0851287990808487
0 0.2372836321592331 0.7223432660102844 0.1501370519399643 0.09337035566568375
