0 0.2539060115814209 0.3249630033969879 0.09960901737213135 0.10635203123092651
0 0.2524409890174866 0.43722298741340637 0.09863299131393433 0.12703102827072144
0 0.2529299855232239 0.5465289950370789 0.09570300579071045 0.0945349931716919
0 0.3486329913139343 0.3205319941043854 0.09960901737213135 0.10339701175689697
0 0.3510740101337433 0.4342690110206604 0.09667998552322388 0.11816799640655518
0 0.35009801387786865 0.5435749888420105 0.09863299131393433 0.10339701175689697
0 0.4521479606628418 0.3190549910068512 0.09960898756980896 0.10339701175689697
0 0.4506840109825134 0.43205299973487854 0.09863302111625671 0.12555402517318726
0 0.4501950144767761 0.5428360104560852 0.09960901737213135 0.10487401485443115
0 0.5517579913139343 0.3197929859161377 0.0976560115814209 0.10487401485443115
0 0.5498049855232239 0.4335300028324127 0.09960901737213135 0.12555402517318726
0 0.5512700080871582 0.5450519919395447 0.10449197888374329 0.10635197162628174
0 0.6489260196685791 0.317577987909317 0.09668004512786865 0.10635203123092651
0 0.7490230202674866 0.3197929859161377 0.0976560115814209 0.11078298091888428
0 0.6508790254592896 0.4357460141181946 0.09668004512786865 0.12703096866607666
0 0.7451170086860657 0.43943899869918823 0.09960901737213135 0.12259998917579651
0 0.6503909826278687 0.5428360104560852 0.09375 0.10192000865936279
0 0.7490230202674866 0.548005998134613 0.1015620231628418 0.0945349931716919
