0 0.046875 0.28527599573135376 0.09179699420928955 0.4478529691696167
0 0.14257800579071045 0.2829749882221222 0.0976560041308403 0.4524540305137634
0 0.24316400289535522 0.2860429883003235 0.1015620082616806 0.45858895778656006
0 0.3427729904651642 0.2898769974708557 0.0976560115814209 0.4509199857711792
0 0.4414060115814209 0.2921779751777649 0.09960901737213135 0.45552095770835876
0 0.5419920086860657 0.29064399003982544 0.1015620231628418 0.45858895778656006
0 0.6416019797325134 0.29141101241111755 0.0976560115814209 0.4601230025291443
0 0.7661129832267761 0.30598199367523193 0.02441394329071045 0.1947849988937378
0 0.8569340109825134 0.30368098616600037 0.02441394329071045 0.18711698055267334
0 0.9477540254592896 0.30674800276756287 0.030272960662841797 0.19938701391220093
