4 0.9570310115814209 0.27086400985717773 0.08398401737213135 0.5387990474700928
4 0.6679689884185791 0.2723280191421509 0.09179699420928955 0.5417280197143555
4 0.38037097454071045 0.2723280191421509 0.0771479606628418 0.5417280197143555
0 0.8149410486221313 0.1676429808139801 0.20019501447677612 0.18887297809123993
0 0.8154299855232239 0.33967798948287964 0.20117199420928955 0.15519797801971436
0 0.5249019861221313 0.14787699282169342 0.2197270393371582 0.18740800023078918
0 0.5258790254592896 0.32576900720596313 0.21191400289535522 0.17130301892757416
0 0.3125 0.14348499476909637 0.0742189884185791 0.19033700227737427
0 0.3120120167732239 0.3221080005168915 0.07128894329071045 0.17569500207901
1 0.7924799919128418 0.46339699625968933 0.08691400289535522 0.0717419981956482
1 0.50341796875 0.46559301018714905 0.08886700868606567 0.07906299829483032
