0 0.6889649629592896 0.3709680140018463 0.10839802026748657 0.09384196996688843
0 0.5756840109825134 0.37243399024009705 0.11816394329071045 0.09090900421142578
0 0.4555659890174866 0.3746330142021179 0.12206995487213135 0.09530800580978394
0 0.08154302835464478 0.14882700145244598 0.0458979606628418 0.10997100919485092
0 0.07861298322677612 0.30571800470352173 0.04980504512786865 0.10703802108764648
0 0.2631840109825134 0.3387100100517273 0.0478520393371582 0.11436998844146729
0 0.9389649629592896 0.5271260142326355 0.12011700868606567 0.16568899154663086
0 0.8115229606628418 0.5205280184745789 0.13281196355819702 0.1788860261440277
0 0.6762700080871582 0.5271260142326355 0.1357419490814209 0.162757009267807
0 0.5415040254592896 0.5271260142326355 0.13378900289535522 0.162757009267807
0 0.4077150225639343 0.5300589799880981 0.13378894329071045 0.16568899154663086
0 0.2744140028953552 0.5300589799880981 0.1328120231628418 0.16568899154663086
0 0.14209002256393433 0.535190999507904 0.13183605670928955 0.15542498230934143
0 0.9389649629592896 0.695747971534729 0.11621099710464478 0.17741894721984863
0 0.8120120167732239 0.695015013217926 0.13769495487213135 0.1788860559463501
0 0.7119140028953552 0.7008799910545349 0.06835901737213135 0.18181800842285156
0 0.6079100370407104 0.6414960026741028 0.13574200868606567 0.06598198413848877
0 0.4702150225639343 0.6414960026741028 0.13378894329071045 0.06598198413848877
0 0.33740198612213135 0.695747971534729 0.1337890625 0.17741894721984863
0 0.20263701677322388 0.6986799836158752 0.1298830509185791 0.17155396938323975
4 0.078125 0.7038120031356812 0.0273439884185791 0.17595303058624268
2 0.4033200144767761 0.7727270126342773 0.025390982627868652 0.11143696308135986
2 0.3798829913139343 0.7734599709510803 0.021484017372131348 0.09530794620513916
2 0.2690430283546448 0.7631959915161133 0.028319954872131348 0.04838705062866211
2 0.50341796875 0.8079180121421814 0.040039002895355225 0.14955997467041016
2 0.6611329913139343 0.8277130126953125 0.0273439884185791 0.1627570390701294
2 0.7802729606628418 0.7521989941596985 0.03906196355819702 0.0938420295715332
2 0.7973629832267761 0.7448679804801941 0.018555045127868652 0.0703810453414917
2 0.8115230202674866 0.7873899936676025 0.0351560115814209 0.11143696308135986
2 0.8989260196685791 0.7998530268669128 0.040039002895355225 0.08944296836853027
2 0.9370119571685791 0.8115839958190918 0.03222697973251343 0.10703802108764648
