0 0.20446239411830902 0.6105106472969055 0.27373379468917847 0.23774079978466034
0 0.5294783115386963 0.5182010531425476 0.25725919008255005 0.2908693552017212
0 0.8566391468048096 0.49140867590904236 0.27382853627204895 0.22792470455169678
0 0.1435173898935318 0.8239375352859497 0.11997445672750473 0.22179177403450012
0 0.31912165880203247 0.7862122654914856 0.08389346301555634 0.20243924856185913
0 0.24096637964248657 0.8029184341430664 0.10636445879936218 0.21083280444145203
0 0.7865265607833862 0.701469361782074 0.10456695407629013 0.23297542333602905
0 0.9430429935455322 0.675617516040802 0.11391401290893555 0.23132504522800446
1 0.4840202033519745 0.7548243999481201 0.1070270836353302 0.19690728187561035
1 0.6102847456932068 0.7371402978897095 0.10681429505348206 0.20529676973819733
