0 0.6597220301628113 0.16396600008010864 0.10790598392486572 0.1734989881515503
0 0.5405980348587036 0.20162099599838257 0.1324790120124817 0.18207800388336182
0 0.42093998193740845 0.23641599714756012 0.11324799060821533 0.15252599120140076
0 0.3199790120124817 0.261678010225296 0.09081196784973145 0.15347999334335327
0 0.25106799602508545 0.2807439863681793 0.05341899394989014 0.13441401720046997
0 0.6618590354919434 0.31982800364494324 0.10363203287124634 0.16873198747634888
0 0.48076897859573364 0.36129599809646606 0.09829103946685791 0.16015303134918213
0 0.37606799602508545 0.3822689950466156 0.11111104488372803 0.15252602100372314
0 0.2804489731788635 0.39942800998687744 0.08012795448303223 0.13727402687072754
0 0.6581200361251831 0.4795039892196655 0.11538499593734741 0.16777896881103516
0 0.5373929738998413 0.49666300415992737 0.11538499593734741 0.16015297174453735
0 0.4225429892539978 0.5095329880714417 0.11431598663330078 0.1477600336074829
0 0.19871801137924194 0.5381320118904114 0.04059803485870361 0.12297400832176208
0 0.6292740106582642 0.63441401720047 0.1581200361251831 0.1515730619430542
0 0.41666698455810547 0.6491900086402893 0.10897397994995117 0.1353670358657837
0 0.2895299792289734 0.6606289744377136 0.13461506366729736 0.13346004486083984
0 0.5069440007209778 0.7993329763412476 0.17200899124145508 0.10009503364562988
5 0.3408120274543762 0.8674929738044739 0.2606840133666992 0.09151601791381836
5 0.9257479906082153 0.8360339999198914 0.12072598934173584 0.0934220552444458
0 0.23130297660827637 0.8126789927482605 0.05235004425048828 0.0962820053100586
