0 0.7611870765686035 0.9171735048294067 0.09681180119514465 0.1425669640302658
0 0.6762553453445435 0.9351636171340942 0.09763628989458084 0.1296727955341339
0 0.7455167770385742 0.7878658175468445 0.09727441519498825 0.16492030024528503
0 0.6609978675842285 0.8108769655227661 0.1017780676484108 0.17155195772647858
0 0.591098427772522 0.9474977254867554 0.09605789184570312 0.10500457882881165
0 0.5083784461021423 0.959715723991394 0.09155528992414474 0.08056855946779251
0 0.42731228470802307 0.9758642315864563 0.09049984812736511 0.048271581530570984
0 0.3465431034564972 0.9867904186248779 0.09214805066585541 0.02641918696463108
0 0.5813179016113281 0.8371223211288452 0.09794825315475464 0.1623002290725708
0 0.5021666884422302 0.8683591485023499 0.10327545553445816 0.16773660480976105
0 0.4219242334365845 0.8940082788467407 0.1028231680393219 0.16345879435539246
0 0.3447924852371216 0.9159936308860779 0.10364676266908646 0.16226442158222198
0 0.2782004475593567 0.9322695136070251 0.071694515645504 0.1354609578847885
0 0.730403482913971 0.6496552228927612 0.10094313323497772 0.15467044711112976
0 0.6489255428314209 0.677790641784668 0.09411843866109848 0.15304850041866302
0 0.5707487463951111 0.7087959051132202 0.09464152157306671 0.14900261163711548
0 0.492717981338501 0.731725811958313 0.0956159383058548 0.14923419058322906
0 0.718487560749054 0.5274959802627563 0.09043938666582108 0.1452227383852005
0 0.6394814252853394 0.5506576299667358 0.09621897339820862 0.15493781864643097
0 0.5602548718452454 0.581181526184082 0.09329478442668915 0.1542428582906723
0 0.48271143436431885 0.6039965748786926 0.09719439595937729 0.15516963601112366
0 0.4110218584537506 0.6349218487739563 0.09119323641061783 0.15235333144664764
0 0.3355337381362915 0.6440907120704651 0.08525367081165314 0.12313789874315262
0 0.27280059456825256 0.6604614853858948 0.06327182054519653 0.10401086509227753
