0 0.2295147031545639 0.3486178517341614 0.12884287536144257 0.1888677179813385
0 0.36902639269828796 0.3243829011917114 0.18357792496681213 0.1898387372493744
0 0.5104926824569702 0.3056546151638031 0.1291828751564026 0.1803896278142929
0 0.2407240867614746 0.5205977559089661 0.13039875030517578 0.20905955135822296
0 0.38438016176223755 0.49052733182907104 0.18268127739429474 0.1911056786775589
0 0.5263508558273315 0.4717114269733429 0.12659859657287598 0.1984386146068573
0 0.5461715459823608 0.6560797095298767 0.11450424790382385 0.20914480090141296
0 0.2450467348098755 0.7025427222251892 0.1108151376247406 0.19996584951877594
0 0.3573582172393799 0.6896106600761414 0.08966914564371109 0.18348635733127594
0 0.438556969165802 0.676966667175293 0.09694255888462067 0.18759530782699585
0 0.009877688251435757 0.31705573201179504 0.019755376502871513 0.20502416789531708
0 0.06278935819864273 0.30450141429901123 0.08920297026634216 0.21613317728042603
0 0.039365995675325394 0.5279065370559692 0.07873199135065079 0.21740011870861053
0 0.10083422809839249 0.5200513601303101 0.04443679749965668 0.20266500115394592
0 0.09328796714544296 0.713558554649353 0.08666100353002548 0.157350555062294
0 0.027583979070186615 0.735203206539154 0.0438951700925827 0.1698421984910965
0 0.0006460575386881828 0.7444772720336914 0.0012921150773763657 0.1744769662618637
0 0.6422109603881836 0.20677214860916138 0.04711800441145897 0.21166788041591644
0 0.7041605710983276 0.19601072371006012 0.08775071054697037 0.21018917858600616
0 0.7709235548973083 0.18148957192897797 0.046451251953840256 0.20301494002342224
0 0.8335433602333069 0.17280466854572296 0.082826167345047 0.21075640618801117
0 0.8967218995094299 0.16475233435630798 0.04577797278761864 0.20716698467731476
0 0.9390842914581299 0.15812410414218903 0.041637323796749115 0.20502406358718872
0 0.6804823875427246 0.4186285138130188 0.08830635249614716 0.21740014851093292
0 0.7465720772743225 0.40860921144485474 0.053273752331733704 0.21416088938713074
0 0.8103694915771484 0.3953348398208618 0.08819523453712463 0.21595808863639832
0 0.8713669180870056 0.3854694664478302 0.04656235873699188 0.2044568806886673
0 0.933986246585846 0.37678366899490356 0.08472898602485657 0.2096642404794693
0 0.6744877099990845 0.6389051675796509 0.044547874480485916 0.20410694181919098
0 0.7394039630889893 0.6268976926803589 0.08595845103263855 0.21272321045398712
0 0.8060526847839355 0.6175129413604736 0.05115460231900215 0.1995628923177719
0 0.8705756664276123 0.6070351600646973 0.08998840302228928 0.21342326700687408
0 0.9350430965423584 0.595836341381073 0.0470145158469677 0.19742098450660706
0 0.9721425771713257 0.5937765836715698 0.04286680743098259 0.20808403193950653
