1 0.5583342909812927 0.42034322023391724 0.0503101572394371 0.12400828301906586
1 0.0507047213613987 0.4990057349205017 0.1014094427227974 0.13169004023075104
0 0.5251597166061401 0.2757149040699005 0.1122300922870636 0.18380826711654663
0 0.48470452427864075 0.4278634488582611 0.11124953627586365 0.13104991614818573
0 0.3829761743545532 0.44078564643859863 0.11188603192567825 0.12664632499217987
0 0.28277522325515747 0.4611540138721466 0.10736557096242905 0.1304095834493637
0 0.17135374248027802 0.482601523399353 0.13088801503181458 0.1372925043106079
0 0.42268359661102295 0.2918398082256317 0.11569906771183014 0.1918947398662567
0 0.3207481801509857 0.3086451292037964 0.11375661194324493 0.19157451391220093
0 0.2202681601047516 0.3252105116844177 0.11278627067804337 0.19141453504562378
0 0.12070468813180923 0.34085413813591003 0.11170380562543869 0.18973252177238464
0 0.03748776391148567 0.3388460874557495 0.07497552782297134 0.15610796213150024
0 0.5363492369651794 0.11299633979797363 0.10586900264024734 0.13617385923862457
0 0.5284924507141113 0.030377162620425224 0.10400889068841934 0.06075432524085045
0 0.42844295501708984 0.0381791815161705 0.11166352033615112 0.076358363032341
0 0.43555188179016113 0.13192279636859894 0.11008575558662415 0.14137756824493408
0 0.3355579972267151 0.14840804040431976 0.10986324399709702 0.13833487033843994
0 0.32546526193618774 0.04498102888464928 0.10941829532384872 0.08996205776929855
0 0.22515302896499634 0.05338342487812042 0.11199724674224854 0.10676684975624084
0 0.23442603647708893 0.16277213394641876 0.1080329492688179 0.13953563570976257
0 0.12683802843093872 0.061971116811037064 0.1025925874710083 0.11759961396455765
0 0.13599969446659088 0.1805381178855896 0.10900423675775528 0.13969576358795166
0 0.04503147304058075 0.19398167729377747 0.0900629460811615 0.13361135125160217
0 0.04117858409881592 0.07433314621448517 0.08235716819763184 0.13497312366962433
0 0.6430525779724121 0.37635621428489685 0.052625622600317 0.195020854473114
0 0.6817033886909485 0.3607480525970459 0.0500979945063591 0.17356501519680023
0 0.6630358695983887 0.13906359672546387 0.04823687672615051 0.16123615205287933
0 0.6220089793205261 0.12889336049556732 0.049955952912569046 0.1585145890712738
