0 0.17044221237301826 0.12756222486495972 0.21919532865285873 0.09023353457450867
0 0.21970918774604797 0.2781079337000847 0.2412736415863037 0.12678875029087067
0 0.2738453671336174 0.44353242218494415 0.30026330053806305 0.13703593611717224
0 0.33102765679359436 0.6140148043632507 0.31411170959472656 0.1407175064086914
0 0.38974685221910477 0.7934436798095703 0.3093743175268173 0.14169490337371826
0 0.44351887702941895 0.9488239884376526 0.31296586990356445 0.10235202312469482
0 0.446408286690712 0.09109173901379108 0.22945305705070496 0.09839394316077232
0 0.5015579015016556 0.24261486530303955 0.23445400595664978 0.12913155555725098
0 0.5616556406021118 0.40075424313545227 0.17489230632781982 0.11713379621505737
0 0.6946170330047607 0.5647997707128525 0.31562137603759766 0.13760235905647278
0 0.7506816387176514 0.7446147203445435 0.3226507902145386 0.14362597465515137
0 0.8031259775161743 0.9176203012466431 0.31182003021240234 0.13371491432189941
0 0.7670451402664185 0.05173468962311745 0.24179279804229736 0.1034693792462349
0 0.7950115203857422 0.13208109512925148 0.23554480075836182 0.10928308218717575
0 0.8165209293365479 0.21055835485458374 0.24293828010559082 0.10869109630584717
0 0.8440963625907898 0.286320298910141 0.22643375396728516 0.10462415218353271
0 0.882969856262207 0.36685696244239807 0.21201157569885254 0.09919178485870361
0 0.9034538865089417 0.4434933066368103 0.1930922269821167 0.10192078351974487
0 0.9115011096000671 0.522652804851532 0.17699778079986572 0.1139686107635498
0 0.9255364537239075 0.6040520668029785 0.14892709255218506 0.10521531105041504
0 0.9429821968078613 0.6848729252815247 0.11403560638427734 0.10230684280395508
0 0.9533982872962952 0.7570306658744812 0.09320342540740967 0.10230684280395508
0 0.9643871784210205 0.836679220199585 0.07122564315795898 0.1118316650390625
0 0.9802187085151672 0.9133155941963196 0.03956258296966553 0.10405659675598145
