0 0.36149948835372925 0.11553630232810974 0.13815340399742126 0.10306811332702637
0 0.1586509644985199 0.11327658593654633 0.08695884793996811 0.10701253265142441
0 0.6933304667472839 0.12397164851427078 0.10470283776521683 0.11371563374996185
0 0.8567860722541809 0.1275177299976349 0.10863047093153 0.10971171408891678
0 0.959330677986145 0.12831634283065796 0.08133867383003235 0.11368836462497711
0 0.2287379950284958 0.4006683826446533 0.21698850393295288 0.12321159988641739
0 0.639339804649353 0.41187477111816406 0.15599581599235535 0.1445150524377823
0 0.8776328563690186 0.4161835312843323 0.23081250488758087 0.13659147918224335
0 0.6965685486793518 0.7192947864532471 0.1421717256307602 0.13113512098789215
0 0.8314802050590515 0.7181286215782166 0.12839314341545105 0.13378967344760895
0 0.9476549029350281 0.7162704467773438 0.10469014942646027 0.12975111603736877
0 0.3174648880958557 0.7128044366836548 0.20717523992061615 0.13522584736347198
