0 0.7389564514160156 0.14048217236995697 0.20790427923202515 0.23406393826007843
0 0.58169025182724 0.07487794756889343 0.12371058017015457 0.12152601778507233
0 0.39958807826042175 0.11840028315782547 0.24643339216709137 0.23680056631565094
0 0.24187593162059784 0.10899156332015991 0.08263804763555527 0.21798312664031982
0 0.0683034136891365 0.10082732141017914 0.0890866294503212 0.20165464282035828
0 0.059268515557050705 0.3075138330459595 0.08622754365205765 0.22450824081897736
0 0.05232490971684456 0.4933549165725708 0.08333876729011536 0.16837561130523682
0 0.6928462386131287 0.3594895005226135 0.12548749148845673 0.22612053155899048
0 0.5722343921661377 0.34631896018981934 0.1296936571598053 0.2396910935640335
0 0.45001184940338135 0.3389398455619812 0.13027030229568481 0.22943797707557678
0 0.3288038372993469 0.32942092418670654 0.12579581141471863 0.23497126996517181
0 0.23416735231876373 0.3249467611312866 0.07879158109426498 0.22539515793323517
0 0.6862682700157166 0.5483182668685913 0.12353462725877762 0.1700614094734192
0 0.5655792951583862 0.5373611450195312 0.12925294041633606 0.17345331609249115
0 0.4443959593772888 0.5271046757698059 0.12806054949760437 0.16600307822227478
0 0.3226935863494873 0.518286406993866 0.12613734602928162 0.16438117623329163
0 0.22451896965503693 0.5076184868812561 0.08297954499721527 0.15804897248744965
4 0.14505364000797272 0.29259389638900757 0.12278279662132263 0.5851877927780151
4 0.8783642053604126 0.3415152132511139 0.1162823885679245 0.6049647927284241
