0 0.9172988533973694 0.08587238006293774 0.13130605220794678 0.11231091991066933
0 0.7867915034294128 0.0662879403680563 0.13151276111602783 0.11519311740994453
0 0.9018977880477905 0.26702093333005905 0.14635515213012695 0.28277768194675446
0 0.7759957313537598 0.2503659203648567 0.14223802089691162 0.27784202992916107
0 0.8884667754173279 0.48783738911151886 0.13518965244293213 0.19268497824668884
0 0.7570598125457764 0.46737924218177795 0.14290738105773926 0.195354163646698
0 0.6048234105110168 0.04288743808865547 0.12994050979614258 0.08577487617731094
0 0.4784964621067047 0.03571656718850136 0.13320976495742798 0.07143313437700272
0 0.5942333936691284 0.21377302706241608 0.14803087711334229 0.2930164635181427
0 0.4662727862596512 0.1989719718694687 0.14530059695243835 0.2811836898326874
0 0.579271137714386 0.43579982221126556 0.14861810207366943 0.19627490639686584
0 0.45008933544158936 0.4178863614797592 0.1339273452758789 0.18820956349372864
0 0.2957417368888855 0.020907055586576462 0.13130617141723633 0.041814111173152924
0 0.17052212357521057 0.011498555541038513 0.13045719265937805 0.022997111082077026
0 0.28467604517936707 0.1667775809764862 0.14190685749053955 0.2863333225250244
0 0.15835005044937134 0.14932554960250854 0.14815545082092285 0.28164398670196533
0 0.26849260926246643 0.38569292426109314 0.1400514841079712 0.1948937177658081
0 0.14195991680026054 0.3711221516132355 0.13930688053369522 0.19762158393859863
