1 0.4754105806350708 0.4188867211341858 0.3296601474285126 0.592194676399231
0 0.41564199328422546 0.4412190318107605 0.16731448471546173 0.48086783289909363
0 0.5389813780784607 0.4014165699481964 0.16361741721630096 0.4685230851173401
0 0.09140707552433014 0.5044819712638855 0.18281415104866028 0.6283243298530579
0 0.25797343254089355 0.563869297504425 0.1884232759475708 0.3671678602695465
0 0.7652128338813782 0.28880575299263 0.35194334387779236 0.57761150598526
0 0.32283976674079895 0.4140196442604065 0.12600930035114288 0.5836347937583923
0 0.1494445651769638 0.4621604382991791 0.126002699136734 0.571138858795166
0 0.6153814792633057 0.3014006018638611 0.12285973876714706 0.5811911225318909
0 0.9286454916000366 0.19928424060344696 0.13573485612869263 0.3985684812068939
