0 0.894257128238678 0.6240502595901489 0.06985586881637573 0.2511782646179199
0 0.838241457939148 0.6168904900550842 0.0752401053905487 0.2490449994802475
0 0.7625532150268555 0.60137939453125 0.08621471375226974 0.2611306607723236
0 0.6889357566833496 0.5967980623245239 0.09304775297641754 0.2666395604610443
0 0.6143339276313782 0.5791819095611572 0.09128890931606293 0.2544976770877838
0 0.5393187403678894 0.5675640106201172 0.09222117811441422 0.2546420693397522
0 0.46321630477905273 0.5580510497093201 0.0934624895453453 0.25928494334220886
0 0.38778620958328247 0.5456111431121826 0.0917021855711937 0.2604959011077881
0 0.31608423590660095 0.5337485671043396 0.0860079973936081 0.25813043117523193
0 0.24288105964660645 0.5231691002845764 0.09429149329662323 0.25792980194091797
0 0.129960298538208 0.43974700570106506 0.15587858855724335 0.4024849534034729
