0 0.6225245594978333 0.22562749683856964 0.15153130888938904 0.22488126158714294
0 0.4840225577354431 0.23991547524929047 0.1590874344110489 0.24005286395549774
0 0.34339627623558044 0.26940271258354187 0.15486274659633636 0.22661015391349792
0 0.7107671499252319 0.23065225780010223 0.05861011520028114 0.18117757141590118
0 0.7281822562217712 0.3944151997566223 0.054206732660532 0.16539153456687927
0 0.6388022303581238 0.40679532289505005 0.1499357521533966 0.18298499286174774
0 0.49772924184799194 0.4304256737232208 0.15651030838489532 0.185270756483078
0 0.3553946316242218 0.4536783993244171 0.15227831900119781 0.1822313815355301
0 0.7427189350128174 0.552737832069397 0.05159005895256996 0.173035129904747
0 0.6530225872993469 0.566358745098114 0.1531715840101242 0.1939462274312973
0 0.5098341107368469 0.5891658663749695 0.15857742726802826 0.19140590727329254
0 0.36718428134918213 0.6136602163314819 0.1520933210849762 0.19029252231121063
0 0.7602706551551819 0.7129167318344116 0.06239441782236099 0.17835891246795654
0 0.6654375195503235 0.7345408797264099 0.15767163038253784 0.20050014555454254
0 0.522560715675354 0.7614482045173645 0.1548825204372406 0.19539687037467957
0 0.3794158101081848 0.7848401069641113 0.15713562071323395 0.19347098469734192
0 0.7772728204727173 0.887431263923645 0.055904071778059006 0.18765000998973846
0 0.6810451745986938 0.9036286473274231 0.15758231282234192 0.19274266064167023
0 0.5368194580078125 0.9166008234024048 0.15749293565750122 0.16679829359054565
0 0.3889497220516205 0.9289871454238892 0.16326241195201874 0.14202573895454407
