0 0.7313310503959656 0.17477013170719147 0.3001181483268738 0.2719053328037262
0 0.5063366293907166 0.19240613281726837 0.3133161664009094 0.2663252651691437
0 0.26657071709632874 0.21964439749717712 0.30955758690834045 0.27305448055267334
0 0.09740211069583893 0.2410694658756256 0.19480422139167786 0.2907266616821289
0 0.8193678259849548 0.4157310724258423 0.2988508343696594 0.26815760135650635
0 0.5934451222419739 0.4403085708618164 0.3164845407009125 0.27569448947906494
0 0.3590335249900818 0.46884599328041077 0.3196306526660919 0.2760774791240692
0 0.14143162965774536 0.4966588318347931 0.2828632593154907 0.2817404568195343
0 0.20420271158218384 0.7569327354431152 0.3423115313053131 0.28961896896362305
0 0.452445924282074 0.7208584547042847 0.3328721523284912 0.2884698212146759
0 0.6770906448364258 0.6876571178436279 0.31145861744880676 0.2786760628223419
1 0.884660542011261 0.6593111157417297 0.23067890107631683 0.26062077283859253
