0 0.7034043669700623 0.2833566963672638 0.13421350717544556 0.12338107079267502
0 0.7434623837471008 0.4921569526195526 0.1413162648677826 0.16938573122024536
0 0.7701611518859863 0.6513440608978271 0.12660717964172363 0.11654245108366013
0 0.871925413608551 0.46935808658599854 0.08070109039545059 0.14231453835964203
0 0.5643244981765747 0.5245527625083923 0.11971067637205124 0.18737763166427612
0 0.5321118235588074 0.33974018692970276 0.11508126556873322 0.08721640706062317
0 0.38781046867370605 0.4008103609085083 0.10772209614515305 0.0765356570482254
0 0.35155510902404785 0.6102570295333862 0.11235357820987701 0.17145025730133057
0 0.6093021035194397 0.6955013275146484 0.07777069509029388 0.09921503812074661
5 0.5785982012748718 0.7986537218093872 0.17935048043727875 0.19308507442474365
5 0.29269707202911377 0.9073478579521179 0.17787717282772064 0.18530432879924774
