0 0.49371832609176636 0.20313215255737305 0.09130759537220001 0.1773870289325714
0 0.5048627853393555 0.3697715103626251 0.10067606717348099 0.17247559130191803
0 0.516520619392395 0.5222560167312622 0.09854254126548767 0.17386019229888916
0 0.5254462957382202 0.6967269778251648 0.10555664449930191 0.18054455518722534
0 0.5378786325454712 0.8868172764778137 0.11135778576135635 0.20056235790252686
0 0.4428856074810028 0.9022433757781982 0.09809901565313339 0.18566259741783142
0 0.433183878660202 0.7161966562271118 0.09123779088258743 0.20969678461551666
0 0.4258449077606201 0.5486031770706177 0.09576117992401123 0.1719440072774887
0 0.41956278681755066 0.3971647024154663 0.09246840327978134 0.1624314934015274
0 0.6708332300186157 0.6373466849327087 0.0023719938471913338 0.0061811828054487705
0 0.413392037153244 0.24490097165107727 0.08960183709859848 0.15781207382678986
0 0.3461928367614746 0.5813507437705994 0.08383161574602127 0.1992005705833435
0 0.35046908259391785 0.7473772168159485 0.08447932451963425 0.21112002432346344
0 0.35508665442466736 0.8981814980506897 0.0846870094537735 0.15728053450584412
0 0.28332868218421936 0.9162465929985046 0.0676913633942604 0.11881668120622635
0 0.2800237834453583 0.7810271978378296 0.07434388250112534 0.20032960176467896
0 0.27712100744247437 0.6238004565238953 0.07224466651678085 0.1941768229007721
0 0.2752422094345093 0.47297072410583496 0.07403714209794998 0.19060118496418
0 0.33829665184020996 0.2831219732761383 0.0750783383846283 0.18909746408462524
0 0.2731666564941406 0.3289406895637512 0.06919047236442566 0.1922311782836914
0 0.2210904061794281 0.384736567735672 0.05521463602781296 0.1718679815530777
0 0.18137869238853455 0.4286203682422638 0.043133147060871124 0.16840609908103943
0 0.22146852314472198 0.5183753967285156 0.057075075805187225 0.1790703982114792
0 0.1835823655128479 0.5593493580818176 0.046768251806497574 0.16287456452846527
0 0.1805906593799591 0.6990461349487305 0.044276587665081024 0.1701461672782898
0 0.22159917652606964 0.6615308523178101 0.058166392147541046 0.17918843030929565
0 0.2242378145456314 0.8103802800178528 0.06045307591557503 0.1912861317396164
0 0.18072034418582916 0.8422017097473145 0.043559182435274124 0.1819179654121399
3 0.0820169523358345 0.8037989735603333 0.164033904671669 0.3818533420562744
