0 0.4230276346206665 0.3733682334423065 0.14800810813903809 0.3483673930168152
0 0.13436155021190643 0.26083511114120483 0.1436375379562378 0.41132959723472595
0 0.7824187874794006 0.5140952467918396 0.11625951528549194 0.2574566900730133
0 0.6905672550201416 0.47078239917755127 0.14341922104358673 0.2889627516269684
0 0.5949259996414185 0.4400136470794678 0.12269461899995804 0.30038926005363464
0 0.5045506358146667 0.47285014390945435 0.10580143332481384 0.19344396889209747
1 0.2589888572692871 0.35301679372787476 0.2151654064655304 0.3473247289657593
1 0.9227026104927063 0.5846374034881592 0.08365139365196228 0.17809195816516876
1 0.9694193005561829 0.6071653366088867 0.06116143986582756 0.17010222375392914
0 0.3023691177368164 0.3661777377128601 0.10103775560855865 0.28257277607917786
0 0.2205684334039688 0.3386174440383911 0.10327070206403732 0.2859556972980499
