0 0.307172954082489 0.26089373230934143 0.03469330444931984 0.06206881254911423
0 0.4016658067703247 0.2857586443424225 0.03485102206468582 0.06345589458942413
0 0.49416473507881165 0.31154125928878784 0.03684588894248009 0.0653124675154686
0 0.5645948052406311 0.3298991620540619 0.04210363328456879 0.060595881193876266
0 0.600830078125 0.3373762369155884 0.0420391783118248 0.06394632905721664
0 0.6709447503089905 0.35850828886032104 0.0320039726793766 0.058014530688524246
0 0.7355973124504089 0.37574636936187744 0.030927633866667747 0.05639266222715378
0 0.7645334005355835 0.3788599371910095 0.033654578030109406 0.04900814965367317
0 0.2689543664455414 0.26254555583000183 0.041208285838365555 0.04487744718790054
0 0.20300421118736267 0.24426212906837463 0.02528351917862892 0.0381137914955616
0 0.14588475227355957 0.2417968362569809 0.019529376178979874 0.05415279418230057
0 0.2939431369304657 0.40632954239845276 0.04079471156001091 0.12356461584568024
0 0.1553923785686493 0.36592185497283936 0.04134127497673035 0.10484781861305237
0 0.38515785336494446 0.4267881214618683 0.03444083034992218 0.0990438163280487
0 0.5130845904350281 0.46091198921203613 0.06996188312768936 0.1135096326470375
0 0.6204714179039001 0.4887155592441559 0.07250795513391495 0.12022171169519424
1 0.5643512010574341 0.47330141067504883 0.03259020298719406 0.0945296362042427
