0 0.2824743390083313 0.2255280762910843 0.12120240926742554 0.16320037841796875
0 0.39010852575302124 0.20008458197116852 0.11530929803848267 0.16368448734283447
0 0.49682146310806274 0.18249079585075378 0.12043295055627823 0.16606439650058746
0 0.591074526309967 0.16781017184257507 0.09863396733999252 0.16531077027320862
0 0.2920509874820709 0.36387166380882263 0.12320519238710403 0.16354502737522125
0 0.3985896110534668 0.3440004885196686 0.11866272985935211 0.16875730454921722
0 0.5081544518470764 0.33053064346313477 0.12278448790311813 0.17096473276615143
0 0.6027335524559021 0.31348657608032227 0.09893835335969925 0.15637275576591492
0 0.3032904267311096 0.5173124670982361 0.1226682960987091 0.16944654285907745
0 0.46837761998176575 0.49351930618286133 0.11635549366474152 0.17735062539577484
0 0.5877604484558105 0.46913066506385803 0.14882272481918335 0.1754453331232071
1 0.38508230447769165 0.5055452585220337 0.06416386365890503 0.16687040030956268
0 0.7054939866065979 0.36481973528862 0.0947246104478836 0.72963947057724
0 0.7497813701629639 0.44988545775413513 0.13703583180904388 0.8997709155082703
0 0.8525339961051941 0.459312379360199 0.2263709157705307 0.918624758720398
0 0.9452840089797974 0.4470607340335846 0.10943194478750229 0.8941214680671692
