0 0.15598289668560028 0.20134630799293518 0.31196579337120056 0.40269261598587036
0 0.4356380105018616 0.2654537260532379 0.35942384600639343 0.47000327706336975
0 0.7411373853683472 0.3706570863723755 0.35954606533050537 0.4770238995552063
0 0.1897449642419815 0.013756084255874157 0.2772822678089142 0.027512168511748314
0 0.4723573327064514 0.06664253771305084 0.3227410614490509 0.13328507542610168
0 0.7761208415031433 0.12687724828720093 0.3200249671936035 0.21944397687911987
0 0.12823206186294556 0.5439112782478333 0.2564641237258911 0.46138158440589905
0 0.380942702293396 0.640798032283783 0.3578091263771057 0.47783464193344116
0 0.6849263906478882 0.7424017786979675 0.3629227578639984 0.48095253109931946
0 0.9033876657485962 0.802544116973877 0.18632368743419647 0.3949117362499237
0 0.09890291839838028 0.8006671071052551 0.19780583679676056 0.23107223212718964
0 0.3417520225048065 0.8853367567062378 0.33106034994125366 0.229326531291008
0 0.646652340888977 0.9398579597473145 0.3282221853733063 0.12028412520885468
0 0.8629363775253296 0.990945041179657 0.15402022004127502 0.018109945580363274
