1 0.3159179985523224 0.4655430316925049 0.04980498552322388 0.13636401295661926
0 0.27539101243019104 0.46627599000930786 0.02929699420928955 0.13489699363708496
0 0.359375 0.4582110047340393 0.02929699420928955 0.11876797676086426
0 0.1835940033197403 0.3892959952354431 0.05273398756980896 0.13636398315429688
0 0.2382809966802597 0.3929620087146759 0.05664101243019104 0.12903201580047607
0 0.3198240101337433 0.3643699884414673 0.10644501447677612 0.07184797525405884
0 0.39990198612213135 0.3966279923915863 0.053710997104644775 0.12170100212097168
0 0.4521479904651642 0.394428014755249 0.0507810115814209 0.12610000371932983
0 0.5063480138778687 0.39369499683380127 0.057616978883743286 0.12463301420211792
0 0.5605469942092896 0.3980939984321594 0.05273401737213135 0.11876797676086426
0 0.6137700080871582 0.3966279923915863 0.05566394329071045 0.11876797676086426
0 0.6674799919128418 0.39369499683380127 0.0517580509185791 0.12463301420211792
0 0.7207030057907104 0.39589399099349976 0.0546879768371582 0.12903201580047607
0 0.7670900225639343 0.39956000447273254 0.03808605670928955 0.12170100212097168
0 0.8339840173721313 0.37243399024009705 0.09570300579071045 0.06744903326034546
0 0.8066409826278687 0.43181800842285156 0.03710901737213135 0.054252028465270996
1 0.8540040254592896 0.45894402265548706 0.05371105670928955 0.11437001824378967
0 0.214355006814003 0.15469199419021606 0.047852009534835815 0.30645203590393066
0 0.2880859971046448 0.15689100325107574 0.0546879768371582 0.31084999442100525
0 0.3632810115814209 0.1517600119113922 0.05664098262786865 0.300586998462677
0 0.4375 0.1539590060710907 0.0664060115814209 0.304984986782074
0 0.5078120231628418 0.15469199419021606 0.06445300579071045 0.30645203590393066
0 0.5825200080871582 0.1502929925918579 0.0634770393371582 0.29765403270721436
0 0.6582030057907104 0.16568900644779205 0.05664098262786865 0.32844600081443787
0 0.7319340109825134 0.16202297806739807 0.0576169490814209 0.3211140036582947
