0 0.7541798949241638 0.25067782402038574 0.45445898175239563 0.15211859345436096
0 0.32066968083381653 0.19083605706691742 0.4447385370731354 0.15738560259342194
0 0.138276144862175 0.4344275891780853 0.24080340564250946 0.41948479413986206
0 0.8393846154212952 0.5172498226165771 0.22877244651317596 0.4128160774707794
0 0.6572484970092773 0.3106464147567749 0.28229689598083496 0.07123362272977829
0 0.38267338275909424 0.27797287702560425 0.27912187576293945 0.07860702276229858
0 0.6458498239517212 0.3778200149536133 0.25624963641166687 0.09518942981958389
0 0.3741301894187927 0.33871033787727356 0.24999237060546875 0.08664697408676147
1 0.6187624335289001 0.5550968050956726 0.29988446831703186 0.3284269869327545
1 0.33841249346733093 0.5189919471740723 0.3098606765270233 0.3244858682155609
