2 0.4721679985523224 0.726207971572876 0.06152302026748657 0.3513909578323364
2 0.5351560115814209 0.7401170134544373 0.05664098262786865 0.35578298568725586
2 0.6020510196685791 0.7298679947853088 0.0791020393371582 0.36456799507141113
0 0.29101601243019104 0.3111270070075989 0.1210939884185791 0.1449490189552307
0 0.4223630130290985 0.31185901165008545 0.11621099710464478 0.15226900577545166
0 0.5483400225639343 0.3103950023651123 0.12011697888374329 0.14348500967025757
0 0.6816409826278687 0.3155199885368347 0.1289060115814209 0.14787697792053223
0 0.8198239803314209 0.3133240044116974 0.1259770393371582 0.13762801885604858
0 0.6831049919128418 0.6163979768753052 0.12793004512786865 0.42752599716186523
0 0.8203120231628418 0.6127380132675171 0.125 0.4289900064468384
0 0.4306640028953552 0.6405559778213501 0.1054689884185791 0.43777501583099365
0 0.5634769797325134 0.6478769779205322 0.06835901737213135 0.45241597294807434
0 0.29101601243019104 0.6127380132675171 0.12695300579071045 0.4260610342025757
