0 0.9624019861221313 0.39751100540161133 0.07324200868606567 0.4289900064468384
0 0.8598630428314209 0.39458298683166504 0.15527302026748657 0.39677903056144714
0 0.726561963558197 0.4070280194282532 0.11132800579071045 0.37188902497291565
0 0.6269530057907104 0.40556401014328003 0.1015620231628418 0.3367500305175781
0 0.5390620231628418 0.40849199891090393 0.0820310115814209 0.3133240342140198
0 0.4575200080871582 0.40043899416923523 0.08105504512786865 0.2972180247306824
0 0.38134801387786865 0.41068801283836365 0.0712890625 0.27671998739242554
0 0.31054699420928955 0.40556401014328003 0.0703120231628418 0.2664710283279419
0 0.24414098262786865 0.4092240035533905 0.0625 0.25622302293777466
0 0.17529302835464478 0.40483200550079346 0.07519495487213135 0.247437983751297
0 0.10595697164535522 0.40043899416923523 0.0634770393371582 0.25622302293777466
0 0.03710925579071045 0.39677900075912476 0.0742185115814209 0.24890196323394775
