2 0.3985474656938661 0.5591959327346314 0.1393293704678693 0.39430230162128316
0 0.1043826972810025 0.23459495291756555 0.208765394562005 0.1851066184669026
0 0.10925090252810152 0.36267633992853165 0.21850180505620304 0.18520512743267165
0 0.11162363702481176 0.49565739055891145 0.22324727404962352 0.19203581093175348
0 0.12257219545285872 0.6836704211457043 0.24514439090571744 0.2844437292247043
0 0.3945412220142721 0.15523575059743405 0.33805855734525964 0.20901607801064306
0 0.4116228591210567 0.2820372466386 0.3556764030187644 0.22025288309958027
0 0.4323489920662998 0.4050604497608428 0.37202994499966235 0.22046858591074125
0 0.36139424916191254 0.6085160923615358 0.21302681817335706 0.2662830376307269
0 0.5390761644496072 0.5626028340686331 0.199927595817322 0.24418085278188884
0 0.717177847492325 0.03836497345476815 0.27378184038759934 0.0767299469095363
0 0.7358403257731638 0.09623005068441683 0.30258137520790274 0.19246010136883365
0 0.7652811544382341 0.20199964677328905 0.30451818938138075 0.20970780875889333
0 0.7852956530440651 0.31882348329158444 0.30955230437493897 0.19496566589789646
