0 0.24755898118019104 0.4853590130805969 0.3056640028953552 0.31185901165008545
0 0.12646499276161194 0.15519799292087555 0.08105499297380447 0.12884297966957092
0 0.24853500723838806 0.1566620022058487 0.08691400289535522 0.12884297966957092
0 0.36914101243019104 0.15446600317955017 0.08007800579071045 0.12445098906755447
0 0.6225590109825134 0.1515370011329651 0.08496105670928955 0.12737900018692017
0 0.7451170086860657 0.15300099551677704 0.08398401737213135 0.13030698895454407
0 0.8613280057907104 0.15446600317955017 0.0820310115814209 0.12737900018692017
0 0.6245120167732239 0.5263540148735046 0.0732419490814209 0.3821380138397217
0 0.7006840109825134 0.5263540148735046 0.0673830509185791 0.38506603240966797
0 0.7827150225639343 0.5263540148735046 0.07128894329071045 0.3821380138397217
0 0.8588870167732239 0.5226939916610718 0.07128894329071045 0.38067296147346497
