1 0.5019530057907104 0.3872619867324829 0.2539060115814209 0.5080530643463135
0 0.5620119571685791 0.3894580006599426 0.10058599710464478 0.4480229616165161
0 0.4389650225639343 0.39092200994491577 0.0986330509185791 0.43630996346473694
0 0.9140620231628418 0.3345530033111572 0.16992205381393433 0.5724740028381348
0 0.7294920086860657 0.4560759961605072 0.140625 0.32064396142959595
0 0.20263701677322388 0.3221080005168915 0.26855504512786865 0.5592970252037048
0 0.6464839577674866 0.33382099866867065 0.04101598262786865 0.5710099935531616
0 0.8183590173721313 0.32430499792099 0.0429689884185791 0.5578330755233765
0 0.3520510196685791 0.3199119567871094 0.03808605670928955 0.5695459842681885
0 0.03222697973251343 0.2745240032672882 0.06445300579071045 0.4787699580192566
