0 0.5477069618173859 0.6510116341671158 0.1539960805616709 0.09454543196742882
0 0.39819139933690567 0.6106683166733742 0.1588740854037659 0.09973262543988148
0 0.24660221359283105 0.5725779518647074 0.15730000331688715 0.10852016646402096
0 0.5906005888786603 0.777491831363524 0.05167800997238514 0.16027133340630484
0 0.5583938703283813 0.7609017872012732 0.04964249944830745 0.1650017404232973
0 0.524246811771189 0.7493811898946828 0.05087272683293592 0.1758198744812305
0 0.4851060595900638 0.7338003567109623 0.0606307401896688 0.1861948867910458
0 0.43985715233899847 0.7319637672131677 0.044571491165754984 0.15057486572961554
0 0.4059980702417931 0.721908616796751 0.05790180355299834 0.16974115133789058
0 0.3645912517061698 0.7022681447565817 0.06397087908199389 0.17785820853971257
0 0.31605852031367265 0.6933290540021237 0.06769793168655441 0.18800304048505867
0 0.25830691492560376 0.6855109165413009 0.07702987968311387 0.17200928776923785
0 0.2027656235279997 0.6622539484613438 0.06834938438172428 0.1711012896521089
0 0.1460699892087109 0.6491390673798105 0.08256323953263585 0.190493645358929
2 0.02072905104268622 0.658062708834815 0.04145810208537244 0.08950004509644482
2 0.08074690286179631 0.6839152704064572 0.03219375209153008 0.056815855101150614
2 0.0947104679701394 0.6770505308179111 0.027393088793673193 0.067403939412913
2 0.21257464756302896 0.7079045324766572 0.03196448379251657 0.06988667264379678
2 0.24259174653691162 0.7357626369000274 0.03830204118892569 0.07282119718290747
2 0.30744960927620735 0.7370505487004432 0.038877893566569954 0.07034253056383566
2 0.620346740468056 0.8157191302105264 0.03419276522457293 0.07439487314294257
0 0.6777176359607109 0.7949117008608771 0.06596713236601415 0.1652396181583422
