0 0.36041200160980225 0.15281200408935547 0.12128102779388428 0.30073297023773193
0 0.46681898832321167 0.2102690041065216 0.1006859540939331 0.2836189866065979
0 0.5469110012054443 0.24816599488258362 0.09153294563293457 0.26161402463912964
0 0.36384403705596924 0.40219998359680176 0.11899304389953613 0.2713940143585205
0 0.47482800483703613 0.43398499488830566 0.1075509786605835 0.2567239999771118
0 0.5629289746284485 0.46577000617980957 0.09610998630523682 0.24205398559570312
0 0.36384403705596924 0.6418089866638184 0.1373000144958496 0.27628397941589355
0 0.48512595891952515 0.6625919938087463 0.11441600322723389 0.25916898250579834
0 0.5789470076560974 0.6748170256614685 0.1006859540939331 0.22982895374298096
0 0.3592680096626282 0.8667479753494263 0.15102994441986084 0.1833740472793579
0 0.48855799436569214 0.8643029928207397 0.11670506000518799 0.16381394863128662
0 0.5915330052375793 0.8643029928207397 0.10297501087188721 0.15892398357391357
