0 0.723193883895874 0.3670607805252075 0.17652635276317596 0.143440380692482
0 0.5623037815093994 0.3805219233036041 0.17298291623592377 0.14320789277553558
0 0.40584230422973633 0.3936925232410431 0.17121176421642303 0.14309169352054596
0 0.24458438158035278 0.40354543924331665 0.16397938132286072 0.14118342101573944
0 0.7345501780509949 0.4955965280532837 0.17623133957386017 0.14055447280406952
0 0.5752101540565491 0.5067777633666992 0.16250312328338623 0.1439530998468399
0 0.41675615310668945 0.5178998708724976 0.17800255119800568 0.14067065715789795
0 0.26597803831100464 0.5256131291389465 0.17076919972896576 0.13876231014728546
3 0.5221324563026428 0.7027292847633362 0.6571187376976013 0.30109715461730957
5 0.5818237662315369 0.9116181135177612 0.18198749423027039 0.1452314853668213
