0 0.21875 0.5491669774055481 0.18250000476837158 0.445000022649765
0 0.3737500011920929 0.5400000214576721 0.12250000238418579 0.39333295822143555
0 0.32624998688697815 0.5325000286102295 0.07999998331069946 0.11166700720787048
0 0.41187500953674316 0.524167001247406 0.04874998331069946 0.10500001907348633
0 0.5849999785423279 0.5308330059051514 0.10249996185302734 0.30833303928375244
0 0.47187501192092896 0.524167001247406 0.03874999284744263 0.09833300113677979
0 0.5106250047683716 0.5266669988632202 0.03624999523162842 0.09000003337860107
0 0.5600000023841858 0.5224999785423279 0.059999942779541016 0.09166702628135681
0 0.699999988079071 0.5233330130577087 0.08249998092651367 0.2666670083999634
0 0.7731249928474426 0.5216670036315918 0.07124996185302734 0.2466670274734497
0 0.831250011920929 0.5158330202102661 0.0549999475479126 0.2283329963684082
0 0.8806250095367432 0.5208330154418945 0.04375004768371582 0.21833300590515137
