0 0.6331881344646608 0.6661694637485145 0.22936443940365847 0.24670911391641448
0 0.4449912233039812 0.6836145504511977 0.20959070993359302 0.24249024651593487
0 0.2594896104935531 0.7030786740854846 0.22331756993432406 0.2596829047946676
0 0.09424590372593344 0.7281811861324479 0.1884918074518669 0.2567043713102859
0 0.6148309200933259 0.5140497417780651 0.20943750612084355 0.21695988551245682
0 0.4405046657941709 0.5283737946463484 0.2007326448988272 0.22596681420414005
0 0.2668067834371106 0.5449512483372217 0.20840621943865711 0.2264207444403441
0 0.09557633874775515 0.5639948794713594 0.1911526774955103 0.24384050237547739
0 0.6004034724274703 0.3785324546250898 0.19393910076041776 0.20042380314147562
0 0.4302466519505205 0.3931580784189219 0.18936477209196828 0.201295239934476
0 0.264069688341353 0.40423467365488625 0.20072875213760294 0.20615873866939205
0 0.09970336486104492 0.41968925079298464 0.19940672972208984 0.21520266500462737
0 0.4901080312146322 0.23682750619346515 0.20471844584415577 0.23191650458490332
0 0.3028680429039138 0.25261452152774166 0.22921582692118703 0.24098607898109853
0 0.11563282104476363 0.2660205027112874 0.23126564208952727 0.24871620212779524
4 0.2941793679152841 0.9138612007329086 0.08755722924916315 0.17227759853418279
4 0.017532562868993823 0.9318142957528985 0.035065125737987646 0.13637140849420304
4 0.5253481689576871 0.896131453289996 0.08933003848085874 0.207737093420008
4 0.7408718215940476 0.865283463506294 0.11178206202639984 0.2591911670066275
