0 0.9605920314788818 0.3021277189254761 0.07881589978933334 0.1759885847568512
0 0.8530592322349548 0.2954525947570801 0.13440977036952972 0.17480573058128357
0 0.7181694507598877 0.2945105731487274 0.1372607946395874 0.17337313294410706
0 0.5890038013458252 0.2929060757160187 0.12296240031719208 0.1731955111026764
0 0.4674677848815918 0.2906627953052521 0.1220167726278305 0.17465177178382874
0 0.34497499465942383 0.2891412079334259 0.12487688660621643 0.17468731105327606
0 0.22105218470096588 0.2876018285751343 0.12487688660621643 0.17468731105327606
0 0.10807513445615768 0.2891327738761902 0.10298427939414978 0.18028423190116882
0 0.4129798710346222 0.058128129690885544 0.13397316634655 0.09556861966848373
0 0.28333383798599243 0.05725126340985298 0.12444836646318436 0.09691727161407471
0 0.1694081425666809 0.05803785100579262 0.10445407032966614 0.1010708436369896
0 0.08696755021810532 0.054078422486782074 0.057712893933057785 0.09462131559848785
