0 0.06314933901196736 0.301168209683167 0.10573132397917465 0.45763809451436666
0 0.1634465861725382 0.30407359170465037 0.1119669603991164 0.46260837677379885
0 0.2687439379747088 0.31267203046729264 0.11618963348524189 0.46902210773908615
0 0.37300150418012046 0.32199123218391507 0.1119341635949922 0.46105800096798394
0 0.4762695291277108 0.3297077458200513 0.1140782857920048 0.4658147151636073
0 0.581665268315778 0.3336552002333042 0.11618963348524192 0.4690221077390862
0 0.6859894347378761 0.339874818517507 0.11213091765931893 0.47035899078006865
0 0.8161020937096239 0.3614063770258619 0.029737757050003033 0.1981930368204302
0 0.9112855120006862 0.3640449224118639 0.029573820178690702 0.1904433866410591
0 0.9941831986794709 0.37210858319049733 0.011633602641058172 0.20316428290676108
