0 0.7740836143493652 0.4022071957588196 0.1748872548341751 0.14294348657131195
0 0.6201006174087524 0.38980934023857117 0.17151153087615967 0.14260995388031006
0 0.47033652663230896 0.37782835960388184 0.16982421278953552 0.1424432396888733
0 0.31688836216926575 0.3619622588157654 0.16286110877990723 0.1403888463973999
0 0.7533929347991943 0.5254836678504944 0.17446020245552063 0.1401694118976593
0 0.6014174818992615 0.5111727118492126 0.1616007387638092 0.1429961919784546
0 0.4502863883972168 0.4969441890716553 0.17614756524562836 0.14033611118793488
0 0.3071759343147278 0.4806918501853943 0.16918356716632843 0.13828162848949432
3 0.5039417147636414 0.6881152391433716 0.639156699180603 0.30901527404785156
5 0.5089410543441772 0.8948958516120911 0.18016289174556732 0.14483024179935455
