0 0.3125 0.3407759964466095 0.030273020267486572 0.05783301591873169
0 0.4130859971046448 0.34150800108909607 0.030273020267486572 0.059297025203704834
0 0.5117189884185791 0.3437039852142334 0.032227009534835815 0.0607609748840332
0 0.5866699814796448 0.3440699875354767 0.0385739803314209 0.05417299270629883
0 0.625 0.34224000573158264 0.03808605670928955 0.05783301591873169
0 0.6999509930610657 0.34553399682044983 0.02783203125 0.05417299270629883
0 0.7687990069389343 0.3462660014629364 0.026854991912841797 0.052708983421325684
0 0.7990720272064209 0.34187400341033936 0.0307619571685791 0.04392397403717041
0 0.27319300174713135 0.35248899459838867 0.0395510196685791 0.037334978580474854
0 0.20288099348545074 0.3510249853134155 0.022949010133743286 0.03440701961517334
0 0.14355500042438507 0.3634699881076813 0.014647990465164185 0.053440988063812256
0 0.3159179985523224 0.49341100454330444 0.02929699420928955 0.12298703193664551
0 0.1679690033197403 0.4882870316505432 0.032227009534835815 0.10248902440071106
0 0.41259801387786865 0.49048298597335815 0.025390982627868652 0.09809696674346924
0 0.5488280057907104 0.4919469952583313 0.0625 0.10395300388336182
0 0.6630859971046448 0.4923129975795746 0.06445300579071045 0.11054199934005737
1 0.6032710075378418 0.4912149906158447 0.0239260196685791 0.0937039852142334
