0 0.7428050637245178 0.054044872522354126 0.32293111085891724 0.10808974504470825
0 0.4437789022922516 0.07020511478185654 0.34686562418937683 0.14041022956371307
0 0.14831165969371796 0.08751285821199417 0.2966233193874359 0.17502571642398834
0 0.777292788028717 0.16513735055923462 0.3257003128528595 0.17412051558494568
0 0.4767574071884155 0.19708317518234253 0.3541334271430969 0.18155376613140106
0 0.16859638690948486 0.2330213189125061 0.3371927738189697 0.17222246527671814
0 0.009341473691165447 0.2525326609611511 0.018682947382330894 0.148698091506958
0 0.8092564344406128 0.31462225317955017 0.3367762565612793 0.17810867726802826
0 0.5125048756599426 0.34436842799186707 0.35438138246536255 0.1751958578824997
0 0.20104169845581055 0.3749500513076782 0.3402881920337677 0.17381209135055542
0 0.03301399573683739 0.39288192987442017 0.06602799147367477 0.14989738166332245
0 0.8373309373855591 0.4607636332511902 0.3253381848335266 0.17660102248191833
0 0.5456569194793701 0.4870342016220093 0.3560618758201599 0.17826150357723236
0 0.23431655764579773 0.5200409293174744 0.3398434519767761 0.17202764749526978
0 0.04976268485188484 0.5387271046638489 0.09952536970376968 0.14962060749530792
0 0.8546980023384094 0.6032920479774475 0.29060399532318115 0.16786527633666992
0 0.5833585858345032 0.6286441683769226 0.35180890560150146 0.17958468198776245
0 0.2702876627445221 0.6624298691749573 0.34468933939933777 0.1730833649635315
0 0.0695679634809494 0.6854896545410156 0.11523880064487457 0.153455913066864
0 0.878592848777771 0.7469119429588318 0.24281424283981323 0.16963940858840942
0 0.6182153820991516 0.7781495451927185 0.35680297017097473 0.18123489618301392
0 0.30408161878585815 0.8096034526824951 0.3461717963218689 0.17903119325637817
0 0.10756596177816391 0.8282886743545532 0.12038107216358185 0.1557006686925888
0 0.8985069990158081 0.8578940033912659 0.2029859572649002 0.10970558226108551
0 0.6437082290649414 0.8920179009437561 0.34020134806632996 0.11462663114070892
0 0.33011874556541443 0.9237229824066162 0.3341194987297058 0.11228866875171661
0 0.136618971824646 0.944853663444519 0.10348308831453323 0.08790343999862671
