0 0.22997257113456726 0.10673657804727554 0.2393251359462738 0.2134731560945511
0 0.38925808668136597 0.12422990798950195 0.26513510942459106 0.2484598159790039
0 0.5585145950317383 0.1391708254814148 0.25926870107650757 0.2783416509628296
0 0.7300808429718018 0.1533430814743042 0.2703568637371063 0.3066861629486084
0 0.8864696025848389 0.17649100720882416 0.22706075012683868 0.3211447298526764
0 0.12588542699813843 0.4302569329738617 0.25177085399627686 0.4799986183643341
0 0.2641454339027405 0.46126681566238403 0.3166026473045349 0.48041874170303345
0 0.434954971075058 0.49273404479026794 0.314445436000824 0.4809148609638214
0 0.6094438433647156 0.5228752493858337 0.32396361231803894 0.4853013753890991
0 0.7817947864532471 0.5556190013885498 0.31380173563957214 0.48611879348754883
0 0.6752160787582397 0.8840638995170593 0.2338942587375641 0.23187218606472015
0 0.5025724768638611 0.8553021550178528 0.24036608636379242 0.232474684715271
0 0.3304016590118408 0.8280723690986633 0.23294863104820251 0.23822391033172607
0 0.15467305481433868 0.795712947845459 0.22833120822906494 0.23827356100082397
0 0.04911912605166435 0.7717912793159485 0.0982382521033287 0.2254619300365448
2 0.24541303515434265 0.5276327729225159 0.20503827929496765 0.2775047719478607
