0 0.6494365334510803 0.37303537130355835 0.09760289639234543 0.19266057014465332
0 0.5708193182945251 0.35640570521354675 0.0890265479683876 0.19084644317626953
0 0.4957488179206848 0.343737930059433 0.0875435322523117 0.18433351814746857
0 0.42441079020500183 0.32704269886016846 0.08076705783605576 0.17050272226333618
0 0.33701762557029724 0.3109646141529083 0.11944030970335007 0.17403432726860046
0 0.6351900696754456 0.5370152592658997 0.0953255295753479 0.17668181657791138
0 0.5563743114471436 0.52275151014328 0.08825763314962387 0.17053788900375366
0 0.4824420213699341 0.5022959113121033 0.08555751293897629 0.1606689840555191
0 0.41177883744239807 0.483334481716156 0.08145467191934586 0.16754959523677826
0 0.3256572484970093 0.4578915536403656 0.11647530645132065 0.1610097587108612
0 0.2233886569738388 0.4226108193397522 0.043600574135780334 0.10685237497091293
0 0.24573524296283722 0.2603453993797302 0.023747583851218224 0.09335513412952423
0 0.19816730916500092 0.25510042905807495 0.024964774027466774 0.09671218693256378
0 0.1527571678161621 0.24148069322109222 0.024832317605614662 0.09513390064239502
0 0.10722736269235611 0.23506152629852295 0.02335038036108017 0.08862221986055374
0 0.0670059323310852 0.22896155714988708 0.02427724562585354 0.09966634213924408
0 0.025949688628315926 0.21546012163162231 0.02443511411547661 0.09040097892284393
0 0.16524578630924225 0.40469250082969666 0.026208506897091866 0.08922681957483292
0 0.12024563550949097 0.39196211099624634 0.025256147608160973 0.08902537077665329
0 0.07770746201276779 0.3845694363117218 0.026208505034446716 0.08922678977251053
0 0.036983225494623184 0.36712396144866943 0.024064449593424797 0.07482561469078064
0 0.9299489259719849 0.31836724281311035 0.09924562275409698 0.24569709599018097
0 0.8382014036178589 0.33107438683509827 0.06573274731636047 0.1921183317899704
0 0.7762457728385925 0.34125110507011414 0.049081288278102875 0.1498536914587021
0 0.892679750919342 0.6757801175117493 0.09328913688659668 0.23049044609069824
0 0.804917573928833 0.617875874042511 0.06779742240905762 0.18325629830360413
0 0.7505351305007935 0.578273594379425 0.05098704993724823 0.15025678277015686
