0 0.13247551023960114 0.0506330281496048 0.21665500104427338 0.09128890186548233
0 0.18027621507644653 0.21058537065982819 0.23828867077827454 0.1298838108778
0 0.23280119895935059 0.38634613156318665 0.2966911792755127 0.13942699134349823
0 0.28830820322036743 0.5675114393234253 0.31039294600486755 0.14303310215473175
0 0.3452797830104828 0.7581515908241272 0.30569034814834595 0.14419372379779816
0 0.39739835262298584 0.936022162437439 0.30928120017051697 0.12795564532279968
0 0.405725359916687 0.034047931432724 0.22676680982112885 0.068095862865448
0 0.45933979749679565 0.17932093143463135 0.231512650847435 0.1325562745332718
0 0.5178083181381226 0.3475247323513031 0.17255522310733795 0.12115313857793808
0 0.6483261585235596 0.5235618352890015 0.31191080808639526 0.13966219127178192
0 0.702669084072113 0.7145511507987976 0.3188372254371643 0.1459398865699768
0 0.7534728646278381 0.8982750177383423 0.30816948413848877 0.13559287786483765
0 0.7231928110122681 0.018093058839440346 0.2389516979455948 0.03618611767888069
0 0.7503534555435181 0.06912137567996979 0.23273037374019623 0.11128430813550949
0 0.7711429595947266 0.15241050720214844 0.2400631308555603 0.11047203093767166
0 0.797950804233551 0.23296743631362915 0.223731130361557 0.10651757568120956
0 0.835906445980072 0.3188112676143646 0.20947256684303284 0.10105130821466446
0 0.8629919290542603 0.40029722452163696 0.20532606542110443 0.10407299548387527
0 0.885374128818512 0.4843417704105377 0.21917828917503357 0.1166292279958725
0 0.9015101194381714 0.5708271265029907 0.19697976112365723 0.10732894390821457
0 0.9185163378715515 0.6567896008491516 0.16296736896038055 0.10442215949296951
0 0.9285958409309387 0.7333949208259583 0.14280834794044495 0.10442215949296951
0 0.9392310976982117 0.8180201649665833 0.12153775990009308 0.11441992223262787
0 0.9546445608139038 0.899506151676178 0.09071088582277298 0.10628116875886917
