2 0.46437771814927353 0.49009670661786087 0.13926613422705497 0.4158429285379561
0 0.24922742977254253 0.04389041252987437 0.27366176585337465 0.08778082505974874
0 0.22987796427372292 0.1251965620907909 0.2692619052629327 0.19335387994141784
0 0.20722557298468083 0.2627977150325965 0.26046797406503036 0.20066596454465307
0 0.17985568526817627 0.4601502298676958 0.26842284935197896 0.2983605158419722
0 0.5550706984697549 0.09716911231559582 0.3165775086072913 0.19433822463119163
0 0.5403055527418255 0.22062055460016294 0.33308568615275724 0.229819381331567
0 0.5295771037517103 0.35408381353436186 0.34811782120896234 0.2299024095943708
0 0.4207081251738973 0.5198683934278246 0.2033292087312405 0.27977448983697756
0 0.5852757089346632 0.5668569680748883 0.19066290696755328 0.2565118099735737
0 0.8664594220394146 0.11687679145775312 0.25490933302574026 0.12189870041605261
0 0.8617571862131002 0.20029811535673592 0.2764856275737996 0.2101216485356484
0 0.8611630037541791 0.32545980652954587 0.27767399249164193 0.21911918337870473
0 0.85516195112011 0.4523713422437498 0.2896760977597801 0.20348077337409853
