2 0.5960853099822998 0.7326339483261108 0.04154330492019653 0.1009237989783287
2 0.7078545093536377 0.7109594345092773 0.04043104499578476 0.11288762837648392
2 0.7299392223358154 0.6779700517654419 0.03618186339735985 0.11437489092350006
2 0.4841146171092987 0.8192014098167419 0.04190599545836449 0.12424445152282715
2 0.449844628572464 0.8248149156570435 0.050584614276885986 0.1431717574596405
2 0.7183690071105957 0.4153905212879181 0.023266654461622238 0.04914451017975807
0 0.626122772693634 0.3068382143974304 0.10065502673387527 0.14554190635681152
0 0.5398460030555725 0.33283641934394836 0.10361001640558243 0.14777332544326782
0 0.4502430558204651 0.3590719401836395 0.10730575770139694 0.14885543286800385
0 0.36054712533950806 0.3882811367511749 0.10527164489030838 0.153721883893013
0 0.2908053994178772 0.4087013304233551 0.06739851832389832 0.14263272285461426
0 0.6422568559646606 0.42367732524871826 0.1008431687951088 0.13330760598182678
0 0.5562558174133301 0.45180565118789673 0.09918158501386642 0.12735900282859802
0 0.46683812141418457 0.47946009039878845 0.10694064944982529 0.13236138224601746
0 0.37769612669944763 0.5092447400093079 0.10306160151958466 0.12986037135124207
0 0.3067529499530792 0.5314899682998657 0.06648031622171402 0.12188096344470978
0 0.1549586057662964 0.31144192814826965 0.11450935900211334 0.15642665326595306
0 0.17192170023918152 0.43835288286209106 0.11376962065696716 0.15757538378238678
0 0.18971355259418488 0.5716526508331299 0.11653736978769302 0.17204134166240692
0 0.22865864634513855 0.7017063498497009 0.07663382589817047 0.15216420590877533
0 0.7042785286903381 0.255220502614975 0.08253955841064453 0.1771077960729599
4 0.6349334716796875 0.5260199308395386 0.023070190101861954 0.08868767321109772
4 0.5528129935264587 0.5508012175559998 0.02879749983549118 0.09172981977462769
4 0.4691224694252014 0.5745689272880554 0.02547295205295086 0.08665967732667923
4 0.3884790241718292 0.5996543765068054 0.02676960453391075 0.07611514627933502
4 0.6073178052902222 0.5164240002632141 0.01993822678923607 0.05772782862186432
4 0.5361896753311157 0.5409342050552368 0.019198620691895485 0.05887758731842041
