0 0.9972869435390386 0.3967526294401126 0.005426112921922854 0.30064251874464043
0 0.966095183062464 0.4113581092484616 0.067809633875072 0.27682158423432823
0 0.9066397116401734 0.41697534953653537 0.0702216228929563 0.2753169773107768
0 0.8392326422486409 0.4247394938659664 0.06737826836291105 0.27897989236621357
0 0.7749127405507148 0.43143076474381536 0.07298692155007702 0.285136615373244
0 0.7075057310518802 0.43919587192714366 0.06995022827225117 0.28607416753168324
0 0.6422325379375721 0.44738019067877866 0.07992970420472423 0.2955222684923586
0 0.5757335595790473 0.45297108394707347 0.07625454646789342 0.31661201664699823
0 0.5094166162075122 0.4612862756631124 0.07784108619184421 0.2952391974245831
0 0.4372641796681375 0.4689596346791448 0.07803448497716703 0.29796366226676346
0 0.3655430665598931 0.4752052748824559 0.07490093711108253 0.2975389669570079
0 0.28878203969188465 0.48483004697227 0.07842122260683321 0.30341353278545224
0 0.20927351460823637 0.49273794958780703 0.07832455418247847 0.3020512720021417
0 0.13108164810896075 0.5046034225791801 0.08983217750857493 0.31845210085381875
0 0.05293746613148215 0.5013507565953066 0.08783908320365161 0.31953111364521153
