0 0.13199999928474426 0.09000000357627869 0.14800000190734863 0.17733299732208252
0 0.28200000524520874 0.09000000357627869 0.15200001001358032 0.17733299732208252
0 0.4269999861717224 0.08933299779891968 0.1340000033378601 0.17599999904632568
0 0.5759999752044678 0.08866700530052185 0.15999996662139893 0.17466700077056885
0 0.7269999980926514 0.09133300185203552 0.1380000114440918 0.171999990940094
0 0.8709999918937683 0.08933299779891968 0.15400004386901855 0.17599999904632568
0 0.13099999725818634 0.32133299112319946 0.1379999816417694 0.22666698694229126
0 0.2750000059604645 0.32133299112319946 0.15000002086162567 0.22666698694229126
0 0.4259999990463257 0.32600000500679016 0.15199998021125793 0.2279999852180481
0 0.5740000009536743 0.3240000009536743 0.14400005340576172 0.23199999332427979
0 0.7210000157356262 0.3240000009536743 0.1499999761581421 0.23199999332427979
0 0.871999979019165 0.3246670067310333 0.15199995040893555 0.23066699504852295
0 0.1289999932050705 0.5826669931411743 0.1459999978542328 0.2239999771118164
0 0.27399998903274536 0.5806670188903809 0.14399999380111694 0.22800001502037048
0 0.421999990940094 0.5806670188903809 0.15200001001358032 0.22800001502037048
0 0.5709999799728394 0.5806670188903809 0.14600002765655518 0.22800001502037048
0 0.7250000238418579 0.5820000171661377 0.16199994087219238 0.23066699504852295
0 0.8740000128746033 0.5839999914169312 0.13600003719329834 0.22666701674461365
0 0.13300000131130219 0.8420000076293945 0.15400001406669617 0.22533297538757324
0 0.2800000011920929 0.8406670093536377 0.13999998569488525 0.22800004482269287
0 0.42399999499320984 0.843999981880188 0.14800000190734863 0.23466706275939941
0 0.5709999799728394 0.8453329801559448 0.14600002765655518 0.23199999332427979
0 0.718999981880188 0.8426669836044312 0.1499999761581421 0.22666704654693604
0 0.8709999918937683 0.8426669836044312 0.15400004386901855 0.22666704654693604
