0 0.156324103474617 0.09312941133975983 0.2067243605852127 0.18625882267951965
0 0.3451855778694153 0.10678713023662567 0.21190722286701202 0.18410366773605347
0 0.5357528328895569 0.11663909256458282 0.2188177853822708 0.17948907613754272
0 0.7285958528518677 0.13058286905288696 0.220755934715271 0.17962922155857086
0 0.9069840312004089 0.14475347101688385 0.1860319823026657 0.17707346379756927
0 0.09723173081874847 0.413512647151947 0.1878078430891037 0.1772468537092209
0 0.28447094559669495 0.4257414638996124 0.2405579686164856 0.18361768126487732
0 0.48561444878578186 0.44290393590927124 0.2177216112613678 0.18452411890029907
0 0.6774883270263672 0.4567776620388031 0.22159788012504578 0.18480439484119415
0 0.8655913472175598 0.46972379088401794 0.20975862443447113 0.1826699823141098
0 0.06388398259878159 0.7445322275161743 0.12776796519756317 0.17885303497314453
0 0.22002890706062317 0.75555419921875 0.23925136029720306 0.18735915422439575
0 0.426017701625824 0.7730669975280762 0.2304028868675232 0.19183459877967834
0 0.6238112449645996 0.7867138981819153 0.22286087274551392 0.1925675868988037
0 0.8133260011672974 0.8030354976654053 0.21595031023025513 0.19718213379383087
