0 0.21306870877742767 0.13155554234981537 0.10264179110527039 0.26311108469963074
0 0.30616962909698486 0.133937269449234 0.12780436873435974 0.267874538898468
0 0.41047587990760803 0.13626250624656677 0.12505345046520233 0.27252501249313354
0 0.511597752571106 0.14045849442481995 0.12159191071987152 0.2809169888496399
0 0.6083556413650513 0.14562350511550903 0.11663717031478882 0.28300514817237854
0 0.7533912658691406 0.1477430760860443 0.11482424288988113 0.2916943430900574
0 0.8457460403442383 0.15337838232517242 0.11584842950105667 0.28881752490997314
0 0.9404220581054688 0.1582619547843933 0.1191558837890625 0.29019200801849365
0 0.9913758039474487 0.16310334205627441 0.017248334363102913 0.284820020198822
0 0.1929895132780075 0.3978234529495239 0.11318270862102509 0.2711554765701294
0 0.2862858474254608 0.39957499504089355 0.11608996242284775 0.27615854144096375
0 0.38087907433509827 0.40089353919029236 0.11562095582485199 0.27029040455818176
0 0.48117753863334656 0.40983203053474426 0.12749871611595154 0.2620548903942108
0 0.583283543586731 0.4198329746723175 0.11955145001411438 0.2724165618419647
0 0.732254147529602 0.4280201494693756 0.10815082490444183 0.2709287405014038
0 0.8248034715652466 0.43120962381362915 0.1196296289563179 0.2733950614929199
0 0.9178261756896973 0.43638449907302856 0.10940854251384735 0.2709854245185852
0 0.9755949974060059 0.4382913112640381 0.048810020089149475 0.2727280855178833
0 0.16803471744060516 0.6705656051635742 0.112550288438797 0.27892300486564636
0 0.2624724805355072 0.6738412380218506 0.1202550008893013 0.28121915459632874
0 0.3633207678794861 0.6837854981422424 0.12740547955036163 0.2922614514827728
0 0.463657408952713 0.6922341585159302 0.11923182010650635 0.2840970456600189
0 0.5613959431648254 0.6936944723129272 0.12002051621675491 0.2782856225967407
0 0.706314206123352 0.6972822546958923 0.10476741194725037 0.27564817667007446
0 0.801931619644165 0.7015920877456665 0.12992998957633972 0.2767823338508606
0 0.9001036286354065 0.7055255174636841 0.10972120612859726 0.2748975157737732
0 0.9666557312011719 0.7097930908203125 0.06668850779533386 0.27158036828041077
0 0.15020839869976044 0.8857148289680481 0.10159943252801895 0.15758422017097473
0 0.24566945433616638 0.8919806480407715 0.10631871223449707 0.1538989543914795
0 0.34238824248313904 0.8983031511306763 0.111038938164711 0.15021385252475739
0 0.4468117654323578 0.903009831905365 0.10820986330509186 0.14618834853172302
0 0.5464379191398621 0.9045552015304565 0.11371175199747086 0.15228331089019775
0 0.690922737121582 0.9056689739227295 0.07714744657278061 0.14966019988059998
0 0.7786780595779419 0.9135515093803406 0.11929889023303986 0.14376415312290192
0 0.8792101740837097 0.9195544123649597 0.10443560779094696 0.14601823687553406
0 0.9555221796035767 0.920540452003479 0.07085677236318588 0.14937666058540344
