0 0.7667856812477112 0.41650453209877014 0.11641863733530045 0.1345188021659851
0 0.7821710705757141 0.537665843963623 0.10827702283859253 0.12621673941612244
0 0.8006234765052795 0.6589630246162415 0.10496301203966141 0.13302510976791382
0 0.6724634170532227 0.6467651724815369 0.14718475937843323 0.19645236432552338
0 0.6472151279449463 0.463032603263855 0.12613721191883087 0.13353891670703888
0 0.5362756252288818 0.2997835576534271 0.08372663706541061 0.16371150314807892
0 0.4704347252845764 0.2804720997810364 0.08415770530700684 0.17749887704849243
0 0.39444538950920105 0.25364261865615845 0.0963141992688179 0.19481231272220612
0 0.3011375665664673 0.23413531482219696 0.11433350294828415 0.21388974785804749
0 0.19990360736846924 0.21806766092777252 0.14364828169345856 0.22270527482032776
0 0.5508236885070801 0.4032272696495056 0.07662005722522736 0.14206203818321228
0 0.4806901216506958 0.4031771421432495 0.08812420070171356 0.16503392159938812
0 0.4026610851287842 0.3896450698375702 0.09935634583234787 0.18597190082073212
0 0.31081950664520264 0.36969682574272156 0.11552778631448746 0.21229766309261322
0 0.20165838301181793 0.35707008838653564 0.13647952675819397 0.23225601017475128
