0 0.5310253712250987 0.059671690150486845 0.10004864443322814 0.11934338030097369
0 0.44171334127904194 0.07235163068502719 0.08998289813707183 0.1294035741765502
0 0.5426251104906967 0.16688365200409744 0.09153542297456296 0.1340594792639941
0 0.4550042800819931 0.18704363292007897 0.08376029935534168 0.12624456190872058
0 0.5547754194519154 0.27661535176568863 0.091813942726508 0.12851361826593732
0 0.468573613693402 0.2956213106180221 0.09272471781347202 0.1358013462352742
0 0.5662839805136214 0.3895457990748453 0.10068188651331322 0.1450734038202015
0 0.48081090753797406 0.4143823332632441 0.08970450240310668 0.13495042752641084
0 0.5825041112611207 0.5026582877703718 0.09282002768562003 0.12879708800438422
0 0.49492671174785746 0.5273324376550721 0.08275428138946361 0.1259611539141613
0 0.5951098114678506 0.6160338811390734 0.09437352816208955 0.13345321081053707
0 0.5062531709162903 0.6388057644524028 0.0870591015108858 0.12154968136341449
0 0.6053815495490755 0.7315765238698937 0.09656878764415977 0.135477584790902
0 0.5206899101594127 0.7501569838407394 0.09336646201095544 0.1331694789197183
0 0.6189943466270342 0.8446683766926641 0.0977580210428789 0.1372194344519576
0 0.5345273223373601 0.8692214349865075 0.09721164815773309 0.13284706084684772
0 0.6351329729562152 0.9404531911041518 0.09521766172489354 0.1013504425849997
0 0.5449960194746191 0.9566390556144337 0.09650232566841821 0.08672188877113252
0 0.34384472041906955 0.09389037824673906 0.11185117363192881 0.14119006857353264
0 0.2469344988620401 0.11893127839022924 0.10929047671988701 0.13625012001122783
0 0.15240163891173064 0.14631930124122375 0.10544628425948047 0.13657290021221186
0 0.06221598133027414 0.17097407040494492 0.10828445505197966 0.1359666823942266
0 0.011462010523912422 0.2007725593366183 0.022924021047824844 0.14281254375833727
0 0.3566802391074292 0.20493851034101376 0.10910824618109749 0.13479197011954552
0 0.26310682224915893 0.23582838594576114 0.10681774659663512 0.13977193833078966
0 0.1684829092698215 0.26248783187821906 0.10718195871274705 0.14268624600493596
0 0.07751572364761139 0.29339766499556397 0.10627130671825569 0.13539950298179257
0 0.018747606863348726 0.3173665406729331 0.03749521372669745 0.14281253264992158
0 0.37157239939065034 0.31993360727573805 0.11212852303165272 0.13564290613863345
0 0.27475310800155306 0.34570210124297396 0.10516880945351575 0.14211905918689144
0 0.1840167560123655 0.37428419857560236 0.10069143610255324 0.12960890776761053
0 0.09135837224106323 0.4041620664028215 0.1059069705841639 0.13248420295584235
0 0.024340930491478466 0.433657442722697 0.04868186098295693 0.13758916128183635
0 0.383492951522522 0.43199377056817406 0.10792012169440979 0.1330514045851079
0 0.2894641448070015 0.4592397636742268 0.10818798038065436 0.14296968362193718
0 0.1968056986700021 0.48911764140605996 0.10333776301306491 0.14300900028628316
0 0.10520101759523946 0.5149264418904423 0.10937721079075871 0.14471056074041705
0 0.03354862190423391 0.5445831953509916 0.06709724380846782 0.1460112628872624
0 0.3982038606079613 0.5455304110251811 0.10856192661866865 0.13042049749991036
0 0.3034889013095239 0.5714613337297785 0.10673088388024704 0.1313104682217442
0 0.21083045332150988 0.6013391966503907 0.10828445690299421 0.13596669720544752
0 0.11858390032925467 0.6303457523305346 0.106635516983353 0.1383137958447178
0 0.039966904593888006 0.6576750333625411 0.07993380918777601 0.1413554047324852
0 0.41199784374148296 0.6600807080134514 0.10919510056791987 0.14325337357809675
0 0.31654995741413355 0.6884807923326502 0.10955943947853353 0.14616869582087832
0 0.22398693591218877 0.7107884202748409 0.10672127285081723 0.14677494696411075
0 0.12981829062313632 0.7410907711654106 0.10745942842842146 0.1371400462993988
0 0.04574236343355405 0.7739659428179155 0.0914847268671081 0.14196156700839158
0 0.4262958803411704 0.7744889771081827 0.11395956947210362 0.1347529650392416
0 0.3302539280684479 0.8023021866547219 0.10745942842842149 0.1371400462993988
0 0.23764316388558807 0.82839444206633 0.10745942842842143 0.1371400462993988
0 0.14301925044349698 0.8550538842959827 0.10636654496963333 0.1283951459789625
0 0.053027927380234416 0.8869160175873017 0.10605585476046883 0.14924833224836653
0 0.438034200083238 0.8850909756977154 0.1145060037974392 0.13912535595457576
0 0.342677487332244 0.9142206015162153 0.106635516983353 0.1383137958447178
0 0.24956371231543054 0.9363065434614506 0.10727733301369963 0.12738691307709893
0 0.15580702274891237 0.9489074636380234 0.10736406153152739 0.10218507272395327
0 0.05853026160796389 0.9619538666009169 0.11706052321592778 0.07609226679816616
0 0.4503721367526229 0.965332768904126 0.11241670970017353 0.06933446219174788
0 0.3536439856216179 0.9787844879588925 0.10454518359919734 0.042431024082214996
0 0.26071228530165813 0.9935715343522342 0.10116174039797138 0.01285693129553167
