0 0.9492189884185791 0.4319149851799011 0.09960901737213135 0.19716298580169678
0 0.8510739803314209 0.42907801270484924 0.1083979606628418 0.21134799718856812
0 0.74658203125 0.42482298612594604 0.10839802026748657 0.21134796738624573
0 0.6381840109825134 0.4184400141239166 0.11230504512786865 0.21276599168777466
0 0.52783203125 0.4212769865989685 0.11230498552322388 0.21560299396514893
0 0.4169920086860657 0.41631200909614563 0.1132810115814209 0.21134799718856812
0 0.30273401737213135 0.4120570123195648 0.11132800579071045 0.2141839861869812
0 0.18554699420928955 0.4056740403175354 0.12304699420928955 0.22411301732063293
0 0.0981450080871582 0.4056739807128906 0.05371105670928955 0.22127696871757507
0 0.4541019797325134 0.6808509826660156 0.13476598262786865 0.23546099662780762
0 0.3203120231628418 0.6780139803886414 0.1328120231628418 0.24113500118255615
0 0.18701201677322388 0.6773049831390381 0.13378894329071045 0.2397160530090332
0 0.09716802835464478 0.6751769781112671 0.0458979606628418 0.2439720630645752
