0 0.8818359971046448 0.445015013217926 0.10742199420928955 0.28885602951049805
0 0.7573239803314209 0.445747971534729 0.14355498552322388 0.28738996386528015
0 0.6186519861221313 0.4479469954967499 0.1337890625 0.2917889952659607
0 0.484375 0.4508799910545349 0.13476598262786865 0.28592395782470703
0 0.35351598262786865 0.44868001341819763 0.12695300579071045 0.2815249562263489
0 0.21826201677322388 0.44648098945617676 0.14355504512786865 0.28592395782470703
0 0.09130901098251343 0.44868001341819763 0.1103520393371582 0.2903229594230652
0 0.0898439884185791 0.6422290205955505 0.10742199420928955 0.09677398204803467
0 0.21679699420928955 0.6429619789123535 0.14648401737213135 0.09530794620513916
0 0.35302698612213135 0.634896993637085 0.1259770393371582 0.07917904853820801
0 0.4833980202674866 0.6363639831542969 0.13476598262786865 0.07624602317810059
0 0.6171879768371582 0.6341639757156372 0.13281196355819702 0.07184803485870361
0 0.7568359971046448 0.6436949968338013 0.14257800579071045 0.09090900421142578
0 0.8813480138778687 0.6436949968338013 0.10644501447677612 0.09090900421142578
