0 0.9316409826278687 0.031067000702023506 0.13515597581863403 0.05978899821639061
0 0.9320310354232788 0.1406800001859665 0.13437503576278687 0.15474799275398254
0 0.7648440003395081 0.13833500444889069 0.1937500238418579 0.14536899328231812
0 0.5667970180511475 0.13599100708961487 0.20234400033950806 0.15005898475646973
0 0.5667970180511475 0.031067000702023506 0.20234400033950806 0.05978899821639061
0 0.7664059996604919 0.032239001244306564 0.1953120231628418 0.06213400512933731
0 0.36914098262786865 0.030480999499559402 0.1992189884185791 0.058617003262043
0 0.1679689884185791 0.028721999377012253 0.2046869993209839 0.05510000139474869
0 0.03164100646972656 0.02637699991464615 0.06328105926513672 0.05041000247001648
0 0.36757802963256836 0.1271979957818985 0.20234394073486328 0.15123102068901062
0 0.16601598262786865 0.12778399884700775 0.200780987739563 0.15005901455879211
0 0.03281301259994507 0.12426699697971344 0.06562495231628418 0.1430250108242035
0 0.9316409826278687 0.2919110059738159 0.13515597581863403 0.15474797785282135
0 0.7660160064697266 0.2848770022392273 0.19609403610229492 0.15240299701690674
0 0.5679689645767212 0.2825320065021515 0.19999998807907104 0.15709298849105835
0 0.36796897649765015 0.2790150046348572 0.20000004768371582 0.15005898475646973
0 0.1667969822883606 0.27667099237442017 0.20234405994415283 0.15474797785282135
0 0.03281301259994507 0.2725670039653778 0.06562495231628418 0.1465420126914978
0 0.932030975818634 0.4390389919281006 0.1265619993209839 0.1418520212173462
0 0.767969012260437 0.4361079931259155 0.2015630006790161 0.1477140188217163
0 0.5691410303115845 0.4337629973888397 0.19609397649765015 0.1430249810218811
0 0.36953097581863403 0.42848795652389526 0.203125 0.15357598662376404
0 0.1640620231628418 0.4267290234565735 0.20781302452087402 0.15005901455879211
0 0.030077993869781494 0.4243850111961365 0.06015598773956299 0.15474796295166016
0 0.9324220418930054 0.5861660242080688 0.12890595197677612 0.15005898475646973
0 0.7695310115814209 0.5838220119476318 0.19687503576278687 0.15474796295166016
0 0.5695309638977051 0.5814769864082336 0.203125 0.15005898475646973
0 0.36640602350234985 0.5803049802780151 0.203125 0.15240299701690674
0 0.15937501192092896 0.5803049802780151 0.2109379768371582 0.15240299701690674
0 0.02695298194885254 0.5808910131454468 0.05390596389770508 0.151231050491333
0 0.934374988079071 0.7373970150947571 0.125 0.15709304809570312
0 0.7734379768371582 0.7368109822273254 0.19687503576278687 0.15592002868652344
0 0.5703120231628418 0.7338799834251404 0.20937496423721313 0.15005898475646973
0 0.9371089935302734 0.8980069756507874 0.12265598773956299 0.17116105556488037
0 0.7726559638977051 0.8921449780464172 0.20781296491622925 0.15474796295166016
0 0.5660160183906555 0.8944900035858154 0.205469012260437 0.15943694114685059
0 0.02695298194885254 0.7344670295715332 0.05390596389770508 0.16295397281646729
0 0.026171982288360596 0.8933179974555969 0.05234396457672119 0.17350494861602783
0 0.41054701805114746 0.8106679916381836 0.10859394073486328 0.31535804271698
0 0.3097659945487976 0.8147709965705872 0.09296905994415283 0.3071509599685669
0 0.2070310115814209 0.8159440159797668 0.11249995231628418 0.30949604511260986
0 0.10898399353027344 0.8171160221099854 0.10390603542327881 0.3071509599685669
