0 0.8421154022216797 0.3467995524406433 0.16103732585906982 0.27789241075515747
0 0.7029147744178772 0.29129600524902344 0.161146879196167 0.28934794664382935
0 0.564357340335846 0.24515600502490997 0.15975110232830048 0.2945607602596283
0 0.425799697637558 0.1990169733762741 0.16114681959152222 0.28934791684150696
0 0.8236134052276611 0.5605104565620422 0.1530420184135437 0.23128916323184967
0 0.6858633756637573 0.505521833896637 0.1579868346452713 0.24446111917495728
0 0.5444943904876709 0.4573689103126526 0.16027987003326416 0.24908098578453064
0 0.40342947840690613 0.41135475039482117 0.15666083991527557 0.24018456041812897
0 0.808804988861084 0.7501546144485474 0.1550857126712799 0.24343129992485046
0 0.6676154136657715 0.7000355124473572 0.16282208263874054 0.2461775243282318
0 0.5249403715133667 0.6443135142326355 0.15805672109127045 0.23497171700000763
0 0.3854157626628876 0.5978312492370605 0.15400905907154083 0.23163244128227234
0 0.7910953760147095 0.9130138754844666 0.1581265777349472 0.17397229373455048
0 0.36788564920425415 0.7844784259796143 0.15870462357997894 0.25232765078544617
