0 0.0816565454006195 0.10602786391973495 0.163313090801239 0.18269993364810944
0 0.22227293252944946 0.09086326509714127 0.19511988759040833 0.18172653019428253
0 0.3714393377304077 0.0820922777056694 0.1762944906949997 0.1641845554113388
0 0.5247249007225037 0.07427353411912918 0.2027774155139923 0.14854706823825836
0 0.6807953119277954 0.06633523106575012 0.17954276502132416 0.13267046213150024
0 0.8286418318748474 0.05914409086108208 0.1968892365694046 0.11828818172216415
0 0.11713717877864838 0.32405054569244385 0.1914421021938324 0.22811530530452728
0 0.2654190957546234 0.30882224440574646 0.20379896461963654 0.22938433289527893
0 0.4219249486923218 0.29725006222724915 0.20614854991436005 0.23085151612758636
0 0.5738904476165771 0.2797147333621979 0.19878143072128296 0.23377354443073273
0 0.7252615690231323 0.26416918635368347 0.20495975017547607 0.23440805077552795
0 0.8808967471122742 0.2488289624452591 0.20672903954982758 0.23336385190486908
0 0.17196233570575714 0.5704401135444641 0.19909946620464325 0.22644898295402527
0 0.3208386301994324 0.5532220602035522 0.19791068136692047 0.23000553250312805
0 0.4732394516468048 0.5375707745552063 0.20614857971668243 0.23085154592990875
0 0.6266700029373169 0.5218137502670288 0.19997018575668335 0.23021703958511353
0 0.785539448261261 0.5067836046218872 0.21702638268470764 0.23442137241363525
0 0.9223569631576538 0.4929105341434479 0.1552860289812088 0.2279038280248642
0 0.2325303554534912 0.8143101930618286 0.20762751996517181 0.22855068743228912
0 0.3836112916469574 0.797508955001831 0.19379174709320068 0.2295825481414795
0 0.5326186418533325 0.785420298576355 0.20348085463047028 0.23670893907546997
0 0.6842798590660095 0.7711305022239685 0.20084086060523987 0.233985036611557
0 0.8361003994941711 0.7529677748680115 0.20379893481731415 0.2293843775987625
0 0.944330632686615 0.7368934750556946 0.1113387942314148 0.22980739176273346
