2 0.2804782948276731 0.33843677829885876 0.03510580477844005 0.08775783002216564
2 0.33591262908897274 0.3748824619459641 0.042592075137116825 0.09709871865117492
2 0.4641494152829383 0.41923154502851123 0.04029245463602321 0.09900375936980171
2 0.5468601409033004 0.44708503366424274 0.05193898562054655 0.10168137065286598
2 0.6473517731103168 0.4780829056473955 0.055334699115696884 0.10690632141563039
2 0.7107187804503798 0.5473129957732114 0.04095077569726846 0.10328292433454234
2 0.8093967758818741 0.5994649805406542 0.045549962856594406 0.09947180731472816
0 0.3465955518458832 0.05197065249052634 0.17564777031153517 0.10394130498105268
0 0.49786964226052366 0.07658590750806561 0.17429676688070989 0.15317181501613122
0 0.6620488869222607 0.10807497465554163 0.20189784095707097 0.21614994931108325
0 0.8400290713875335 0.16919861009058138 0.20372319247069948 0.21763837950362394
0 0.32307695589456953 0.16465834469277488 0.177622595783767 0.22211459316923948
0 0.4730915100083533 0.21428606218797813 0.17871981552456295 0.22924590882717932
0 0.637051329276102 0.27324244122359936 0.20493435878811983 0.24236246547996387
0 0.8127491767454953 0.33400533669307025 0.20219587192785216 0.24141539416843893
0 0.2920623730857366 0.37248498640001243 0.1878657888420208 0.29992383315974835
0 0.4410723247229129 0.42552014828740065 0.18651478541119548 0.29675624248559795
0 0.605124560387432 0.4807535995360328 0.21619514320061073 0.30432043114809976
0 0.7817528361691948 0.5448421524556704 0.2116667048535542 0.29735261191678036
0 0.26104873034699944 0.5803119532186944 0.17484975341898887 0.22655735610034572
0 0.40960164053025716 0.6331890071931254 0.17623627142144066 0.22433647537146129
0 0.5727417207297125 0.6881070620716407 0.20226675814476908 0.2306375223986611
0 0.7490053393977605 0.748314644641923 0.20248619579080407 0.23206360744385268
0 0.23510367265298476 0.7395714700310447 0.1668450724039862 0.19138171208578492
0 0.38341988257544 0.7908647698053415 0.17184764680030823 0.19581218023513658
0 0.5478194406070501 0.8469693159031881 0.20083519821483997 0.20448696579722037
0 0.7262557749367109 0.9032967647044906 0.19992303775570786 0.1934064705910188
0 0.7089210078285442 0.9738931584839579 0.19114594930557138 0.05221368303208418
0 0.5305943783949365 0.9424040888954188 0.19045219589710982 0.11519182220916235
0 0.36606785482191956 0.90052390432211 0.16624780908679415 0.14256383791684035
0 0.21583388592196123 0.8523221993624691 0.1633252935402271 0.1348012666126619
0 0.9636294027008798 0.2016129772513947 0.07274119459824047 0.1568376096675922
0 0.9532066045832828 0.3228393355513318 0.09358679083343446 0.18536087786356786
0 0.9415418093494705 0.4611032566060481 0.11691638130105897 0.18647127234026378
0 0.9305528994912793 0.5971475295955776 0.13889420101744143 0.18821318281499488
0 0.9202398085029593 0.7345350318500818 0.15952038299408133 0.18345575005459336
0 0.9041138515093972 0.8710515788672208 0.16706442648823483 0.19280776823218182
0 0.8835230417056679 0.9596625003851165 0.16392250114956164 0.08067499922976706
