0 0.10107400268316269 0.48567700386047363 0.12988300621509552 0.17447900772094727
0 0.23388700187206268 0.48632800579071045 0.1298830211162567 0.18098998069763184
0 0.3642579913139343 0.48242199420928955 0.12304699420928955 0.18098998069763184
0 0.4990230202674866 0.48567700386047363 0.11914101243019104 0.17708301544189453
0 0.625 0.48697900772094727 0.1171879768371582 0.17708301544189453
0 0.7304689884185791 0.4850260019302368 0.0585939884185791 0.1835939884185791
0 0.8100590109825134 0.48307299613952637 0.0322270393371582 0.16927099227905273
2 0.9580079913139343 0.5104169845581055 0.02929699420928955 0.05208301544189453
2 0.5249019861221313 0.5351560115814209 0.0458979606628418 0.06510400772094727
2 0.47900399565696716 0.5162760019302368 0.022460997104644775 0.055989980697631836
