0 0.25611159205436707 0.3877165615558624 0.15043069422245026 0.22836615145206451
0 0.3668682277202606 0.36969009041786194 0.12285587191581726 0.20135478675365448
0 0.45917585492134094 0.35569924116134644 0.11479703336954117 0.19551029801368713
0 0.5482727289199829 0.34062060713768005 0.11669421941041946 0.17583569884300232
0 0.6191373467445374 0.339604914188385 0.05871129035949707 0.12071430683135986
0 0.668124794960022 0.33151212334632874 0.07949241250753403 0.12876617908477783
0 0.7256131768226624 0.3201255202293396 0.07231652736663818 0.11782266944646835
0 0.7768665552139282 0.31348761916160583 0.06262008845806122 0.11270420998334885
0 0.29666560888290405 0.6317554116249084 0.17172367870807648 0.3672376871109009
0 0.4021095931529999 0.5916776657104492 0.1434561014175415 0.34131839871406555
0 0.4973811209201813 0.5656515955924988 0.1418265700340271 0.3216378688812256
0 0.5847228169441223 0.5286996364593506 0.13818643987178802 0.2902931571006775
