0 0.4646301567554474 0.35102489590644836 0.060854166746139526 0.11056270450353622
0 0.5315173268318176 0.34491124749183655 0.06542038172483444 0.12410508841276169
0 0.4713984727859497 0.4726801812648773 0.057057011872529984 0.1167786568403244
0 0.5365157127380371 0.4733371436595917 0.06465142220258713 0.10434772819280624
0 0.47803962230682373 0.5910420417785645 0.05300253629684448 0.11640803515911102
0 0.5429005026817322 0.5851135849952698 0.06111051142215729 0.11714912950992584
0 0.47860002517700195 0.709959864616394 0.06059785932302475 0.10397728532552719
0 0.5435881018638611 0.7073246836662292 0.060854166746139526 0.11056270450353622
0 0.48347026109695435 0.8350934982299805 0.06111051142215729 0.11714909970760345
0 0.5502292513847351 0.8256866335868835 0.0649077296257019 0.11093321442604065
5 0.3719102442264557 0.9472043514251709 0.16168588399887085 0.10559133440256119
5 0.5400136113166809 0.9290655851364136 0.1497807502746582 0.112128846347332
