0 0.6914060115814209 0.049264997243881226 0.11523401737213135 0.09558799862861633
0 0.5698239803314209 0.05000000447034836 0.13378900289535522 0.09705899655818939
0 0.4350590407848358 0.05147099867463112 0.13574200868606567 0.10000000149011612
0 0.3115230202674866 0.050735000520944595 0.1132810115814209 0.09852900356054306
0 0.6928709745407104 0.18014700710773468 0.11035197973251343 0.1691180169582367
0 0.5698239803314209 0.18014700710773468 0.13574200868606567 0.1691180169582367
0 0.4340820014476776 0.1779409945011139 0.13574200868606567 0.16764700412750244
0 0.3100590109825134 0.1779409945011139 0.11230504512786865 0.16764700412750244
0 0.6933590173721313 0.31838199496269226 0.1132810115814209 0.10735303163528442
0 0.5688480138778687 0.3176470100879669 0.1357419490814209 0.10882401466369629
0 0.4326170086860657 0.3125 0.1367189884185791 0.09852898120880127
0 0.3090819716453552 0.3147059977054596 0.1103520393371582 0.09411799907684326
0 0.3100590109825134 0.5095589756965637 0.10058605670928955 0.2749999761581421
0 0.37695300579071045 0.5080879926681519 0.0351560115814209 0.2749999761581421
0 0.6958010196685791 0.5066180229187012 0.10253900289535522 0.2691180408000946
0 0.6206049919128418 0.5066180229187012 0.0341799259185791 0.2573530375957489
0 0.5317380428314209 0.5279409885406494 0.055664002895355225 0.25
0 0.4672849774360657 0.5286759734153748 0.05371105670928955 0.23970600962638855
