0 0.8896480202674866 0.2583329677581787 0.21679699420928955 0.5099999904632568
0 0.6689450144767761 0.25666695833206177 0.22460901737213135 0.5066670179367065
0 0.4443359971046448 0.25166699290275574 0.22460901737213135 0.49666696786880493
0 0.21777302026748657 0.25166699290275574 0.22460901737213135 0.49666696786880493
0 0.0507810115814209 0.25166699290275574 0.1015620231628418 0.49666696786880493
0 0.890625 0.7566667795181274 0.2148439884185791 0.4866665005683899
0 0.6689450144767761 0.75 0.22460901737213135 0.5
0 0.44335901737213135 0.75 0.2226560115814209 0.5
0 0.21777302026748657 0.751666784286499 0.22460901737213135 0.49666649103164673
0 0.053710997104644775 0.75 0.10742199420928955 0.5
