0 0.2701907753944397 0.16768863797187805 0.28440630435943604 0.2736212909221649
0 0.4949118494987488 0.1792154759168625 0.2981181740760803 0.26740148663520813
0 0.7349207997322083 0.20011655986309052 0.29386013746261597 0.2745225131511688
0 0.9074411392211914 0.21507591009140015 0.18511775135993958 0.2920692265033722
0 0.19794310629367828 0.41611960530281067 0.28338387608528137 0.2697603106498718
0 0.4240259528160095 0.4347034990787506 0.3006742000579834 0.2770538628101349
0 0.6587957739830017 0.4570843577384949 0.30382516980171204 0.27735424041748047
0 0.8716147541999817 0.47843605279922485 0.256770521402359 0.2827172577381134
0 0.8308979272842407 0.7466223239898682 0.3258000612258911 0.29073965549468994
0 0.5819050073623657 0.7169479131698608 0.31634625792503357 0.28983840346336365
0 0.3565466105937958 0.6895266771316528 0.29539376497268677 0.28031396865844727
1 0.1281992495059967 0.6672959327697754 0.2563984990119934 0.26246678829193115
