0 0.826720654964447 0.0840921700000763 0.34655874967575073 0.14458881318569183
0 0.48332324624061584 0.06180228665471077 0.35503074526786804 0.12360457330942154
0 0.15765218436717987 0.044679418206214905 0.31530436873435974 0.08935883641242981
0 0.8106429576873779 0.4679368734359741 0.37871408462524414 0.7001755237579346
0 0.46347567439079285 0.4278353750705719 0.3862994611263275 0.6897124648094177
0 0.1539900153875351 0.3940061628818512 0.3079800307750702 0.6857448816299438
0 0.9256908893585205 0.5062662959098816 0.1256696730852127 0.32731708884239197
0 0.7895049452781677 0.4821707606315613 0.18601863086223602 0.326032429933548
0 0.6262891888618469 0.4672918915748596 0.17567078769207 0.32122647762298584
0 0.4656120836734772 0.4173230528831482 0.18094338476657867 0.2556442618370056
0 0.30126968026161194 0.43957388401031494 0.173284113407135 0.33221009373664856
0 0.14293977618217468 0.419515997171402 0.16807349026203156 0.3291794955730438
