0 0.7700200080871582 0.1678990125656128 0.15332001447677612 0.2736690044403076
0 0.6147459745407104 0.17159798741340637 0.15332001447677612 0.2781069874763489
0 0.45947301387786865 0.173816978931427 0.1572270393371582 0.2736690044403076
0 0.3051760196685791 0.17159800231456757 0.1513669490814209 0.26923099160194397
0 0.15332001447677612 0.17159800231456757 0.1523439884185791 0.26923099160194397
0 0.0385739803314209 0.17529597878456116 0.0771479606628418 0.2766270041465759
0 0.7685549855232239 0.4393489956855774 0.15820300579071045 0.26035499572753906
0 0.6137700080871582 0.43713000416755676 0.1591799259185791 0.2647929787635803
0 0.4614260196685791 0.4423080086708069 0.1572270393371582 0.26331400871276855
0 0.3037109971046448 0.441567987203598 0.1523439884185791 0.2588760256767273
0 0.14990198612213135 0.4393489956855774 0.1552729606628418 0.2662719786167145
0 0.03759801387786865 0.4445270001888275 0.07519495487213135 0.2647929787635803
