0 0.8905722343159254 0.4770647985468454 0.1626486876380977 0.42725303858022745
0 0.7244969251373452 0.4522838888042384 0.16953972046758814 0.4197306514479549
0 0.5366895574704295 0.42808734134559234 0.22545781720816177 0.42668113388829876
0 0.3509895714659589 0.39807322930964373 0.17826788014558764 0.4124930722872331
0 0.18372456279251503 0.37923242198185664 0.165776345910538 0.417429100208763
0 0.9062094107849425 0.14807061184772374 0.15449659822733786 0.2369962627931822
0 0.7409802446596739 0.1264465966564154 0.1641218054579332 0.24447642069842432
0 0.5513198262775005 0.11949847828681831 0.22211895454742075 0.2271179395979333
0 0.3658156761307005 0.1086643438906051 0.16546072076605312 0.20084173197474883
0 0.19886511218773165 0.09474936764150363 0.1594133577259424 0.1693498833590486
