0 0.9223630428314209 0.03806700184941292 0.15332001447677612 0.07320600003004074
0 0.7749019861221313 0.03953099995851517 0.1416020393371582 0.07613499462604523
0 0.6318359971046448 0.03879900276660919 0.14648401737213135 0.07467100024223328
0 0.49023401737213135 0.03953099995851517 0.14257800579071045 0.07613499462604523
0 0.34570300579071045 0.04026399925351143 0.14257800579071045 0.07759899646043777
0 0.20361298322677612 0.03806700184941292 0.1416020393371582 0.07320600003004074
0 0.06591802835464478 0.03879900276660919 0.13183605670928955 0.07467100024223328
0 0.9213869571685791 0.23426100611686707 0.15136700868606567 0.09077601134777069
0 0.7729489803314209 0.23645702004432678 0.1455080509185791 0.08638401329517365
0 0.6293950080871582 0.23645702004432678 0.1416020393371582 0.08638401329517365
0 0.4877930283546448 0.23792099952697754 0.14355504512786865 0.09223999083042145
0 0.34570300579071045 0.23426100611686707 0.140625 0.08491899073123932
0 0.22558599710464478 0.23572500050067902 0.09570300579071045 0.08491900563240051
0 0.04101598262786865 0.23499299585819244 0.0820310115814209 0.08931198716163635
0 0.7724609971046448 0.45168399810791016 0.13867199420928955 0.09809696674346924
0 0.6323239803314209 0.4509519934654236 0.14160197973251343 0.09956097602844238
