0 0.9472148418426514 0.19272437691688538 0.10557033866643906 0.1742856502532959
0 0.8308972716331482 0.1563407927751541 0.1569719761610031 0.17017731070518494
0 0.6864205598831177 0.11482740193605423 0.1634945422410965 0.17882511019706726
0 0.541066586971283 0.08277662098407745 0.15872856974601746 0.1655532419681549
0 0.3971414864063263 0.06405720859766006 0.16063567996025085 0.12811441719532013
0 0.2528194785118103 0.04437294229865074 0.1595212072134018 0.08874588459730148
0 0.12732087075710297 0.025529291480779648 0.12202701717615128 0.051058582961559296
0 0.939020574092865 0.32782378792762756 0.12195885181427002 0.1761464625597
0 0.8152266144752502 0.29134950041770935 0.15650078654289246 0.17421762645244598
0 0.672173798084259 0.25462526082992554 0.16047482192516327 0.17664586007595062
0 0.526422917842865 0.21572273969650269 0.16254186630249023 0.17857566475868225
0 0.38178643584251404 0.17563927173614502 0.1582462191581726 0.17328710854053497
0 0.23889432847499847 0.13748537003993988 0.15840695798397064 0.1747167855501175
0 0.11426796019077301 0.10705909878015518 0.12171652168035507 0.16927263140678406
0 0.9309069514274597 0.4641374349594116 0.13818614184856415 0.1747167557477951
0 0.7996355891227722 0.4256421625614166 0.15586978197097778 0.17682847380638123
0 0.6576176285743713 0.38845303654670715 0.15968206524848938 0.17782676219940186
0 0.5125780701637268 0.3519454300403595 0.16126663982868195 0.17546559870243073
0 0.367861270904541 0.3125768303871155 0.15903884172439575 0.17210611701011658
0 0.2231433242559433 0.273208886384964 0.16126663982868195 0.17546559870243073
0 0.09915414452552795 0.24147671461105347 0.11758255213499069 0.1654139757156372
0 0.9233440160751343 0.6048986315727234 0.15331201255321503 0.18118532001972198
0 0.7837177515029907 0.5672101378440857 0.1580975204706192 0.18018701672554016
0 0.6397183537483215 0.5258216857910156 0.162059485912323 0.1742856353521347
0 0.4947601854801178 0.4885995090007782 0.15808536112308502 0.17185649275779724
0 0.3517877161502838 0.4511604309082031 0.15808536112308502 0.17185649275779724
0 0.2099296599626541 0.41254040598869324 0.15650078654289246 0.1742175966501236
0 0.08594042807817459 0.3808082342147827 0.12234851717948914 0.16666199266910553
0 0.9120526313781738 0.7391924858093262 0.16254186630249023 0.17857569456100464
0 0.7685235142707825 0.7023435235023499 0.155708909034729 0.1753978282213211
0 0.6257128119468689 0.6634740233421326 0.1611059457063675 0.1740359365940094
0 0.480438232421875 0.6246962547302246 0.16031406819820404 0.17521615326404572
0 0.3350028693675995 0.5873481035232544 0.16142737865447998 0.17689527571201324
0 0.19203133881092072 0.5499092936515808 0.15570896863937378 0.1753978431224823
0 0.06724957376718521 0.516497790813446 0.12504702806472778 0.16598105430603027
0 0.8984430432319641 0.8776844143867493 0.1601533144712448 0.1737864762544632
0 0.7542828917503357 0.8377256393432617 0.15968213975429535 0.17782683670520782
0 0.6093237400054932 0.8005032539367676 0.161749005317688 0.17975565791130066
0 0.46515747904777527 0.7649592161178589 0.15745440125465393 0.1744673252105713
0 0.32266831398010254 0.7232304215431213 0.15839572250843048 0.1663864403963089
0 0.17985758185386658 0.6843619346618652 0.15681128203868866 0.1687476933002472
0 0.05812215432524681 0.6543998122215271 0.11624430865049362 0.16573147475719452
0 0.883019745349884 0.9640346765518188 0.15631675720214844 0.07193060219287872
0 0.7397317290306091 0.9436356425285339 0.15949803590774536 0.11272869259119034
0 0.5958065986633301 0.9247913956642151 0.15949803590774536 0.15041722357273102
0 0.44902175664901733 0.8910132646560669 0.15568575263023376 0.15873751044273376
0 0.3075605034828186 0.853234052658081 0.1567990630865097 0.1604166328907013
0 0.16578279435634613 0.8138994574546814 0.15918858349323273 0.16520647704601288
0 0.0496922992169857 0.7810440063476562 0.0993845984339714 0.15454170107841492
