0 0.9838869571685791 0.2305999994277954 0.030273020267486572 0.45827198028564453
0 0.9311519861221313 0.23206397891044617 0.07324200868606567 0.461201012134552
0 0.85595703125 0.2305999994277954 0.07324200868606567 0.45827198028564453
0 0.7797850370407104 0.23206399381160736 0.07519501447677612 0.45534399151802063
0 0.69970703125 0.09443599730730057 0.07714802026748657 0.18594400584697723
0 0.6235350370407104 0.09297201037406921 0.07910197973251343 0.18301600217819214
0 0.5454100370407104 0.09297201037406921 0.07714802026748657 0.18301600217819214
0 0.4663090407848358 0.0907759964466095 0.07714802026748657 0.1786240041255951
0 0.3867189884185791 0.09370400011539459 0.07617199420928955 0.1844799816608429
0 0.3056640028953552 0.09297201037406921 0.08007800579071045 0.18301600217819214
0 0.22802698612213135 0.2276720106601715 0.0771479606628418 0.45241600275039673
0 0.1479489803314209 0.22840401530265808 0.0771479606628418 0.4538800120353699
0 0.06835901737213135 0.22694000601768494 0.078125 0.4509519934654236
0 0.015137016773223877 0.22840401530265808 0.030272960662841797 0.4538800120353699
0 0.21728497743606567 0.505856990814209 0.05566394329071045 0.09809696674346924
0 0.14746099710464478 0.5073210000991821 0.0820310115814209 0.10102498531341553
0 0.06787097454071045 0.5080530047416687 0.0771479606628418 0.09956097602844238
0 0.014648258686065674 0.5087850093841553 0.029296517372131348 0.10102498531341553
0 0.7133790254592896 0.4070279896259308 0.04589802026748657 0.3016110062599182
0 0.6621089577674866 0.4070279896259308 0.05664098262786865 0.29282599687576294
0 0.5908200144767761 0.39458298683166504 0.0585939884185791 0.3440699577331543
0 0.5351560115814209 0.39385101199150085 0.04882800579071045 0.33967798948287964
0 0.4726560115814209 0.39458298683166504 0.046875 0.335286021232605
0 0.4140620231628418 0.39458298683166504 0.0585939884185791 0.3469989597797394
0 0.34960901737213135 0.4099560081958771 0.04882800579071045 0.29575401544570923
0 0.2924799919128418 0.4033670127391815 0.04980504512786865 0.30600303411483765
