0 0.3567198215092591 0.1642063499061942 0.09967487822731369 0.13069639057412852
0 0.44295160078812934 0.1309084742890862 0.08978649436538116 0.12754925037273537
0 0.37451369383503846 0.27195150185553046 0.09136798164650739 0.1320651868747047
0 0.45946065047272344 0.24052559085001546 0.08365480176457107 0.1242605036682406
0 0.39082480663107333 0.37650894055118284 0.09156650676351347 0.12677854702264646
0 0.47418946225077857 0.3448551021149645 0.09255513206100463 0.13378114909405364
0 0.4085197403248078 0.4835530494431026 0.10046591796877824 0.142985958712819
0 0.4926752824253493 0.4575016936062347 0.08958810386291555 0.13283684375040483
0 0.4219629427044106 0.5934143866183235 0.09255486429816417 0.12709312159617625
0 0.5079971937710852 0.5660325764045191 0.0826664804362317 0.1239459813947833
0 0.4387683570781382 0.7014731500106824 0.09413730926403074 0.1316093085279133
0 0.5254944510149263 0.6716765800561078 0.08682039128597774 0.1199182214599036
0 0.4582434249757861 0.8101462901078396 0.09631265643818843 0.13363891065373623
0 0.5401245333038937 0.7789645926007531 0.09314798801712287 0.13129444082943909
0 0.47405948792381103 0.9185199308035688 0.09749977667389081 0.13535486326818924
0 0.5572267006593241 0.8927830972401583 0.09690665295493217 0.1311535440349264
0 0.4832514483283845 0.9812095566668988 0.09453480936621483 0.03758088666620252
0 0.5706702845952427 0.966346294242858 0.09572175631138313 0.06730741151428388
0 0.5375892306407144 0.09493529898329162 0.11134454216878742 0.1397612003483268
0 0.6322270114732891 0.06504286138921828 0.10877264720414515 0.13008572277843655
0 0.7252824475468909 0.05063573916356832 0.10501495954050566 0.10127147832713664
0 0.8136907156060555 0.036087327396382506 0.10778435203625591 0.07217465479276501
0 0.9151510063531479 0.02215243948417239 0.1267714561947948 0.04430487896834478
0 0.5536040260249799 0.2010510906718958 0.1085748462061783 0.13352895122392536
0 0.6466585862461132 0.17582509837348298 0.10639980601493104 0.1381874502436407
0 0.7396151893791482 0.14624013989829998 0.10679513777719807 0.14098773437196413
0 0.8302977251616792 0.12250061877641147 0.10580667626845541 0.13398608831520126
0 0.9309672170162577 0.08533922148703346 0.1267714546879155 0.14199568725742828
0 0.5687283636188619 0.31184043520472915 0.11154190458306212 0.13447326617247
0 0.6634648440331958 0.2802249602153574 0.10481746100481149 0.14035830633168545
0 0.7533557664329199 0.25454279502507404 0.1002688063497792 0.12821094781862466
0 0.8453231414529128 0.2289313151629387 0.10541120989164832 0.13118485066126662
0 0.9432812473316545 0.19619921292843123 0.11343750533669095 0.1368500103804441
0 0.5858302893719021 0.418341772804093 0.10738888867320717 0.1318142929332708
0 0.6783905495222218 0.38961446648276754 0.10778343294508708 0.14130227550397673
0 0.7703579838952179 0.3640029602949776 0.10303744659750713 0.14112899545004892
0 0.8603485542280949 0.33536198664394623 0.10897047691466655 0.14301727957088478
0 0.9486185437584556 0.3039593710290384 0.102762912483089 0.14511145892751265
0 0.6007558562280435 0.5277302970824408 0.10798184705589875 0.12932851435764608
0 0.6936136337037611 0.49744531916518203 0.10620183666693872 0.1300992319394606
0 0.7855810660675849 0.47183379874566655 0.10778435404542819 0.13461552347134265
0 0.8769553226836213 0.44567854176529154 0.10620200602155039 0.13678635821179924
0 0.95692192995418 0.4123329974930421 0.08615614009164008 0.1405955700987862
0 0.6167707462530538 0.6375047103594127 0.10877280651289556 0.14161710548534046
0 0.7109133748110454 0.6090053620700381 0.10916827590346101 0.14441836448686352
0 0.8009039851177178 0.5767067203562503 0.1063988879283484 0.14487422362386293
0 0.8943547557161984 0.5506221366100942 0.10699263078766841 0.1357007252582676
0 0.9662147359286744 0.5231929960503027 0.06757052814265141 0.14105134384543244
0 0.6322904606059288 0.7474367065371268 0.11332191899036659 0.1337025770541066
0 0.7268284015469795 0.7180800006389739 0.10699263078766852 0.13570072525826737
0 0.8178073274053349 0.6891244666461381 0.10699263078766852 0.13570072525826737
0 0.9107639300360768 0.6595395046130238 0.10580636727637305 0.12729797293793754
0 0.9736285734617448 0.6317238503851359 0.05274285307651039 0.14805301124978343
0 0.64919458335183 0.8525369307570607 0.11391504270932529 0.13790389628736943
0 0.7434361756977306 0.8247385803408929 0.10620200602155017 0.13678635821179908
0 0.8349092491400307 0.7956257757820508 0.10679497645927549 0.1343006650265276
0 0.9277670369536813 0.768998375559129 0.10699280014228019 0.1423878515306063
0 0.9826248477143434 0.7383834547712937 0.03475030457131312 0.14850978121721758
0 0.6636268570471902 0.9469514320779213 0.11154343276873113 0.10609713584415736
0 0.7584622650843327 0.92019393644393 0.10382938197454883 0.11329423964091978
0 0.8501330974144046 0.8924814860049979 0.10046801297390817 0.10954952380922545
0 0.9421993026123522 0.8675700576063209 0.10224772140288851 0.10209074066118684
0 0.992015750661673 0.8360968114523706 0.015968498676653953 0.10586765467911208
