0 0.19287100434303284 0.5073210000991821 0.08105498552322388 0.05417299270629883
0 0.1909179985523224 0.5724740028381348 0.07910200953483582 0.07613503932952881
0 0.191894993185997 0.6515370011329651 0.07714799046516418 0.0790630578994751
0 0.2680659890174866 0.6530010104179382 0.07519501447677612 0.07613503932952881
0 0.2680659890174866 0.5768669843673706 0.07519501447677612 0.07613503932952881
0 0.2680659890174866 0.5021960139274597 0.07519501447677612 0.07320597767829895
0 0.3427729904651642 0.4963400065898895 0.0742189884185791 0.07906299829483032
0 0.40771499276161194 0.49487602710723877 0.053710997104644775 0.08491900563240051
0 0.45507800579071045 0.4919469952583313 0.04101598262786865 0.08784797787666321
0 0.3427729904651642 0.576134979724884 0.07226598262786865 0.07759904861450195
0 0.4072270095348358 0.5739390254020691 0.05664098262786865 0.08199095726013184
0 0.45898398756980896 0.5746709704399109 0.04882800579071045 0.07759904861450195
0 0.34179699420928955 0.6515370011329651 0.0742189884185791 0.07613503932952881
0 0.4072270095348358 0.6522690057754517 0.05664098262786865 0.07467103004455566
0 0.46240198612213135 0.6544659733772278 0.053710997104644775 0.0790630578994751
0 0.8154299855232239 0.505856990814209 0.08007800579071045 0.05710101127624512
0 0.8178709745407104 0.5732060074806213 0.0830080509185791 0.08052694797515869
0 0.8178709745407104 0.6508049964904785 0.08105504512786865 0.08345496654510498
0 0.7377930283546448 0.5754029750823975 0.0771479606628418 0.07906293869018555
0 0.7368159890174866 0.5043920278549194 0.07519495487213135 0.0629580020904541
0 0.6621090173721313 0.49560800194740295 0.07617199420928955 0.08345502614974976
0 0.5957030057907104 0.494143009185791 0.05664098262786865 0.08052697777748108
0 0.5444340109825134 0.4890190064907074 0.0458979606628418 0.09077602624893188
0 0.6606450080871582 0.5754029750823975 0.0693359375 0.07613503932952881
0 0.5966799855232239 0.576134979724884 0.0585939884185791 0.07759904861450195
0 0.5419920086860657 0.5754029750823975 0.0507810115814209 0.07613503932952881
0 0.5429689884185791 0.6544659733772278 0.05273401737213135 0.08199095726013184
