0 0.8803408741950989 0.049737051129341125 0.13708698749542236 0.09947410225868225
0 0.7457271218299866 0.053911905735731125 0.13894224166870117 0.10782381147146225
0 0.6095260977745056 0.058212943375110626 0.1479036808013916 0.11642588675022125
0 0.46837225556373596 0.05972834303975105 0.14090865850448608 0.1194566860795021
0 0.3306962251663208 0.06390267610549927 0.13708698749542236 0.12780535221099854
0 0.1940038949251175 0.06974433362483978 0.14294980466365814 0.1278066784143448
0 0.062037743628025055 0.08149399608373642 0.12407548725605011 0.13671161234378815
0 0.8824105858802795 0.1815045028924942 0.13616697490215302 0.16670076549053192
0 0.7487057447433472 0.1890752762556076 0.14006337523460388 0.16554847359657288
0 0.6105197072029114 0.19484105706214905 0.14490412175655365 0.1630917489528656
0 0.4723523259162903 0.20128384232521057 0.14002607762813568 0.16419343650341034
0 0.3347136676311493 0.20905737578868866 0.1439961940050125 0.16575118899345398
0 0.19904141128063202 0.21672853827476501 0.13609223067760468 0.16399066150188446
0 0.06770256906747818 0.22632041573524475 0.13540513813495636 0.16958963871002197
0 0.8856508731842041 0.33468925952911377 0.1376849263906479 0.15054045617580414
0 0.7513789534568787 0.33957532048225403 0.13878072798252106 0.1546563357114792
0 0.6151406168937683 0.34456169605255127 0.14161871373653412 0.15074323117733002
0 0.47651928663253784 0.35238587856292725 0.14354775846004486 0.14948950707912445
0 0.33740556240081787 0.36023443937301636 0.1426013708114624 0.1507938802242279
0 0.20218825340270996 0.36652618646621704 0.13575589656829834 0.1517941802740097
0 0.06919141858816147 0.37609174847602844 0.13838283717632294 0.15734247863292694
0 0.8900849223136902 0.4776346683502197 0.13863125443458557 0.14923614263534546
0 0.7553403377532959 0.483223021030426 0.13870598375797272 0.15194621682167053
0 0.6182491183280945 0.49300330877304077 0.14377199113368988 0.1576208472251892
0 0.48066750168800354 0.5028088688850403 0.13968972861766815 0.1519969254732132
0 0.3434827923774719 0.5092020630836487 0.1426013708114624 0.1507939100265503
0 0.20875690877437592 0.5154674053192139 0.13477322459220886 0.15174350142478943
0 0.07272189110517502 0.5250076651573181 0.14544378221035004 0.15734249353408813
0 0.8955026865005493 0.6205283403396606 0.13579319417476654 0.15314920246601105
0 0.7608141303062439 0.6281498074531555 0.14158140122890472 0.14938820898532867
0 0.6227214932441711 0.6373026967048645 0.1426762342453003 0.15350398421287537
0 0.48413652181625366 0.646481990814209 0.1425640732049942 0.14943885803222656
0 0.34651651978492737 0.6549325585365295 0.14067232608795166 0.1520475447177887
0 0.21084530651569366 0.6626046895980835 0.13866855204105377 0.15059122443199158
0 0.07269880920648575 0.6694347858428955 0.1453976184129715 0.15036451816558838
0 0.8981198072433472 0.7689952850341797 0.13878072798252106 0.1546563357114792
0 0.762938916683197 0.7766421437263489 0.13972704112529755 0.15335196256637573
0 0.6257739067077637 0.7837122678756714 0.14267617464065552 0.15350396931171417
0 0.48815396428108215 0.7921628355979919 0.14063502848148346 0.15069258213043213
0 0.35095158219337463 0.7978779077529907 0.14154396951198578 0.14803312718868256
0 0.21382294595241547 0.8063031435012817 0.1404854953289032 0.14527226984500885
0 0.07378971576690674 0.8179523944854736 0.14757943153381348 0.15448027849197388
0 0.07549010962247849 0.943534791469574 0.15098021924495697 0.11293040215969086
0 0.9034441113471985 0.9085018038749695 0.13349050283432007 0.14085142314434052
0 0.7681324481964111 0.9114055037498474 0.14794109761714935 0.13077020645141602
0 0.6272962093353271 0.9267601370811462 0.13961493968963623 0.14647969603538513
0 0.489620178937912 0.9310110211372375 0.1375354528427124 0.13797792792320251
0 0.3530399799346924 0.9358380436897278 0.1415066123008728 0.12832388281822205
0 0.21873070299625397 0.9380051493644714 0.13655279576778412 0.12398970127105713
