0 0.1417299062013626 0.28885436058044434 0.10470034927129745 0.18663565814495087
0 0.18616080284118652 0.5379396677017212 0.14016835391521454 0.37687596678733826
0 0.2716525197029114 0.25440284609794617 0.11334285140037537 0.20522457361221313
0 0.3571819067001343 0.2241162657737732 0.1153227910399437 0.20091450214385986
0 0.44502297043800354 0.19220608472824097 0.11796944588422775 0.20575052499771118
0 0.5319110155105591 0.1577635556459427 0.1152879148721695 0.2059793323278427
0 0.6082220673561096 0.12815098464488983 0.09681746363639832 0.1988118588924408
0 0.3069725036621094 0.4867043197154999 0.12403102964162827 0.3147507309913635
0 0.38457444310188293 0.404341459274292 0.1106254830956459 0.21051788330078125
0 0.4136730432510376 0.5432659387588501 0.10357875376939774 0.13795439898967743
0 0.4860582649707794 0.4215642213821411 0.1449139267206192 0.32539308071136475
0 0.5632449388504028 0.3277507424354553 0.11404542624950409 0.20930622518062592
0 0.5903637409210205 0.4732498526573181 0.10257039964199066 0.14264146983623505
0 0.6497429013252258 0.357319712638855 0.10871124267578125 0.31007522344589233
