0 0.7344090938568115 0.2778533101081848 0.49330657720565796 0.14881908893585205
0 0.25980672240257263 0.21796514093875885 0.4824015200138092 0.15383870899677277
0 0.09720923006534576 0.4520394504070282 0.19441846013069153 0.4050907790660858
0 0.8377728462219238 0.5354300141334534 0.23436926305294037 0.39860799908638
0 0.6311919689178467 0.3352195620536804 0.30739346146583557 0.07005196064710617
0 0.3307969272136688 0.3023318350315094 0.3035968244075775 0.07713361084461212
0 0.6214330196380615 0.39996257424354553 0.2777631878852844 0.0929775983095169
0 0.32389387488365173 0.36088040471076965 0.2712387442588806 0.08472118526697159
1 0.5989405512809753 0.5708398222923279 0.31605157256126404 0.31773990392684937
1 0.2921190559864044 0.5346131920814514 0.327182799577713 0.3139980137348175
