0 0.26527801156044006 0.034258998930454254 0.20833301544189453 0.06481499969959259
0 0.26527801156044006 0.1935189962387085 0.21944399178028107 0.10185199975967407
0 0.26527801156044006 0.36851900815963745 0.2805560231208801 0.10370397567749023
0 0.2666670083999634 0.5490739941596985 0.2944439649581909 0.10555601119995117
0 0.2666670083999634 0.7388889789581299 0.28888899087905884 0.10740697383880615
0 0.26388901472091675 0.9212960004806519 0.2944439649581909 0.1018519401550293
0 0.5527780055999756 0.03796299919486046 0.21666696667671204 0.07222200185060501
0 0.5583329796791077 0.19907400012016296 0.21111097931861877 0.10555601119995117
0 0.5666670203208923 0.367592990398407 0.1499999761581421 0.10185199975967407
0 0.6458330154418945 0.5527780055999756 0.2972220182418823 0.1018519401550293
0 0.6430559754371643 0.742592990398407 0.3027780055999756 0.10740697383880615
0 0.6388890147209167 0.925000011920929 0.2944439649581909 0.09814798831939697
0 0.8861110210418701 0.0444440022110939 0.22777795791625977 0.07777799665927887
0 0.887499988079071 0.13055600225925446 0.21944403648376465 0.08333299309015274
0 0.8833330273628235 0.21296299993991852 0.22777795791625977 0.08148100972175598
0 0.8861110210418701 0.293518990278244 0.2111109495162964 0.07963001728057861
0 0.8986110091209412 0.38055598735809326 0.19722199440002441 0.07592600584030151
0 0.9013890027999878 0.46203696727752686 0.19166696071624756 0.07962998747825623
0 0.8986110091209412 0.5453699827194214 0.20277798175811768 0.09074100852012634
0 0.8986110091209412 0.6314809918403625 0.20277798175811768 0.0814809799194336
0 0.9027780294418335 0.7175930142402649 0.194443941116333 0.07963001728057861
0 0.8999999761581421 0.7935190200805664 0.194443941116333 0.07963001728057861
0 0.8999999761581421 0.8777779936790466 0.20000004768371582 0.08888900279998779
0 0.9027780294418335 0.9592589735984802 0.194443941116333 0.0814809799194336
