0 0.1445309966802597 0.1749269962310791 0.28710898756980896 0.34693896770477295
0 0.4287109971046448 0.17638498544692993 0.28125 0.3498539924621582
0 0.7177730202674866 0.16836699843406677 0.28710901737213135 0.3338189721107483
0 0.9301760196685791 0.12244901061058044 0.1396479606628418 0.24198299646377563
0 0.9301760196685791 0.5189499855041504 0.1396479606628418 0.3965010344982147
0 0.9301760196685791 0.8593289852142334 0.1396479606628418 0.28134095668792725
0 0.7148439884185791 0.8666179776191711 0.28710901737213135 0.2667640447616577
0 0.7182620167732239 0.5298830270767212 0.29199206829071045 0.41253602504730225
0 0.4287109971046448 0.5430030226707458 0.2851560115814209 0.3950439691543579
0 0.14160197973251343 0.559037983417511 0.28125 0.40670597553253174
0 0.14306601881980896 0.8833820223808289 0.2783200144767761 0.23323595523834229
0 0.4262700080871582 0.8688047528266907 0.2919919788837433 0.26239049434661865
2 0.4331049919128418 0.4591839909553528 0.2568359673023224 0.4402329921722412
