0 0.8071290254592896 0.5073210000991821 0.08105498552322388 0.05417299270629883
0 0.80908203125 0.5724740028381348 0.07910197973251343 0.07613503932952881
0 0.8081049919128418 0.6515370011329651 0.0771479606628418 0.0790630578994751
0 0.7319340109825134 0.6530010104179382 0.07519495487213135 0.07613503932952881
0 0.7319340109825134 0.5768669843673706 0.07519495487213135 0.07613503932952881
0 0.7319340109825134 0.5021960139274597 0.07519495487213135 0.07320597767829895
0 0.6572270393371582 0.4963400065898895 0.0742189884185791 0.07906299829483032
0 0.5922850370407104 0.49487602710723877 0.053710997104644775 0.08491900563240051
0 0.5449219942092896 0.4919469952583313 0.04101598262786865 0.08784797787666321
0 0.6572269797325134 0.576134979724884 0.07226598262786865 0.07759904861450195
0 0.5927730202674866 0.5739390254020691 0.05664098262786865 0.08199095726013184
0 0.5410160422325134 0.5746709704399109 0.04882800579071045 0.07759904861450195
0 0.6582030057907104 0.6515370011329651 0.0742189884185791 0.07613503932952881
0 0.5927730202674866 0.6522690057754517 0.05664098262786865 0.07467103004455566
0 0.5375980138778687 0.6544659733772278 0.0537109375 0.0790630578994751
0 0.18457001447677612 0.505856990814209 0.08007800579071045 0.05710101127624512
0 0.18212902545928955 0.5732060074806213 0.0830080509185791 0.08052694797515869
0 0.18212902545928955 0.6508049964904785 0.08105504512786865 0.08345496654510498
0 0.2622069716453552 0.5754029750823975 0.0771479606628418 0.07906293869018555
0 0.2631840109825134 0.5043920278549194 0.07519495487213135 0.0629580020904541
0 0.33789098262786865 0.49560800194740295 0.07617199420928955 0.08345502614974976
0 0.40429699420928955 0.494143009185791 0.05664098262786865 0.08052697777748108
0 0.4555659890174866 0.4890190064907074 0.0458979606628418 0.09077602624893188
0 0.3393549919128418 0.5754029750823975 0.0693359375 0.07613503932952881
0 0.4033200144767761 0.576134979724884 0.0585939884185791 0.07759904861450195
0 0.4580079913139343 0.5754029750823975 0.0507810115814209 0.07613503932952881
0 0.4570310115814209 0.6544659733772278 0.05273401737213135 0.08199095726013184
