2 0.5104110240936279 0.682772159576416 0.10988717526197433 0.22593165934085846
2 0.6214972734451294 0.7879167795181274 0.08768385648727417 0.25258079171180725
0 0.781905472278595 0.3086431920528412 0.12808126211166382 0.370942085981369
0 0.8864750862121582 0.3208537995815277 0.1270117610692978 0.36928749084472656
0 0.9689058661460876 0.33132240176200867 0.0621882788836956 0.34587362408638
0 0.7402568459510803 0.7814794778823853 0.14069005846977234 0.4370410144329071
0 0.8564643859863281 0.792911946773529 0.13605602085590363 0.4141760766506195
0 0.40327444672584534 0.7565820217132568 0.1208556741476059 0.4791984558105469
0 0.5137223601341248 0.7671827077865601 0.11705466359853745 0.4656345844268799
0 0.622565507888794 0.7752706408500671 0.12406221032142639 0.4494587779045105
0 0.4520525336265564 0.23298202455043793 0.10897450149059296 0.44782453775405884
0 0.5549005270004272 0.2426246851682663 0.11799713969230652 0.43193039298057556
0 0.6665942668914795 0.26214396953582764 0.13212889432907104 0.4330347776412964
0 0.35288652777671814 0.22551235556602478 0.10944802314043045 0.44206658005714417
0 0.2647646367549896 0.22678788006305695 0.1491161286830902 0.4535757601261139
0 0.17070372402668 0.22575107216835022 0.14768967032432556 0.45150214433670044
0 0.07884036749601364 0.224972665309906 0.1487591564655304 0.449945330619812
0 0.2915779948234558 0.7551103234291077 0.1195497214794159 0.4862659275531769
0 0.2069007009267807 0.7472629547119141 0.15778890252113342 0.484441339969635
0 0.10826902091503143 0.7391374111175537 0.1536317616701126 0.4793033003807068
0 0.042186539620161057 0.7359611392021179 0.08437307924032211 0.45275530219078064
