0 0.17408673465251923 0.1927187293767929 0.29640352725982666 0.3854374587535858
0 0.44813233613967896 0.17727196216583252 0.2909200191497803 0.35454392433166504
0 0.7263486385345459 0.15213385224342346 0.29566171765327454 0.3042677044868469
0 0.9271820783615112 0.08800147473812103 0.14563579857349396 0.17600294947624207
0 0.9362074136734009 0.45122209191322327 0.12758514285087585 0.42443111538887024
0 0.9474581480026245 0.8014258146286011 0.10508366674184799 0.30594703555107117
0 0.7630055546760559 0.8343451023101807 0.2918702960014343 0.3083571195602417
0 0.7472609281539917 0.4874870777130127 0.30482006072998047 0.458913117647171
0 0.46886172890663147 0.5351672172546387 0.2972407341003418 0.44010916352272034
0 0.1929815113544464 0.5855581760406494 0.2941345274448395 0.45164668560028076
0 0.21273203194141388 0.8913397192955017 0.28150153160095215 0.21732057631015778
0 0.48493003845214844 0.8592221140861511 0.29633042216300964 0.28155580163002014
2 0.4683583974838257 0.4484100937843323 0.2724939286708832 0.483259379863739
