0 0.31103500723838806 0.3709680140018463 0.10839802026748657 0.09384196996688843
0 0.4243159890174866 0.37243399024009705 0.11816400289535522 0.09090900421142578
0 0.5444340109825134 0.3746330142021179 0.12206998467445374 0.09530800580978394
0 0.9184569716453552 0.14882700145244598 0.0458979606628418 0.10997100919485092
0 0.9213870167732239 0.30571800470352173 0.04980504512786865 0.10703802108764648
0 0.7368159890174866 0.3387100100517273 0.0478520393371582 0.11436998844146729
0 0.061034999787807465 0.5271260142326355 0.12011699378490448 0.16568899154663086
0 0.18847699463367462 0.5205280184745789 0.1328119933605194 0.1788860261440277
0 0.3237299919128418 0.5271260142326355 0.13574200868606567 0.162757009267807
0 0.45849600434303284 0.5271260142326355 0.13378900289535522 0.162757009267807
0 0.5922849774360657 0.5300589799880981 0.13378894329071045 0.16568899154663086
0 0.7255859971046448 0.5300589799880981 0.1328120231628418 0.16568899154663086
0 0.8579099774360657 0.535190999507904 0.13183605670928955 0.15542498230934143
0 0.061034999787807465 0.695747971534729 0.11621099710464478 0.17741894721984863
0 0.18798799812793732 0.695015013217926 0.13769498467445374 0.1788860559463501
0 0.2880859971046448 0.7008799910545349 0.06835901737213135 0.18181800842285156
0 0.39208999276161194 0.6414960026741028 0.13574200868606567 0.06598198413848877
0 0.5297849774360657 0.6414960026741028 0.13378897309303284 0.06598198413848877
0 0.6625980138778687 0.695747971534729 0.1337890625 0.17741894721984863
0 0.7973629832267761 0.6986799836158752 0.1298830509185791 0.17155396938323975
4 0.921875 0.7038120031356812 0.0273439884185791 0.17595303058624268
2 0.5966799855232239 0.7727270126342773 0.025390982627868652 0.11143696308135986
2 0.6201170086860657 0.7734599709510803 0.021484017372131348 0.09530794620513916
2 0.7309569716453552 0.7631959915161133 0.028319954872131348 0.04838705062866211
2 0.4965820014476776 0.8079180121421814 0.040039002895355225 0.14955997467041016
2 0.3388670086860657 0.8277130126953125 0.0273439884185791 0.1627570390701294
2 0.21972699463367462 0.7521989941596985 0.03906199336051941 0.0938420295715332
2 0.20263700187206268 0.7448679804801941 0.018555015325546265 0.0703810453414917
2 0.18847699463367462 0.7873899936676025 0.0351560115814209 0.11143696308135986
2 0.10107400268316269 0.7998530268669128 0.040039002895355225 0.08944296836853027
2 0.06298799812793732 0.8115839958190918 0.03222699463367462 0.10703802108764648
