0 0.633704662322998 0.5158225297927856 0.164877787232399 0.25230881571769714
0 0.4387890696525574 0.4756404757499695 0.17495836317539215 0.2354639619588852
0 0.3424179255962372 0.45651236176490784 0.0683261901140213 0.21660366654396057
0 0.26013466715812683 0.4334459602832794 0.13023383915424347 0.23072917759418488
0 0.5395944118499756 0.4929194748401642 0.06795386224985123 0.22198867797851562
0 0.7215463519096375 0.7747418284416199 0.04985891282558441 0.1850411295890808
0 0.646812379360199 0.7948793172836304 0.07449235022068024 0.2699733078479767
0 0.5550605654716492 0.7768052220344543 0.1603274643421173 0.29776322841644287
0 0.4205712676048279 0.7418279647827148 0.16005149483680725 0.2949652373790741
0 0.32731616497039795 0.7198349833488464 0.07518216967582703 0.2769686281681061
0 0.25365275144577026 0.6572539806365967 0.051665544509887695 0.17588144540786743
