0 0.2887086868286133 0.43173426389694214 0.08616529405117035 0.1992916464805603
0 0.35033515095710754 0.4544980525970459 0.08593538403511047 0.19783957302570343
0 0.42728185653686523 0.48349830508232117 0.08639518171548843 0.20074363052845
0 0.48828816413879395 0.5037386417388916 0.0816168487071991 0.19355733692646027
0 0.5689563751220703 0.5317650437355042 0.08327081054449081 0.19825848937034607
0 0.6292737126350403 0.5563637018203735 0.08419054001569748 0.20406748354434967
0 0.7087247967720032 0.5824205875396729 0.07872248440980911 0.1925242394208908
0 0.7693860530853271 0.6048399209976196 0.08088167011737823 0.1946648359298706
0 0.48546990752220154 0.31554165482521057 0.1360899955034256 0.15819239616394043
0 0.6261802911758423 0.36346423625946045 0.13636428117752075 0.15417949855327606
0 0.8585469126701355 0.6757919192314148 0.06571070849895477 0.12759065628051758
0 0.29352867603302 0.5976315140724182 0.13378475606441498 0.11489357054233551
0 0.4357789158821106 0.6422685980796814 0.13860850036144257 0.11661534011363983
0 0.5757984519004822 0.6945478916168213 0.13741432130336761 0.11481821537017822
0 0.7166469097137451 0.7448219060897827 0.12537765502929688 0.10778190940618515
