0 0.12302299588918686 0.368265300989151 0.22352029383182526 0.40757986903190613
0 0.10858029127120972 0.6283928751945496 0.20915915071964264 0.14892126619815826
0 0.27286410331726074 0.3730714023113251 0.07922255247831345 0.40546461939811707
0 0.25740140676498413 0.6515702605247498 0.06445347517728806 0.1394587606191635
0 0.13867631554603577 0.07929433882236481 0.23397347331047058 0.15858867764472961
0 0.32311415672302246 0.08709061145782471 0.136128231883049 0.17418122291564941
0 0.4571773409843445 0.09549976885318756 0.13515985012054443 0.19099953770637512
0 0.5953569412231445 0.09986560791730881 0.13757455348968506 0.19973121583461761
0 0.7300212979316711 0.11836660653352737 0.13846030831336975 0.2086108922958374
0 0.8976689577102661 0.1372392475605011 0.204662024974823 0.22717145085334778
0 0.7388891577720642 0.5116624236106873 0.09141703695058823 0.5558561682701111
0 0.8884627819061279 0.522282600402832 0.22307442128658295 0.5387436747550964
0 0.44205769896507263 0.5209068059921265 0.15051092207431793 0.5122188925743103
0 0.5707553029060364 0.5378512144088745 0.14833027124404907 0.5075660347938538
