0 0.9223029613494873 0.24671195447444916 0.1018732488155365 0.20193266868591309
0 0.8144539594650269 0.2286446988582611 0.11234448850154877 0.22105154395103455
0 0.662896454334259 0.20036612451076508 0.1893494725227356 0.24862585961818695
0 0.482831746339798 0.1678672432899475 0.1694091558456421 0.2677006125450134
0 0.9207019209861755 0.43834611773490906 0.10472359508275986 0.20074278116226196
0 0.8104655146598816 0.43221625685691833 0.11614347249269485 0.21747514605522156
0 0.6607987284660339 0.4158792793750763 0.19314736127853394 0.2450494021177292
0 0.48262259364128113 0.39651694893836975 0.16368001699447632 0.23784178495407104
0 0.4828817844390869 0.6323322057723999 0.1817242056131363 0.2247341275215149
0 0.6663017272949219 0.6331953406333923 0.17980945110321045 0.20920968055725098
0 0.9210025072097778 0.6299830079078674 0.09805892407894135 0.18759936094284058
0 0.8131307363510132 0.6357964277267456 0.1085171103477478 0.19239047169685364
0 0.23029501736164093 0.4033146798610687 0.10562635958194733 0.1494029462337494
