0 0.7371479868888855 0.15581856667995453 0.1558895707130432 0.2929028868675232
0 0.5847616791725159 0.1662234514951706 0.1559763252735138 0.2975481450557709
0 0.43234744668006897 0.17507918179035187 0.15972575545310974 0.29306724667549133
0 0.28080475330352783 0.17924855649471283 0.15388517081737518 0.28817540407180786
0 0.13170215487480164 0.18563787639141083 0.1548444926738739 0.2882165014743805
0 0.029843591153621674 0.19433650374412537 0.05968718230724335 0.2927941083908081
0 0.7410156726837158 0.4400095045566559 0.16042377054691315 0.279172420501709
0 0.5889938473701477 0.44419941306114197 0.1614697277545929 0.2838588058948517
0 0.43951332569122314 0.45602911710739136 0.15952333807945251 0.28222858905792236
0 0.2846435010433197 0.4618903696537018 0.15464207530021667 0.2773778736591339
0 0.13357992470264435 0.4660392105579376 0.1576625108718872 0.2852425277233124
0 0.03145860508084297 0.47618424892425537 0.06291721016168594 0.28032517433166504
