0 0.32763925194740295 0.46494805812835693 0.14107123017311096 0.304067999124527
0 0.4666469693183899 0.48735496401786804 0.2148221880197525 0.3220022916793823
0 0.6052471995353699 0.5029357075691223 0.13899515569210052 0.30736902356147766
0 0.29190537333488464 0.7195214033126831 0.13878649473190308 0.2287735491991043
0 0.5648160576820374 0.7587447166442871 0.11362487822771072 0.21835537254810333
0 0.7998484969139099 0.5861491560935974 0.14681552350521088 0.1845826357603073
0 0.04753889515995979 0.4328405559062958 0.09507779031991959 0.2016844004392624
0 0.06021331995725632 0.7121407985687256 0.060963407158851624 0.16031122207641602
0 0.17141148447990417 0.7241542339324951 0.06574621051549911 0.15855306386947632
1 0.4353150427341461 0.75789475440979 0.1971389651298523 0.2054191380739212
