0 0.11754344403743744 0.5947319865226746 0.08438430726528168 0.2518521249294281
0 0.15912406146526337 0.49706369638442993 0.057323191314935684 0.11323244124650955
1 0.17735913395881653 0.6255524754524231 0.06937075406312943 0.1563449203968048
0 0.22542735934257507 0.5473052263259888 0.09924505650997162 0.27375519275665283
0 0.2911078929901123 0.5217707753181458 0.09669241309165955 0.26869046688079834
0 0.35457924008369446 0.49779126048088074 0.10690974444150925 0.2834024429321289
0 0.41968241333961487 0.4685837924480438 0.10133035480976105 0.28143101930618286
1 0.49343782663345337 0.5037845373153687 0.09283856302499771 0.17712660133838654
0 0.47312119603157043 0.36517462134361267 0.08962249010801315 0.13990992307662964
0 0.5569757223129272 0.4115406274795532 0.11921226233243942 0.30578920245170593
0 0.6313684582710266 0.3883555233478546 0.11874395608901978 0.30839988589286804
