0 0.6459140181541443 0.27031299471855164 0.08949398994445801 0.20625001192092896
0 0.7198439836502075 0.28281301259994507 0.06225705146789551 0.19687499105930328
0 0.8696500062942505 0.32968801259994507 0.05058395862579346 0.08437502384185791
0 0.7684820294380188 0.5382810235023499 0.14396893978118896 0.18281197547912598
0 0.6585599780082703 0.5398439764976501 0.08365797996520996 0.1890619993209839
0 0.46498098969459534 0.5351560115814209 0.10116702318191528 0.14531302452087402
0 0.25486400723457336 0.5265629887580872 0.04280199110507965 0.10000002384185791
0 0.40564200282096863 0.296875 0.11478596925735474 0.140625
0 0.5058370232582092 0.33281299471855164 0.08171200752258301 0.12187498807907104
0 0.04766499996185303 0.39765599370002747 0.021401003003120422 0.06718701124191284
0 0.07976700365543365 0.38906198740005493 0.027236998081207275 0.078125
0 0.11478599905967712 0.37421900033950806 0.031127996742725372 0.09531199932098389
0 0.15953299403190613 0.35781198740005493 0.050583988428115845 0.11562502384185791
0 0.21789899468421936 0.32890599966049194 0.06614798307418823 0.12343800067901611
0 0.29572001099586487 0.299219012260437 0.0933849960565567 0.13593699038028717
0 0.23249000310897827 0.638280987739563 0.10311299562454224 0.19843697547912598
0 0.3628399968147278 0.6734380125999451 0.1459140181541443 0.25
0 0.592411994934082 0.7296879887580872 0.297664999961853 0.359375
0 0.873540997505188 0.7796869874000549 0.252918004989624 0.44062507152557373
