0 0.8439528346061707 0.15535922348499298 0.15921171009540558 0.25725093483924866
0 0.6939272284507751 0.1713322103023529 0.15863528847694397 0.26925942301750183
0 0.5458018183708191 0.1961965560913086 0.15679213404655457 0.27503472566604614
0 0.3976762890815735 0.22106195986270905 0.1586352288722992 0.26925939321517944
0 0.8533121347427368 0.37512582540512085 0.15330086648464203 0.21002152562141418
0 0.7048414945602417 0.3908698558807373 0.15790769457817078 0.22279313206672668
0 0.5535677075386047 0.4151788353919983 0.1601344347000122 0.22715243697166443
0 0.4028889238834381 0.44143903255462646 0.15671756863594055 0.21858645975589752
0 0.8632674813270569 0.5693269968032837 0.15479779243469238 0.22233527898788452
0 0.711916983127594 0.5916094779968262 0.16309091448783875 0.22355622053146362
0 0.5583014488220215 0.609129786491394 0.1585608571767807 0.21281112730503082
0 0.40913936495780945 0.6341478824615479 0.15433749556541443 0.21017414331436157
0 0.8701128959655762 0.7639859914779663 0.15921396017074585 0.20282918214797974
0 0.4159080386161804 0.8267793655395508 0.1582145243883133 0.23090119659900665
