0 0.5297300219535828 0.8774769902229309 0.09729698300361633 0.24504506587982178
0 0.6344590187072754 0.8774769902229309 0.10135102272033691 0.24504506587982178
0 0.7398650050163269 0.8756757378578186 0.1094590425491333 0.2486485242843628
0 0.8533779978752136 0.8774769902229309 0.1202700138092041 0.24504506587982178
0 0.9486487507820129 0.8765767812728882 0.10270249843597412 0.2468464970588684
0 0.41959500312805176 0.8765767812728882 0.10135102272033691 0.2468464970588684
0 0.31418898701667786 0.8756757378578186 0.09594601392745972 0.2486485242843628
0 0.20067599415779114 0.8720719814300537 0.1256759911775589 0.2558560371398926
0 0.5006757378578186 0.5630630254745483 0.9986485242843628 0.3765770196914673
0 0.08175700902938843 0.8810809850692749 0.16081100702285767 0.2378380298614502
0 0.5006757378578186 0.22252300381660461 0.9986485242843628 0.2936939597129822
0 0.5006757378578186 0.03693699836730957 0.9986485242843628 0.07027000188827515
