0 0.8608579635620117 0.16162100434303284 0.08322501182556152 0.2763670086860657
0 0.7646290063858032 0.16162100434303284 0.10923302173614502 0.2763670086860657
0 0.6566970348358154 0.16308599710464478 0.10663199424743652 0.2734379768371582
0 0.552016019821167 0.16503900289535522 0.10273098945617676 0.2773439884185791
0 0.45188599824905396 0.16650399565696716 0.09752905368804932 0.2783200144767761
0 0.3023409843444824 0.16210900247097015 0.09492802619934082 0.28710898756980896
0 0.20676201581954956 0.1635740101337433 0.0962289571762085 0.2841799855232239
0 0.10598200559616089 0.1640619933605194 0.10533201694488525 0.2851560115814209
0 0.028608977794647217 0.16552700102329254 0.049414992332458496 0.2822270095348358
0 0.8589079976081848 0.43603500723838806 0.09492802619934082 0.2666019797325134
0 0.7626789808273315 0.4335939884185791 0.09752893447875977 0.27148401737213135
0 0.665149986743927 0.4306640028953552 0.09752905368804932 0.265625
0 0.5611180067062378 0.4350590109825134 0.11053299903869629 0.25683605670928955
0 0.4551370143890381 0.4404299855232239 0.10142993927001953 0.26757800579071045
0 0.30103999376296997 0.4418950080871582 0.08972704410552979 0.2666020393371582
0 0.20546197891235352 0.4409179985523224 0.10142993927001953 0.2685549855232239
0 0.10923302173614502 0.4418950080871582 0.09102702140808105 0.2666020393371582
0 0.03185999393463135 0.4404299855232239 0.06371903419494629 0.2695310115814209
0 0.862159013748169 0.7084959745407104 0.0936279296875 0.2744140625
0 0.7646290063858032 0.7075200080871582 0.10142993927001953 0.2763669490814209
0 0.6599479913711548 0.7128909826278687 0.10793197154998779 0.28710901737213135
0 0.5559170246124268 0.7167969942092896 0.10013008117675781 0.27929699420928955
0 0.4551370143890381 0.7138670086860657 0.10142993927001953 0.2734379768371582
0 0.30559200048446655 0.7109379768371582 0.08582603931427002 0.27148401737213135
0 0.20676201581954956 0.7109379768371582 0.11183404922485352 0.27148401737213135
0 0.10533201694488525 0.7104489803314209 0.09102702140808105 0.2705080509185791
0 0.02990901470184326 0.7114260196685791 0.05981802940368652 0.2685549259185791
0 0.8628090023994446 0.9233400225639343 0.09232795238494873 0.15331995487213135
0 0.7639789581298828 0.9252930283546448 0.09752893447875977 0.14941394329071045
0 0.6638489961624146 0.9272459745407104 0.10273098945617676 0.1455080509185791
0 0.5559170246124268 0.9272459745407104 0.10013008117675781 0.1416020393371582
0 0.4531859755516052 0.9243159890174866 0.10533201694488525 0.14746105670928955
0 0.3042910099029541 0.9189450144767761 0.06762003898620605 0.14648401737213135
0 0.21326398849487305 0.9228519797325134 0.11183404922485352 0.13867199420928955
0 0.10923302173614502 0.9243159890174866 0.0962289571762085 0.1416020393371582
0 0.030559003353118896 0.921875 0.06111800670623779 0.14648401737213135
