0 0.7398880124092102 0.01374384481459856 0.10314452648162842 0.02748768962919712
0 0.6029390096664429 0.021643655374646187 0.10392554104328156 0.043287310749292374
0 0.7513399124145508 0.12065916508436203 0.10041558742523193 0.08457218110561371
0 0.6143715381622314 0.14431990683078766 0.10470551252365112 0.08952553570270538
0 0.7616739273071289 0.2665380835533142 0.09963463991880417 0.0872650071978569
0 0.6255927085876465 0.28860339522361755 0.10569890588521957 0.08969186246395111
0 0.7718477249145508 0.4102735221385956 0.10271982103586197 0.08919297158718109
0 0.6383024454116821 0.43263760209083557 0.09974079579114914 0.08869408816099167
0 0.783618152141571 0.5551884770393372 0.1072220727801323 0.09700454026460648
0 0.646578311920166 0.5846497416496277 0.1019398495554924 0.0918859913945198
0 0.7945014238357544 0.701698899269104 0.10669120401144028 0.0898580327630043
0 0.6581363677978516 0.7267054915428162 0.10381925106048584 0.09078844636678696
0 0.8067149519920349 0.8458161950111389 0.10612355172634125 0.09540921449661255
0 0.6684162616729736 0.8718700408935547 0.10754061490297318 0.10129276663064957
0 0.31884294748306274 0.049818072468042374 0.1072220727801323 0.09700454771518707
0 0.18022575974464417 0.07158461213111877 0.1082153394818306 0.0971708744764328
0 0.3294077217578888 0.19204114377498627 0.09655042737722397 0.08533718436956406
0 0.18781256675720215 0.21430639922618866 0.09974073618650436 0.08869408071041107
0 0.33720582723617554 0.3376213014125824 0.10700975358486176 0.09414631873369217
0 0.20316337049007416 0.3600686490535736 0.11098210513591766 0.09481155127286911
0 0.35122743248939514 0.48577749729156494 0.1103450134396553 0.08623500168323517
0 0.21195478737354279 0.5054824948310852 0.10669121146202087 0.08985806256532669
0 0.3690940737724304 0.773662805557251 0.10183367878198624 0.09045593440532684
0 0.23262280225753784 0.7972403168678284 0.10094652324914932 0.09171964228153229
0 0.38157299160957336 0.9213528633117676 0.10711590945720673 0.09557539969682693
0 0.24410851299762726 0.9450976848602295 0.09871069341897964 0.10122646391391754
