0 0.19050000607967377 0.1942799985408783 0.14500001072883606 0.22879701852798462
0 0.33500000834465027 0.1883630007505417 0.14399999380111694 0.24063101410865784
0 0.4779999852180481 0.1913209855556488 0.1419999897480011 0.24654798209667206
0 0.6209999918937683 0.1942799985408783 0.14399993419647217 0.24063098430633545
0 0.18950000405311584 0.4082840085029602 0.14099998772144318 0.1834319829940796
0 0.33250001072883606 0.4023669958114624 0.14499998092651367 0.1952660083770752
0 0.47850000858306885 0.4043390154838562 0.14699998497962952 0.1992110311985016
0 0.6240000128746033 0.4082840085029602 0.14399993419647217 0.1913210153579712
0 0.18700000643730164 0.5976330041885376 0.1420000195503235 0.1952660083770752
0 0.3330000042915344 0.5976330041885376 0.1499999761581421 0.1952660083770752
0 0.48100000619888306 0.5927019715309143 0.14600002765655518 0.185403972864151
0 0.625 0.5956609845161438 0.1419999599456787 0.1834319829940796
0 0.1875 0.786981999874115 0.1470000147819519 0.17554199695587158
0 0.6255000233650208 0.783037006855011 0.14499998092651367 0.2031559944152832
