1 0.49667726486330865 0.4012285749986214 0.33048269927252294 0.5947614339345111
0 0.4364819513986783 0.3829233005977226 0.1685216229957731 0.4823904262396283
0 0.5588996258875778 0.42639013696939 0.16479040673092904 0.47000995048494243
0 0.11112814742489949 0.261549760086265 0.22225629484979897 0.52309952017253
0 0.25940380679222125 0.3923758290848125 0.18901907626509862 0.3686699003449443
0 0.8049330729221702 0.4382430635521609 0.3528917000542662 0.6510095713564268
0 0.36076651177187424 0.2984473652726413 0.127888521131223 0.5850516962798323
0 0.19090882294497513 0.2582652343165733 0.12782724050157998 0.5165304686331466
0 0.6563469139793282 0.38504359313632125 0.12474518784966837 0.5825874367955709
0 0.9567173439560575 0.4488260555045249 0.0865653120878851 0.5008054431927786
