0 0.671018123626709 0.13041304051876068 0.059778206050395966 0.26082608103752136
0 0.6041094064712524 0.12907947599887848 0.05232980102300644 0.25815895199775696
0 0.5386022925376892 0.1295592486858368 0.06069231033325195 0.2591184973716736
0 0.47308459877967834 0.1273283064365387 0.052306681871414185 0.2546566128730774
0 0.41226208209991455 0.13660641014575958 0.05702977627515793 0.27321282029151917
0 0.3476576507091522 0.13085143268108368 0.05418797954916954 0.26170286536216736
0 0.27656814455986023 0.12958157062530518 0.05696042627096176 0.25916314125061035
0 0.6720823645591736 0.46913406252861023 0.047984275966882706 0.35083913803100586
0 0.6042720079421997 0.4744894504547119 0.051693037152290344 0.34912174940109253
0 0.5438762307167053 0.47532105445861816 0.05359841510653496 0.35975977778434753
0 0.476050466299057 0.47713929414749146 0.05918087810277939 0.36160510778427124
0 0.4105087220668793 0.47008270025253296 0.06002466753125191 0.3421615660190582
0 0.34737905859947205 0.4833337068557739 0.058351363986730576 0.3845847547054291
0 0.2823362648487091 0.48422929644584656 0.050918541848659515 0.38448241353034973
