0 0.35137367248535156 0.662827730178833 0.2026228904724121 0.18854022026062012
0 0.5324065089225769 0.6296980381011963 0.18302404880523682 0.18981266021728516
0 0.7111116051673889 0.599222257733345 0.1948472261428833 0.20359191298484802
0 0.894832044839859 0.5729482769966125 0.21033591032028198 0.19631707668304443
0 0.3510710597038269 0.5118386149406433 0.18605828285217285 0.1636122465133667
0 0.5185469686985016 0.4793877452611923 0.176072895526886 0.1753402054309845
0 0.6856883764266968 0.44926801323890686 0.18382644653320312 0.17363005876541138
0 0.8673281371593475 0.4175567179918289 0.19952577352523804 0.18655452132225037
0 0.34896939992904663 0.3778391480445862 0.17235004901885986 0.1510104537010193
0 0.5125149488449097 0.34678319096565247 0.1675853729248047 0.1532038450241089
0 0.6718608140945435 0.3133730888366699 0.1785440444946289 0.1549796462059021
0 0.8359581530094147 0.282986581325531 0.18882960081100464 0.16109472513198853
0 0.43732619285583496 0.21248333901166916 0.17938625812530518 0.18032552301883698
0 0.6172553300857544 0.1780145987868309 0.2031867504119873 0.18269939720630646
0 0.8029447197914124 0.1395757794380188 0.21724045276641846 0.1864595115184784
4 0.706340491771698 0.8405932188034058 0.059862613677978516 0.21582555770874023
4 0.9842520356178284 0.7940701842308044 0.03149592876434326 0.2142777442932129
4 0.4828730821609497 0.8722507953643799 0.06051158905029297 0.22482800483703613
4 0.27220433950424194 0.8826371431350708 0.08138620853424072 0.2347257137298584
