0 0.44786817043156246 0.2877049781106397 0.07839561728577704 0.08979045106182451
0 0.5209241897362277 0.29153726549622516 0.08354623595086941 0.07807455765761473
0 0.5993696032355599 0.29541352128791354 0.08121400242881993 0.09156787472059807
0 0.4358899855016774 0.3553003659125871 0.0832088971914553 0.08631972280306388
0 0.5116857358505148 0.3645171359229239 0.08652205521747053 0.09231338807287198
0 0.5908807200695606 0.3734983892544429 0.090007709934109 0.08865717501749848
0 0.42996469309200214 0.4230319332283469 0.07990326268642234 0.06927034884330907
0 0.5038489467028133 0.42555262257979687 0.09101220269136906 0.07497738827109773
0 0.5822981245501535 0.4351430585563729 0.09366574404060979 0.07535008405033544
0 0.9857811826671901 0.3206351453764597 0.028437634665619882 0.10553534569483813
0 0.9809164786257776 0.407760709023114 0.038167042748444735 0.09710387675917936
0 0.9770487955709786 0.4943692570330116 0.045902408858042754 0.10094637890495961
0 0.9697853816547848 0.5904433052520812 0.06042923669043054 0.11115635928481782
0 0.9651718301278773 0.6839854203732926 0.06965633974424534 0.10394327033907591
0 0.954752248120568 0.7724235742907883 0.07059983530684555 0.09007707690384414
0 0.478010097488572 0.5997615611649867 0.24006877663580595 0.1663987994840983
