2 0.5317240335677939 0.46662380795054414 0.11946267885227302 0.40360883123706265
0 0.7788999955653021 0.04131576602953605 0.27429470102633835 0.0826315320590721
0 0.790582484249419 0.1362256857816033 0.26967847309834037 0.16141131793093974
0 0.8053967935603106 0.2740811774916484 0.2600072448467211 0.1699516120852672
0 0.8214628968864306 0.4711872156147719 0.2621442325261828 0.26795097132443135
0 0.4637978814595404 0.07420213049485823 0.31765299539020503 0.14840426098971646
0 0.470763328054372 0.1928800890210968 0.3341946219191324 0.19017829209978426
0 0.47375301295647276 0.3252474824783266 0.34992893808805886 0.18833266598237525
0 0.5741680153147384 0.5010801211159238 0.1951651976851646 0.25746919677733643
0 0.40483383938019485 0.5275797812017895 0.18337726709394897 0.23551685105446446
0 0.14676992294454205 0.05203600188923102 0.25917952447452275 0.0908287911532975
0 0.14293097263481486 0.13409893656152586 0.28379288616110987 0.17654586860053464
0 0.13920046594299057 0.25705260496087856 0.27840093188598114 0.18540586586164115
0 0.1418175301806472 0.382885989543683 0.2836350603612944 0.1690153690574991
