0 0.053425733000040054 0.4786068797111511 0.0700242891907692 0.25133785605430603
0 0.09975234419107437 0.3865450620651245 0.05129240080714226 0.10987916588783264
1 0.11020122468471527 0.5181692242622375 0.060829173773527145 0.15328975021839142
0 0.1617596596479416 0.44654008746147156 0.0838012844324112 0.27198469638824463
0 0.2275218367576599 0.4303700923919678 0.08151863515377045 0.26706811785697937
0 0.29103198647499084 0.4154428243637085 0.09101319313049316 0.2808983325958252
0 0.35644054412841797 0.3955020606517792 0.08543824404478073 0.279723197221756
1 0.4266086518764496 0.4414708614349365 0.08347432315349579 0.1713707000017166
0 0.41470518708229065 0.29938554763793945 0.08258336037397385 0.1327396184206009
0 0.49411576986312866 0.358019083738327 0.10214466601610184 0.3024660348892212
0 0.5682705640792847 0.34546324610710144 0.10149802267551422 0.3052876889705658
