0 0.8349609971046448 0.6554250121116638 0.05664098262786865 0.35777103900909424
0 0.7480469942092896 0.6510260105133057 0.0585939884185791 0.35190603137016296
0 0.6416020393371582 0.6495599746704102 0.0585939884185791 0.3607039749622345
0 0.5546879768371582 0.6458939909934998 0.0585939884185791 0.36510300636291504
0 0.4223629832267761 0.6473609805107117 0.0634770393371582 0.3533719778060913
0 0.3354489803314209 0.6480939984321594 0.0615229606628418 0.35777103900909424
0 0.2270510196685791 0.6458939909934998 0.0673830509185791 0.35923802852630615
0 0.13525402545928955 0.6466280221939087 0.0673830509185791 0.3607039749622345
0 0.7900390028953552 0.30865100026130676 0.1757810115814209 0.23313800990581512
0 0.7871090173721313 0.09457500278949738 0.18164104223251343 0.18621698021888733
0 0.6035160422325134 0.0960410088300705 0.18554699420928955 0.18915000557899475
0 0.5996089577674866 0.31598201394081116 0.18945300579071045 0.2478010058403015
0 0.3837890028953552 0.09824000298976898 0.1914060115814209 0.19354799389839172
0 0.19091802835464478 0.09530799835920334 0.1884770393371582 0.18768300116062164
0 0.38427698612213135 0.3130500018596649 0.19043004512786865 0.23606999218463898
0 0.18896502256393433 0.3130500018596649 0.1923830509185791 0.2448679804801941
1 0.7910159826278687 0.6546919941902161 0.1796879768371582 0.40322601795196533
1 0.5961909890174866 0.6539589762687683 0.17089807987213135 0.40469202399253845
1 0.3774409890174866 0.6524930000305176 0.18066394329071045 0.4076249599456787
1 0.1796879768371582 0.6473609805107117 0.19335901737213135 0.4061579704284668
