0 0.05086338147521019 0.27485671639442444 0.10172676295042038 0.4840945303440094
0 0.049911510199308395 0.025842005386948586 0.09982302039861679 0.05168401077389717
0 0.20148415863513947 0.03745837137103081 0.2064984291791916 0.07491674274206161
0 0.1896381974220276 0.4035279452800751 0.2295830249786377 0.7063772082328796
0 0.04085942730307579 0.623715341091156 0.08171885460615158 0.24315091967582703
0 0.40506038069725037 0.04156380146741867 0.20721814036369324 0.08312760293483734
0 0.39221256971359253 0.4161103069782257 0.2285042405128479 0.7033127546310425
0 0.5859795212745667 0.42876458168029785 0.2063179463148117 0.7090602517127991
0 0.5984156131744385 0.04409634321928024 0.18544289469718933 0.08819268643856049
0 0.7486584186553955 0.050134677439928055 0.11914242058992386 0.0971161276102066
0 0.7353230118751526 0.4387516975402832 0.14386889338493347 0.7042573690414429
0 0.8169789910316467 0.439786434173584 0.07001987844705582 0.6791980266571045
0 0.8545966744422913 0.44118091464042664 0.058260876685380936 0.6484786868095398
0 0.8928310871124268 0.438876211643219 0.0570811964571476 0.6141008138656616
0 0.9324527978897095 0.453163206577301 0.06411737203598022 0.5922806859016418
0 0.8300066590309143 0.060137614607810974 0.046216510236263275 0.09896127134561539
0 0.8697565793991089 0.07068788260221481 0.038922809064388275 0.11330779641866684
0 0.9027273654937744 0.07921815663576126 0.03738171607255936 0.1251152753829956
0 0.9365461468696594 0.09155920147895813 0.03219424933195114 0.1440960168838501
0 0.9594508409500122 0.09407008439302444 0.019559863954782486 0.14461509883403778
0 0.03937501087784767 0.8540834784507751 0.07875002175569534 0.24651551246643066
0 0.17664027214050293 0.8678510785102844 0.2100357562303543 0.2501988410949707
0 0.37921464443206787 0.8761535286903381 0.21121710538864136 0.2476930022239685
0 0.5718514919281006 0.8862001895904541 0.1905718892812729 0.2275996208190918
0 0.7192949056625366 0.8938515782356262 0.1258636862039566 0.21229679882526398
0 0.8012316823005676 0.8826975226402283 0.05196165665984154 0.23460501432418823
0 0.8431118130683899 0.8614105582237244 0.049446046352386475 0.22144991159439087
0 0.8820899724960327 0.8374338746070862 0.037839192897081375 0.2235388308763504
0 0.9140325784683228 0.8189095854759216 0.035374872386455536 0.20844174921512604
0 0.9356525540351868 0.8018394112586975 0.020174695178866386 0.1908755600452423
