0 0.3271479904651642 0.25109800696372986 0.10742199420928955 0.13909201323986053
0 0.4326170086860657 0.2445099949836731 0.1015620231628418 0.1405559778213501
0 0.5366209745407104 0.24524199962615967 0.10644498467445374 0.14201998710632324
0 0.6284180283546448 0.24670599400997162 0.08496105670928955 0.14494898915290833
0 0.32617199420928955 0.384333997964859 0.109375 0.13909202814102173
0 0.4301759898662567 0.38286998867988586 0.10449200868606567 0.1449490189552307
0 0.5366209745407104 0.3879939913749695 0.10839799046516418 0.14641296863555908
0 0.6289060115814209 0.3872619867324829 0.0859379768371582 0.13616400957107544
0 0.3256840109825134 0.5322110056877136 0.10839802026748657 0.14494898915290833
0 0.48632800579071045 0.5366029739379883 0.1015620231628418 0.1537339687347412
0 0.6030269861221313 0.5329430103302002 0.1337890625 0.14641296863555908
1 0.4052729904651642 0.5344070196151733 0.0507810115814209 0.15226900577545166
0 0.7265620231628418 0.4202049970626831 0.03320300579071045 0.764275074005127
0 0.7646480202674866 0.4860909879207611 0.0585939884185791 0.9692530035972595
0 0.8637700080871582 0.5 0.14355504512786865 0.9970719814300537
0 0.9697267413139343 0.5007320046424866 0.06054651737213135 0.9985359907150269
