0 0.42303282022476196 0.43131834268569946 0.08208999782800674 0.18872125446796417
0 0.47222790122032166 0.46713384985923767 0.04617534950375557 0.14235568046569824
0 0.5050546526908875 0.47518274188041687 0.04022176191210747 0.1300526112318039
0 0.4935685098171234 0.3867362439632416 0.07037129253149033 0.06788559257984161
0 0.5533615350723267 0.4632530212402344 0.0817856714129448 0.1855829507112503
0 0.6173961758613586 0.48052582144737244 0.07885246723890305 0.18479174375534058
0 0.6828213334083557 0.49897855520248413 0.08487008512020111 0.1879435032606125
0 0.09703237563371658 0.2757487893104553 0.08751187473535538 0.06792441010475159
0 0.16930095851421356 0.29604747891426086 0.06585134565830231 0.060554008930921555
0 0.23431263864040375 0.3135838210582733 0.07269477844238281 0.0623999647796154
0 0.3003784716129303 0.3305996358394623 0.06795960664749146 0.06265035271644592
0 0.36418479681015015 0.35022640228271484 0.06939324736595154 0.06762177497148514
