0 0.2875305414199829 0.31118831038475037 0.126678466796875 0.08468174934387207
0 0.27897292375564575 0.5236998796463013 0.12676894664764404 0.13157880306243896
0 0.27620500326156616 0.6845169067382812 0.11947333812713623 0.0800478458404541
0 0.14999771118164062 0.5419812202453613 0.06475663185119629 0.12411963939666748
0 0.4589134454727173 0.4987851083278656 0.10003447532653809 0.15862005949020386
0 0.46331605315208435 0.3117005228996277 0.11173254251480103 0.05265003442764282
0 0.6133925318717957 0.325131356716156 0.10544252395629883 0.04379957914352417
0 0.6795613169670105 0.5144291520118713 0.09462571144104004 0.14413142204284668
0 0.439994215965271 0.676576554775238 0.06876015663146973 0.07885539531707764
5 0.4851473569869995 0.7657930850982666 0.16455507278442383 0.14347219467163086
5 0.7814081013202667 0.7853325605392456 0.16259223222732544 0.14621281623840332
