0 0.7124694585800171 0.31118831038475037 0.126678466796875 0.08468174934387207
0 0.7210270762443542 0.5236998796463013 0.12676894664764404 0.13157880306243896
0 0.7237949967384338 0.6845169067382812 0.11947333812713623 0.0800478458404541
0 0.8500022888183594 0.5419812202453613 0.06475663185119629 0.12411963939666748
0 0.5410865545272827 0.4987851083278656 0.10003447532653809 0.15862005949020386
0 0.5366839319467545 0.3117005228996277 0.11173257231712341 0.05265003442764282
0 0.38660746812820435 0.325131356716156 0.10544252395629883 0.04379957914352417
0 0.3204386830329895 0.5144291520118713 0.09462571144104004 0.14413142204284668
0 0.560005784034729 0.676576554775238 0.06876015663146973 0.07885539531707764
5 0.5148526430130005 0.7657930850982666 0.16455507278442383 0.14347219467163086
5 0.21859189122915268 0.7853325605392456 0.16259224712848663 0.14621281623840332
