0 0.5742189884185791 0.2970089912414551 0.06770801544189453 0.08119702339172363
0 0.5032550096511841 0.2905980050563812 0.0742189884185791 0.06837600469589233
0 0.42708301544189453 0.28347598761320114 0.0703120231628418 0.08262099325656891
0 0.578125 0.36609700322151184 0.07291698455810547 0.07692301273345947
0 0.5039060115814209 0.3646720051765442 0.07552099227905273 0.08262097835540771
0 0.4264320135116577 0.3625360131263733 0.07942700386047363 0.07834798097610474
0 0.5761719942092896 0.4344730079174042 0.07161498069763184 0.059828996658325195
0 0.5045570135116577 0.42663800716400146 0.0820310115814209 0.06410300731658936
0 0.42773401737213135 0.4252139925956726 0.08463501930236816 0.06410300731658936
0 0.029947996139526367 0.25142499059438705 0.059895992279052734 0.09829099476337433
0 0.029947996139526367 0.3397440016269684 0.059895992279052734 0.08974403142929077
0 0.028645992279052734 0.4273500144481659 0.05729198455810547 0.09401696920394897
0 0.029947996139526367 0.5249289870262146 0.059895992279052734 0.10398900508880615
0 0.02929699420928955 0.6196579933166504 0.0585939884185791 0.09686601161956787
0 0.029947996139526367 0.7094020247459412 0.059895992279052734 0.08262097835540771
0 0.5097659826278687 0.6039890050888062 0.22005200386047363 0.13675200939178467
