2 0.8349703550338745 0.23587194085121155 0.18886737525463104 0.3046347498893738
0 0.5569748878479004 0.06947832554578781 0.38134533166885376 0.13080352544784546
0 0.18840642273426056 0.09310460090637207 0.3648378551006317 0.13552695512771606
0 0.5725186467170715 0.30993661284446716 0.38340869545936584 0.23739571869373322
0 0.20475396513938904 0.33019861578941345 0.37653282284736633 0.23794977366924286
0 0.5843623876571655 0.5287942290306091 0.3848787248134613 0.24595889449119568
0 0.21672989428043365 0.5514190196990967 0.3757556974887848 0.24167568981647491
0 0.5970324277877808 0.700664758682251 0.3730761408805847 0.1416446566581726
0 0.2280482053756714 0.7257360816001892 0.37302282452583313 0.14069892466068268
0 0.6046226620674133 0.9145458340644836 0.3827310800552368 0.15538080036640167
0 0.23576109111309052 0.9266969561576843 0.3661702573299408 0.14660602807998657
