0 0.43736276030540466 0.3019423186779022 0.06480498611927032 0.11564343422651291
0 0.5052275061607361 0.3127540349960327 0.06982061266899109 0.12960733473300934
0 0.43106749653816223 0.4253758192062378 0.06114368885755539 0.1216430813074112
0 0.49642494320869446 0.4425138533115387 0.06846641004085541 0.10964477807283401
0 0.4249989092350006 0.5454819798469543 0.05702995881438255 0.12098768353462219
0 0.49080774188041687 0.5559661984443665 0.06525643169879913 0.12229826301336288
0 0.4127607047557831 0.6646053791046143 0.06435360759496689 0.10898961126804352
0 0.47834286093711853 0.6784167885780334 0.06480498611927032 0.11564343422651291
0 0.4041838049888611 0.7910387516021729 0.06525643169879913 0.1222982332110405
0 0.4722742736339569 0.7985230684280396 0.06891778856515884 0.11629866063594818
5 0.279965341091156 0.8755061626434326 0.166727676987648 0.11871611326932907
5 0.4508812725543976 0.8993719220161438 0.1548399031162262 0.12340524047613144
