0 0.6908698678016663 0.029696280136704445 0.2220521867275238 0.05939256027340889
0 0.714970588684082 0.1803329437971115 0.23897652328014374 0.11768393963575363
0 0.7414533495903015 0.35693415999412537 0.30151599645614624 0.12370230257511139
0 0.767361581325531 0.539235532283783 0.3159449100494385 0.1265142560005188
0 0.7960862517356873 0.7307872772216797 0.310565710067749 0.1280049830675125
0 0.8265200257301331 0.9146746397018433 0.3153843581676483 0.12277629971504211
0 0.39853355288505554 0.04333585873246193 0.23166345059871674 0.08667171746492386
0 0.4172551929950714 0.20583689212799072 0.2310476005077362 0.12085603922605515
0 0.4342666268348694 0.3764636814594269 0.16822895407676697 0.11296876519918442
0 0.3816385865211487 0.5687183737754822 0.3182145655155182 0.12296492606401443
0 0.41319239139556885 0.7600815892219543 0.3247154951095581 0.12894803285598755
0 0.4450411796569824 0.9421777129173279 0.31482383608818054 0.11564458161592484
0 0.09091801196336746 0.07204783707857132 0.18183602392673492 0.09395553171634674
0 0.09481371939182281 0.15904206037521362 0.18962743878364563 0.09899549186229706
0 0.10522414743900299 0.2419201284646988 0.21044829487800598 0.09769243001937866
0 0.10558934509754181 0.3234018087387085 0.21117869019508362 0.09469282627105713
0 0.10213012248277664 0.4120839238166809 0.20426024496555328 0.09001187980175018
0 0.10755358636379242 0.4944990575313568 0.20731523633003235 0.09337256848812103
0 0.12299448996782303 0.5784059166908264 0.22031626105308533 0.10533968359231949
0 0.13602565228939056 0.6653048396110535 0.2189149409532547 0.09599492698907852
0 0.1448117196559906 0.7524877190589905 0.21014435589313507 0.09356115013360977
0 0.15913178026676178 0.8289197683334351 0.21014435589313507 0.09356115013360977
0 0.17188267409801483 0.913949728012085 0.21720591187477112 0.10328210890293121
0 0.18138296902179718 0.9743251800537109 0.21042445302009583 0.05134966969490051
