0 0.9172988533973694 0.08587238192558289 0.13130611181259155 0.11231092363595963
0 0.7867915034294128 0.06628794223070145 0.13151279091835022 0.11519312113523483
0 0.9018977880477905 0.26702094078063965 0.14635521173477173 0.28277769684791565
0 0.7759957313537598 0.2503659129142761 0.142238050699234 0.2778420150279999
0 0.8884667754173279 0.48783737421035767 0.13518965244293213 0.19268494844436646
0 0.7570598125457764 0.46737924218177795 0.14290732145309448 0.1953541487455368
0 0.6048234105110168 0.04288743808865547 0.12994052469730377 0.08577487617731094
0 0.4784964621067047 0.03571656718850136 0.13320975005626678 0.07143313437700272
0 0.5942333936691284 0.21377302706241608 0.1480308622121811 0.2930164635181427
0 0.4662728011608124 0.1989719718694687 0.14530061185359955 0.2811836898326874
0 0.579271137714386 0.43579980731010437 0.14861805737018585 0.19627489149570465
0 0.45008933544158936 0.417886346578598 0.1339273452758789 0.18820954859256744
0 0.2957417368888855 0.020907055586576462 0.13130617141723633 0.041814111173152924
0 0.17052212357521057 0.011498555541038513 0.13045719265937805 0.022997111082077026
0 0.28467604517936707 0.1667775809764862 0.14190685749053955 0.2863333225250244
0 0.15835005044937134 0.14932554960250854 0.14815545082092285 0.28164398670196533
0 0.26849260926246643 0.38569292426109314 0.1400514841079712 0.1948937028646469
0 0.14195992052555084 0.3711221516132355 0.13930688798427582 0.19762159883975983
