0 0.20400603115558624 0.31204289197921753 0.07964041829109192 0.2391476333141327
0 0.28927621245384216 0.2937452495098114 0.07774490863084793 0.2406589835882187
0 0.46266937255859375 0.2992710471153259 0.07666844129562378 0.20356018841266632
0 0.5447588562965393 0.2876602113246918 0.0769057348370552 0.1900363266468048
0 0.6248520612716675 0.2675487995147705 0.07912948727607727 0.19441890716552734
0 0.22665852308273315 0.7097370624542236 0.07517454773187637 0.24783627688884735
0 0.3166046440601349 0.6933645606040955 0.07460914552211761 0.2554672658443451
1 0.45010602474212646 0.7208458185195923 0.08485361933708191 0.26166459918022156
0 0.7601208090782166 0.25385236740112305 0.04238058254122734 0.06778057664632797
0 0.8146498203277588 0.23952506482601166 0.053408198058605194 0.07027565687894821
