0 0.18044400215148926 0.21466699242591858 0.24000000953674316 0.2986670136451721
0 0.4226669669151306 0.2199999988079071 0.24444398283958435 0.2879999876022339
0 0.6675559878349304 0.21866700053215027 0.24533295631408691 0.28533297777175903
0 0.8951110243797302 0.21733301877975464 0.20977795124053955 0.2879999876022339
0 0.17866699397563934 0.5120000243186951 0.23999997973442078 0.29600000381469727
0 0.4208889603614807 0.5120000243186951 0.24444398283958435 0.29600000381469727
0 0.6679999828338623 0.5126670002937317 0.24977803230285645 0.2973330020904541
0 0.8964440226554871 0.5146669745445251 0.20711100101470947 0.2933329641819
0 0.17466700077056885 0.800000011920929 0.24266701936721802 0.2853330373764038
0 0.4191110134124756 0.8013330101966858 0.24622201919555664 0.28266704082489014
0 0.6639999747276306 0.8026670217514038 0.24355602264404297 0.2853330373764038
0 0.8924440145492554 0.8033329844474792 0.21511101722717285 0.284000039100647
