0 0.6148881316184998 0.9405344724655151 0.09396536648273468 0.11893100291490555
0 0.5340654253959656 0.9322335720062256 0.09471044689416885 0.13553288578987122
0 0.6288771033287048 0.8189889788627625 0.09491065889596939 0.17294375598430634
0 0.5486012101173401 0.8011290431022644 0.09928189218044281 0.17989575862884521
0 0.4535045027732849 0.9190861582756042 0.09309575706720352 0.14196284115314484
0 0.3752400279045105 0.9002066254615784 0.08872553706169128 0.13501204550266266
0 0.2971121072769165 0.8883078694343567 0.08750812709331512 0.12452521920204163
0 0.22068575024604797 0.8699088096618652 0.08899758011102676 0.12200821191072464
0 0.15834929049015045 0.8605876564979553 0.05987100675702095 0.10133398324251175
0 0.4719375669956207 0.788840651512146 0.09548196196556091 0.17018763720989227
0 0.39466604590415955 0.781796395778656 0.10059738904237747 0.1758802831172943
0 0.3176301121711731 0.7686402797698975 0.10007568448781967 0.17138634622097015
0 0.2441575825214386 0.7533262968063354 0.10081993788480759 0.1701279580593109
0 0.1799846589565277 0.7435266971588135 0.07055158168077469 0.1549655944108963
0 0.6452866196632385 0.6735536456108093 0.09811307489871979 0.16215766966342926
0 0.5666125416755676 0.6622850894927979 0.09168203920125961 0.16047951579093933
0 0.49025920033454895 0.6554804444313049 0.09207946062088013 0.1562255322933197
0 0.41578152775764465 0.6406758427619934 0.09299767017364502 0.15646514296531677
0 0.6610753536224365 0.5457059144973755 0.08805602043867111 0.1522693932056427
0 0.5856785774230957 0.530661404132843 0.09369324892759323 0.1624569296836853
0 0.5084940195083618 0.5228682160377502 0.09093773365020752 0.16173788905143738
0 0.4344753623008728 0.5081843733787537 0.09461241215467453 0.16269677877426147
0 0.36391910910606384 0.5044358372688293 0.08892557770013809 0.1597602516412735
0 0.2946813106536865 0.47710737586021423 0.08269190788269043 0.12907978892326355
0 0.235250785946846 0.4631424844264984 0.06165965273976326 0.10906360298395157
