0 0.0888284307579335 0.04293670308241331 0.13241456460588016 0.08587340616482662
0 0.21660435828270427 0.04061043286253361 0.1327356860404169 0.08122086572506722
0 0.09626688854219667 0.1995369673139001 0.15415382590456383 0.2821270755181681
0 0.21944069140544423 0.19584300068190813 0.1499430453525416 0.27705266755981717
0 0.10013684671451566 0.41015680990115666 0.1395398329671215 0.19564838275378377
0 0.2288243227816007 0.40338637121784804 0.1471589629818236 0.19892011322058173
0 0.3946013120054169 0.03124938236667563 0.12998102856603416 0.06249876473335126
0 0.517793486516814 0.030597789388939343 0.1325641601508028 0.061195578777878686
0 0.3977868860604912 0.17861448186235562 0.1562104061693193 0.2919942135309559
0 0.5228860672706476 0.17687578147418567 0.1530615205941634 0.28051469507046217
0 0.40309606506419754 0.3905287994316614 0.15275281855048073 0.2003415536859804
0 0.5295128828338671 0.38595691481464045 0.13812545275234284 0.19128451636135219
0 0.6961979165745629 0.025291024672175286 0.12947880425369995 0.05058204934435057
0 0.8184060392102347 0.027565704337219048 0.12786928489904748 0.03433304530796809
0 0.7008880315945414 0.16380105183318486 0.14997450685684577 0.2850704310871998
0 0.824507413642332 0.15939224992750545 0.1558579813983385 0.2812252988662589
0 0.7075147204644997 0.37288308064912357 0.14436151023267652 0.1982092708251198
0 0.8312152597948137 0.3712255176883603 0.1437507692047374 0.20072370622812913
