0 0.09347200393676758 0.035645000636577606 0.18397599458694458 0.06933599710464478
0 0.2640950083732605 0.035645000636577606 0.16023701429367065 0.06933599710464478
0 0.4221070408821106 0.03808600455522537 0.16172102093696594 0.0742190033197403
0 0.5778930187225342 0.03710899502038956 0.15281903743743896 0.07226599752902985
0 0.7366470098495483 0.03710899502038956 0.15875399112701416 0.07226599752902985
0 0.9072700142860413 0.03857399895787239 0.18545997142791748 0.07324200123548508
0 0.09198799729347229 0.11230500042438507 0.1780419945716858 0.07421901077032089
0 0.2611280083656311 0.109375 0.16023701429367065 0.08007800579071045
0 0.4198809862136841 0.10644499957561493 0.15727001428604126 0.07421901077032089
0 0.5801190137863159 0.10839799791574478 0.16320502758026123 0.0703120082616806
0 0.7403560280799866 0.1132809966802597 0.15726995468139648 0.08007800579071045
0 0.9094957709312439 0.1132809966802597 0.1810084581375122 0.08007800579071045
0 0.09347200393676758 0.18261699378490448 0.18100899457931519 0.07421901822090149
0 0.2640950083732605 0.183105006814003 0.16023701429367065 0.07324200868606567
0 0.42284899950027466 0.18164099752902985 0.15726998448371887 0.07031199336051941
0 0.5801190137863159 0.18115200102329254 0.15726995468139648 0.07128900289535522
0 0.7396140098571777 0.1840820014476776 0.16172099113464355 0.07714799046516418
0 0.9065279960632324 0.18554699420928955 0.17210698127746582 0.0742189884185791
0 0.09421399980783463 0.2534179985523224 0.1735910028219223 0.07324200868606567
0 0.2626110017299652 0.2534179985523224 0.16320498287677765 0.07324200868606567
0 0.42136499285697937 0.25195300579071045 0.15430301427841187 0.0703120082616806
0 0.5801190137863159 0.2504880130290985 0.16320502758026123 0.07324200868606567
0 0.7425820231437683 0.25195300579071045 0.16172099113464355 0.07617199420928955
0 0.909496009349823 0.25537100434303284 0.17210698127746582 0.07324200868606567
0 0.09495499730110168 0.32617199420928955 0.18100899457931519 0.07226598262786865
0 0.2655789852142334 0.3256840109825134 0.16023701429367065 0.07324200868606567
0 0.4221070110797882 0.3256840109825134 0.1528189778327942 0.07324200868606567
0 0.5801190137863159 0.32617199420928955 0.16320502758026123 0.07226598262786865
0 0.7403560280799866 0.3251950144767761 0.15726995468139648 0.0703120231628418
0 0.9057859778404236 0.3247070014476776 0.1735910177230835 0.07128900289535522
0 0.09198799729347229 0.3955079913139343 0.1780419945716858 0.07617199420928955
0 0.26335299015045166 0.3979490101337433 0.16468799114227295 0.07128900289535522
0 0.41913899779319763 0.39697301387786865 0.146884024143219 0.06933599710464478
0 0.5749260187149048 0.3974609971046448 0.16468799114227295 0.06835901737213135
0 0.7359049916267395 0.39990198612213135 0.15726995468139648 0.07324200868606567
0 0.9057859778404236 0.3994140028953552 0.18249297142028809 0.0742189884185791
0 0.09421399980783463 0.47021499276161194 0.1795250028371811 0.07324200868606567
0 0.26631999015808105 0.4692380130290985 0.16468799114227295 0.07519501447677612
0 0.4235909879207611 0.4692380130290985 0.1498519778251648 0.07519501447677612
0 0.5778930187225342 0.47021499276161194 0.15875399112701416 0.07324200868606567
0 0.7373890280723572 0.4736329913139343 0.15726995468139648 0.07617199420928955
0 0.9080119729042053 0.47412100434303284 0.18397605419158936 0.07519501447677612
0 0.09421400725841522 0.5419920086860657 0.18249300122261047 0.07617199420928955
0 0.2655789852142334 0.5419920086860657 0.16023701429367065 0.07617199420928955
0 0.42433199286460876 0.5390620231628418 0.15727001428604126 0.0703120231628418
0 0.5830860137939453 0.5395510196685791 0.16023695468902588 0.0693359375
0 0.7396140098571777 0.5424799919128418 0.15281903743743896 0.07519495487213135
0 0.9080119729042053 0.5444340109825134 0.18397605419158936 0.07128894329071045
0 0.09643900394439697 0.6142579913139343 0.1780419945716858 0.07226598262786865
0 0.26335299015045166 0.6162109971046448 0.15578597784042358 0.06835901737213135
0 0.4221070408821106 0.6152340173721313 0.16172102093696594 0.0664060115814209
0 0.5823439955711365 0.6127930283546448 0.15875399112701416 0.07128894329071045
0 0.7403560280799866 0.6123049855232239 0.15726995468139648 0.0703120231628418
0 0.9094957709312439 0.6123049855232239 0.1810084581375122 0.0703120231628418
0 0.09792301058769226 0.6831049919128418 0.18100899457931519 0.0771479606628418
0 0.26631999015808105 0.6850590109825134 0.15578597784042358 0.0732419490814209
0 0.4139469861984253 0.6850590109825134 0.16023701429367065 0.0732419490814209
0 0.5771510004997253 0.6835939884185791 0.16023698449134827 0.0703120231628418
0 0.7381309866905212 0.6860349774360657 0.15281903743743896 0.07519495487213135
0 0.9072700142860413 0.6840819716453552 0.18545997142791748 0.0791020393371582
0 0.09718100726604462 0.7548829913139343 0.18546000123023987 0.06835901737213135
0 0.26928800344467163 0.7539060115814209 0.1528189778327942 0.0703120231628418
0 0.4221070110797882 0.7534180283546448 0.1528189778327942 0.06933605670928955
0 0.5764089822769165 0.7548829913139343 0.15578600764274597 0.0664060115814209
0 0.7366470098495483 0.7583010196685791 0.16468799114227295 0.0732419490814209
0 0.9057859778404236 0.7583010196685791 0.1735910177230835 0.0732419490814209
0 0.09718100726604462 0.8291019797325134 0.18546000123023987 0.07617199420928955
0 0.2655789852142334 0.8291019797325134 0.1513350009918213 0.07617199420928955
0 0.42136499285697937 0.8261719942092896 0.16023701429367065 0.0703120231628418
0 0.5801190137863159 0.8266599774360657 0.15726995468139648 0.06933605670928955
0 0.7366470098495483 0.8286129832267761 0.15578603744506836 0.0732419490814209
0 0.9072700142860413 0.8286129832267761 0.18545997142791748 0.0732419490814209
0 0.09718100726604462 0.9018549919128418 0.18546000123023987 0.0732419490814209
0 0.2640950083732605 0.8994140028953552 0.1483680009841919 0.07617199420928955
0 0.4206230044364929 0.8979489803314209 0.16468799114227295 0.0732419490814209
0 0.5823439955711365 0.8994140028953552 0.15875399112701416 0.0703120231628418
0 0.7388719916343689 0.8974609971046448 0.1543029546737671 0.0664060115814209
0 0.9080119729042053 0.8959959745407104 0.18397605419158936 0.0693359375
0 0.10089001059532166 0.96875 0.1780419945716858 0.0625
0 0.2685459852218628 0.9672849774360657 0.16023701429367065 0.06543004512786865
0 0.42433199286460876 0.9663087129592896 0.15727001428604126 0.06738251447677612
0 0.5801190137863159 0.9677730202674866 0.15726995468139648 0.06445300579071045
0 0.7373890280723572 0.9663087129592896 0.1483680009841919 0.06738251447677612
0 0.9102370142936707 0.9672849774360657 0.17952501773834229 0.06543004512786865
