0 0.0859379991889 0.09970699995756149 0.1289059966802597 0.15835799276828766
0 0.21679699420928955 0.0997069925069809 0.13476598262786865 0.14956000447273254
0 0.34912100434303284 0.10263899713754654 0.12792998552322388 0.1466280072927475
0 0.4770509898662567 0.10483899712562561 0.12792998552322388 0.15102601051330566
0 0.6069340109825134 0.1070379987359047 0.13183605670928955 0.1466280072927475
0 0.7358400225639343 0.10923799872398376 0.1259770393371582 0.15102601051330566
0 0.8637700080871582 0.11070400476455688 0.1298830509185791 0.14809399843215942
0 0.9570310115814209 0.11437000334262848 0.05664098262786865 0.15542498230934143
0 0.08447299897670746 0.2595309913158417 0.1298830211162567 0.15542501211166382
0 0.2148440033197403 0.2587980031967163 0.13085898756980896 0.15689098834991455
0 0.3466799855232239 0.26026400923728943 0.13085901737213135 0.1539589911699295
0 0.476561963558197 0.26026400923728943 0.1289059817790985 0.1539589911699295
0 0.6059569716453552 0.2587980031967163 0.1298830509185791 0.15102601051330566
0 0.734375 0.2587980031967163 0.12695300579071045 0.15102601051330566
0 0.8603519797325134 0.2609969973564148 0.125 0.15542501211166382
0 0.953125 0.26686200499534607 0.06054699420928955 0.14369499683380127
0 0.08496099710464478 0.4134899973869324 0.1289060115814209 0.14955997467041016
0 0.21581999957561493 0.4149560034275055 0.1328119933605194 0.1466280221939087
0 0.3466799855232239 0.4164220094680786 0.1289060115814209 0.14955997467041016
0 0.47509801387786865 0.4149560034275055 0.12793001532554626 0.15249300003051758
0 0.6059569716453552 0.412757009267807 0.13378894329071045 0.14809399843215942
0 0.7363280057907104 0.4134899973869324 0.12695300579071045 0.1466280221939087
0 0.8632810115814209 0.417154997587204 0.12695300579071045 0.1539589762687683
0 0.9555659890174866 0.4164220094680786 0.0576169490814209 0.15542501211166382
0 0.08496099710464478 0.5674489736557007 0.1328119933605194 0.14955997467041016
0 0.2153320014476776 0.5659819841384888 0.12792998552322388 0.15249300003051758
0 0.34570300579071045 0.5652490258216858 0.1328120231628418 0.15102601051330566
0 0.4770509898662567 0.5659819841384888 0.12988299131393433 0.14955997467041016
0 0.609375 0.5659819841384888 0.13476598262786865 0.14955997467041016
0 0.7382810115814209 0.5637829899787903 0.12304699420928955 0.15395903587341309
0 0.8632810115814209 0.5667160153388977 0.1289060115814209 0.15982401371002197
0 0.9580079913139343 0.5703809857368469 0.06054699420928955 0.15249300003051758
0 0.0859379917383194 0.7221410274505615 0.1328119933605194 0.15982401371002197
0 0.21679699420928955 0.7228739857673645 0.1289060115814209 0.15835797786712646
0 0.3461909890174866 0.7214080095291138 0.12988299131393433 0.15542495250701904
0 0.4755859971046448 0.7214080095291138 0.1289060115814209 0.15542495250701904
0 0.6064450144767761 0.7206739783287048 0.1328120231628418 0.15395903587341309
0 0.7363280057907104 0.7199410200119019 0.12695300579071045 0.15542495250701904
0 0.8627930283546448 0.7192080020904541 0.1259770393371582 0.15395903587341309
0 0.9555659890174866 0.7192080020904541 0.05956995487213135 0.15395903587341309
0 0.08447299897670746 0.8761000037193298 0.1298830211162567 0.1480940580368042
0 0.21581999957561493 0.8761000037193298 0.1328119933605194 0.1480940580368042
0 0.3476560115814209 0.8753669857978821 0.13085901737213135 0.1466280221939087
0 0.4770509898662567 0.8746330142021179 0.12792998552322388 0.15102601051330566
0 0.6069340109825134 0.8738999962806702 0.13183605670928955 0.14955997467041016
0 0.7382810115814209 0.8724340200424194 0.13085901737213135 0.15249300003051758
0 0.8632810115814209 0.8687679767608643 0.11914098262786865 0.14516103267669678
0 0.953125 0.8673020005226135 0.06054699420928955 0.1480940580368042
