0 0.11537818952164508 0.20768627725966166 0.12688561972789497 0.27776961216057006
0 0.20975433766365587 0.1987653978318156 0.1523928669040804 0.2801806776795041
0 0.3158481029593483 0.19019112316159786 0.14936220694387464 0.2770774229460119
0 0.41883343235317205 0.18239509341929194 0.1461760343778949 0.2805325721920723
0 0.517275467769259 0.1745440964099477 0.14123410988821983 0.2810040599092825
0 0.6632213096479256 0.15638596320169257 0.14012260985400637 0.28935114857214994
0 0.7571999212221621 0.1489568848940022 0.14091878425519877 0.2866096529636106
0 0.8561194169179298 0.14214728939798965 0.1500064244367908 0.2842945787959793
0 0.9322426281095993 0.13726517097410829 0.09468632769113805 0.27453034194821657
0 0.16223378640854585 0.47565137074062924 0.13676399822699736 0.2693125598420456
0 0.2562102060540006 0.46434522448522453 0.14011440207435313 0.27432419894392956
0 0.3513814906695531 0.4524407664130151 0.139154936584877 0.2685990237362243
0 0.45413022974456546 0.4470911275966538 0.15046905977691927 0.2612163638794755
0 0.5589502970213919 0.4425144796458551 0.1433005746403329 0.27086904969786924
0 0.710320246411042 0.42966051571853703 0.13166316650660193 0.26883046244799735
0 0.8038979722065656 0.41984528894608997 0.14346058313669696 0.27182371335298705
0 0.8984341337259265 0.4118791022949424 0.13293811382066434 0.2689509764919537
0 0.9603798284806933 0.4032746980369022 0.07924034303861349 0.2692814658700977
0 0.2036686761309287 0.7421901953175686 0.13676838696554716 0.2768256746686124
0 0.2991609812702945 0.7321950288630044 0.14474001657937666 0.2794572367884527
0 0.4027061012330585 0.727738894956162 0.15287617986607888 0.290556704927565
0 0.5053737593140076 0.7219115231811233 0.1439450652388275 0.28219985111369716
0 0.603733464440835 0.709705680537639 0.14426031323538713 0.27659516784741833
0 0.7499193996003233 0.6929800233181405 0.12863683648344815 0.2732392852154354
0 0.8468464945965778 0.6838180163409977 0.15414408365963372 0.2756503507343696
0 0.9397272688707587 0.6739371488558809 0.1205454622584825 0.2727677673312672
0 0.9845246675829991 0.6678998017466544 0.030950664834001773 0.26796603426914467
0 0.23821808704572459 0.9364992583577804 0.11566080092290515 0.12700148328443928
0 0.3354651013001487 0.9337061086167472 0.12012192080294726 0.13258778276650562
0 0.43398699464965584 0.9308526215080448 0.12458411243305384 0.13829475698391036
0 0.5398408252965847 0.9268641962385785 0.12139356089049713 0.14627160752284296
0 0.6401140036206244 0.9151667349069232 0.1274549200884607 0.15385754150743658
0 0.7852624684019338 0.8961151761641107 0.09030903683691471 0.14940674090034523
0 0.8751767175433618 0.8914942635134857 0.13239229964802113 0.14587200707308057
0 0.9593303263470538 0.8832806694243615 0.08133934730589232 0.1472884585566201
