0 0.2143196314573288 0.2040403038263321 0.17219631373882294 0.09520802646875381
0 0.4739435017108917 0.18807128071784973 0.1045374870300293 0.08030115813016891
0 0.7301201224327087 0.17641282081604004 0.16706186532974243 0.08683351427316666
0 0.7590066194534302 0.34131062030792236 0.20588798820972443 0.1375739574432373
0 0.4973779320716858 0.3574029505252838 0.12406548112630844 0.13522771000862122
0 0.23910269141197205 0.36850705742836 0.2013159841299057 0.13326336443424225
1 0.531548261642456 0.6408336162567139 0.1218004897236824 0.16195009648799896
4 0.413751482963562 0.41787707805633545 0.17119085788726807 0.6337375044822693
4 0.59665846824646 0.4100418984889984 0.16661883890628815 0.629426896572113
4 0.9317785501480103 0.3992379903793335 0.1364428848028183 0.6029500961303711
4 0.08136250078678131 0.45343461632728577 0.16272500157356262 0.6119433641433716
