0 0.37031200528144836 0.21922600269317627 0.13124996423721313 0.20164097845554352
0 0.503125011920929 0.20984800159931183 0.13750001788139343 0.21570900082588196
0 0.6390619874000549 0.2151229977607727 0.1343749761581421 0.202813982963562
0 0.2867189943790436 0.23915599286556244 0.043749988079071045 0.17350497841835022
0 0.28203099966049194 0.40386900305747986 0.04062497615814209 0.15826499462127686
0 0.36796900629997253 0.4009380042552948 0.13281196355819702 0.15943700075149536
0 0.5039060115814209 0.40035200119018555 0.1390630006790161 0.16061002016067505
0 0.6410160064697266 0.39917901158332825 0.1351560354232788 0.15826499462127686
0 0.27968698740005493 0.562720000743866 0.03750002384185791 0.16647100448608398
0 0.3660160005092621 0.5609610080718994 0.13515597581863403 0.16998803615570068
0 0.5039060115814209 0.559203028678894 0.140625 0.16647100448608398
0 0.6414059996604919 0.559203028678894 0.1343749761581421 0.16647100448608398
0 0.2746089994907379 0.7239159941673279 0.04765599966049194 0.16998803615570068
0 0.36640599370002747 0.72919100522995 0.1390630006790161 0.1758500337600708
0 0.5042970180511475 0.7315359711647034 0.1367189884185791 0.17116105556488037
0 0.6421880125999451 0.7303630113601685 0.1390630006790161 0.1688159704208374
0 0.2710939943790436 0.8991789817810059 0.04062497615814209 0.18053901195526123
0 0.36406299471855164 0.9021099805831909 0.1390630006790161 0.17467796802520752
0 0.503125011920929 0.9026960134506226 0.1390630006790161 0.17350494861602783
0 0.6453120112419128 0.8980069756507874 0.14531302452087402 0.16412699222564697
