0 0.3227541185454149 0.6063461472642296 0.21719973306039617 0.22573208860012656
0 0.5041106572985207 0.6132516276105366 0.19802187575774854 0.2227484085339303
0 0.6829262018119031 0.6222210188031689 0.2109563198324329 0.23860404045793926
0 0.8662855785036893 0.6363284860073724 0.22552393475961563 0.23490443108853132
0 0.33662655473193637 0.46039000901620075 0.1985505023898468 0.19808489971662518
0 0.5045710573007143 0.46503706324951505 0.1898194331117824 0.20727031755844771
0 0.6719674272783196 0.47186463846103177 0.1972931830451068 0.20728469118062032
0 0.853788434500055 0.480271094909255 0.21396391243867896 0.22314764893986144
0 0.347133139949311 0.3304631363117858 0.18387051210494743 0.18296174170566046
0 0.5110768453390551 0.33561309669036554 0.1793850002939234 0.18405681390083037
0 0.6711064246716826 0.3375855931572267 0.19034171162323799 0.18812843886422234
0 0.8355306015985264 0.34350101779136244 0.20104290791558288 0.19624812986442158
0 0.44964910913674894 0.18968447016783063 0.19354968752176444 0.2127995823493193
0 0.6300446014254296 0.19505885239628956 0.2172067532175046 0.22020968917626652
0 0.8164843074002671 0.19783548185933808 0.23139710104686606 0.2268639663209192
4 0.6555757336635815 0.8544166330519236 0.07919683428717272 0.22140702429633663
4 0.9335772881463488 0.8692069731628171 0.051121361649201225 0.21381349389277415
4 0.43257571675748674 0.8369665946247038 0.08068070743578032 0.23024502086739063
4 0.22417374892231234 0.801714859411093 0.10216303551631967 0.24429595200239174
