0 0.0703120008111 0.13689599931240082 0.10742200911045074 0.247437983751297
0 0.17675800621509552 0.14421698451042175 0.109375 0.2445099800825119
0 0.2885740101337433 0.14641299843788147 0.11425799131393433 0.24890200793743134
0 0.3974609971046448 0.1537339985370636 0.10351598262786865 0.23426099121570587
0 0.5043950080871582 0.1566620022058487 0.11035200953483582 0.24011698365211487
0 0.6157230138778687 0.16617900133132935 0.11230504512786865 0.22108298540115356
0 0.7255859971046448 0.17203499376773834 0.10742199420928955 0.23279598355293274
0 0.8330079913139343 0.18008799850940704 0.10742199420928955 0.21669098734855652
0 0.9433590173721313 0.1837480068206787 0.1132810115814209 0.22401201725006104
0 0.06738299876451492 0.45168399810791016 0.109375 0.3762810230255127
0 0.17724600434303284 0.45754003524780273 0.11035200953483582 0.3645680248737335
0 0.2880859971046448 0.4590040445327759 0.11132800579071045 0.3674960434436798
0 0.3979490101337433 0.461201012134552 0.10839802026748657 0.363103985786438
0 0.5083010196685791 0.4641290009021759 0.11230501532554626 0.3689599633216858
0 0.6166989803314209 0.4677889943122864 0.1044919490814209 0.36163997650146484
0 0.7241209745407104 0.4699850082397461 0.1103520393371582 0.3660320043563843
0 0.8325200080871582 0.47364598512649536 0.10644495487213135 0.35871195793151855
0 0.9394530057907104 0.4780380129814148 0.10742199420928955 0.3674960136413574
