0 0.75 0.4904690086841583 0.0585939884185791 0.18035203218460083
0 0.6875 0.4912019968032837 0.0585939884185791 0.17888596653938293
0 0.609375 0.4926689863204956 0.0585939884185791 0.18181800842285156
0 0.5478520393371582 0.4912019968032837 0.0546879768371582 0.17595303058624268
0 0.4663090109825134 0.4904690086841583 0.05566394329071045 0.18035203218460083
0 0.4047849774360657 0.49340200424194336 0.05566394329071045 0.18621698021888733
0 0.3247069716453552 0.4912019968032837 0.0517580509185791 0.17595303058624268
0 0.2631840109825134 0.49193501472473145 0.05371105670928955 0.17741897702217102
0 0.5791019797325134 0.31231701374053955 0.11914098262786865 0.11730200052261353
0 0.4370120167732239 0.3101170063018799 0.1201169490814209 0.11290299892425537
0 0.16699200868606567 0.5293260216712952 0.04882800579071045 0.11143699288368225
0 0.7202149629592896 0.6473609805107117 0.12402302026748657 0.07184803485870361
0 0.5771479606628418 0.6414960026741028 0.1289060115814209 0.07184803485870361
0 0.4350590109825134 0.6436949968338013 0.12793004512786865 0.0703810453414917
0 0.2924799919128418 0.6436949968338013 0.1162109375 0.06744897365570068
