0 0.9238280057907104 0.09016399830579758 0.15039098262786865 0.1415800005197525
0 0.7758790254592896 0.09165400266647339 0.14550799131393433 0.1385989785194397
0 0.6274409890174866 0.08792799711227417 0.15136706829071045 0.14605098962783813
0 0.47851598262786865 0.08792799711227417 0.14648401737213135 0.14605098962783813
0 0.3310549855232239 0.08792799711227417 0.1484379768371582 0.14605098962783813
0 0.1831049919128418 0.08718299865722656 0.1474609375 0.14455997943878174
0 0.0546879768371582 0.08867400139570236 0.109375 0.1415800005197525
0 0.9208980202674866 0.23174400627613068 0.14648401737213135 0.14456000924110413
0 0.7753909826278687 0.23248900473117828 0.1445310115814209 0.1430700123310089
0 0.6289060115814209 0.2332340031862259 0.1484379768371582 0.14456000924110413
0 0.4794920086860657 0.23248900473117828 0.15039098262786865 0.14605101943016052
0 0.3310549855232239 0.23025299608707428 0.14648401737213135 0.1415800154209137
0 0.18457001447677612 0.22950799763202667 0.14648401737213135 0.1430700123310089
0 0.05712902545928955 0.23174400627613068 0.1083979606628418 0.14754101634025574
0 0.9199219942092896 0.3740690052509308 0.14648401737213135 0.14306998252868652
0 0.7749019861221313 0.3725779950618744 0.14355498552322388 0.14605098962783813
0 0.6293950080871582 0.3725779950618744 0.1474609375 0.14605098962783813
0 0.4809569716453552 0.3740690052509308 0.14941394329071045 0.14306998252868652
0 0.3325200080871582 0.3725779950618744 0.1474609375 0.1400889754295349
0 0.18408197164535522 0.3710879981517792 0.14941394329071045 0.14306998252868652
0 0.05712902545928955 0.3718329966068268 0.1044919490814209 0.14455997943878174
0 0.9223630428314209 0.5201190114021301 0.14941400289535522 0.14903101325035095
0 0.7749019861221313 0.5201190114021301 0.1455080509185791 0.14903101325035095
0 0.6269530057907104 0.5163930058479309 0.15039098262786865 0.1415799856185913
0 0.47851598262786865 0.5171390175819397 0.14648401737213135 0.1400890350341797
0 0.3320310115814209 0.5171390175819397 0.14648401737213135 0.1400890350341797
0 0.18652302026748657 0.5156480073928833 0.1445310115814209 0.14306998252868652
0 0.05957001447677612 0.5163930058479309 0.109375 0.14455997943878174
0 0.921875 0.6602090001106262 0.15039098262786865 0.1460510492324829
0 0.7749019861221313 0.6609539985656738 0.14355498552322388 0.14455997943878174
0 0.62841796875 0.6594629883766174 0.14941400289535522 0.1415799856185913
0 0.4794920086860657 0.6587179899215698 0.1484379768371582 0.14306998252868652
0 0.3305659890174866 0.6594629883766174 0.14941394329071045 0.14455997943878174
0 0.18408197164535522 0.6594629883766174 0.14355504512786865 0.14455997943878174
0 0.05615225434303284 0.6587179899215698 0.11230450868606567 0.14306998252868652
0 0.9238280057907104 0.8040239810943604 0.1484379768371582 0.1415799856185913
0 0.7758790254592896 0.8017879724502563 0.14746099710464478 0.1460510492324829
0 0.6274409890174866 0.8025339841842651 0.14941394329071045 0.14754104614257812
0 0.4799799919128418 0.804768979549408 0.1455080509185791 0.14306998252868652
0 0.33349597454071045 0.8002979755401611 0.1474609375 0.13412797451019287
0 0.18701201677322388 0.7988079786300659 0.1455080509185791 0.13710904121398926
0 0.0585939884185791 0.8017879724502563 0.11132800579071045 0.14306998252868652
0 0.9228519797325134 0.938152015209198 0.14648401737213135 0.123695969581604
0 0.7758790254592896 0.9366617202758789 0.14941400289535522 0.1266764998435974
0 0.62841796875 0.9366617202758789 0.14941400289535522 0.1266764998435974
0 0.47802698612213135 0.9366617202758789 0.1455080509185791 0.1266764998435974
0 0.3330079913139343 0.9359167814254761 0.14648401737213135 0.12816649675369263
0 0.1875 0.9336810111999512 0.1484379768371582 0.13263797760009766
0 0.05615225434303284 0.9344260096549988 0.11230450868606567 0.13114798069000244
