0 0.13557599484920502 0.2522822320461273 0.048783473670482635 0.09542980045080185
0 0.37395694851875305 0.3868294954299927 0.03535395488142967 0.07753252238035202
0 0.6488107442855835 0.33948224782943726 0.02918057329952717 0.05100327357649803
0 0.1830996721982956 0.24452786147594452 0.05915452167391777 0.10074477642774582
0 0.2362615019083023 0.2388392984867096 0.054847028106451035 0.09887147694826126
0 0.2841813862323761 0.2303522378206253 0.04867055267095566 0.09270156919956207
0 0.13510894775390625 0.3339020609855652 0.051164571195840836 0.09164373576641083
0 0.18572035431861877 0.3285192549228668 0.057058773934841156 0.09099259972572327
0 0.23715437948703766 0.32235264778137207 0.05280771106481552 0.0904829204082489
0 0.284790962934494 0.31732651591300964 0.04935106262564659 0.08871161937713623
0 0.13704916834831238 0.422087162733078 0.05325930193066597 0.10139583796262741
0 0.1894458830356598 0.4185468852519989 0.05728457495570183 0.09644905477762222
0 0.23954826593399048 0.41116952896118164 0.05037018284201622 0.09290537238121033
0 0.2871001660823822 0.4040969908237457 0.052183717489242554 0.09583749622106552
0 0.1383925974369049 0.52679443359375 0.0585828498005867 0.1278221756219864
0 0.19203627109527588 0.5224184393882751 0.05671288073062897 0.12352647632360458
0 0.24301666021347046 0.5156210064888 0.0549568235874176 0.12195807695388794
0 0.29139018058776855 0.5077657699584961 0.05172492191195488 0.12564308941364288
0 0.24774588644504547 0.7021713852882385 0.153217613697052 0.22739236056804657
0 0.4262988567352295 0.20645932853221893 0.05768279358744621 0.08563897013664246
0 0.4825350344181061 0.28539392352104187 0.05479057505726814 0.09750690311193466
0 0.5386008024215698 0.37051668763160706 0.05734100565314293 0.09781268239021301
0 0.5973570942878723 0.46902570128440857 0.06017060950398445 0.1252979040145874
0 0.6028638482093811 0.5814581513404846 0.05796193331480026 0.11281745880842209
0 0.5506364703178406 0.5890912413597107 0.055298540741205215 0.10978338122367859
0 0.49478304386138916 0.5916746258735657 0.06431184709072113 0.10272090882062912
0 0.44037318229675293 0.5981979966163635 0.05240951478481293 0.1012938991189003
0 0.44270962476730347 0.6959322690963745 0.05597905442118645 0.10579347610473633
0 0.4353766143321991 0.4877609610557556 0.05960196629166603 0.13201597332954407
0 0.49015435576438904 0.4798220694065094 0.06033992022275925 0.12939071655273438
0 0.5428907871246338 0.474184513092041 0.055182620882987976 0.1274145096540451
0 0.4332680404186249 0.38520199060440063 0.05082176625728607 0.10381823033094406
0 0.4838230013847351 0.3784545958042145 0.056604065001010895 0.10043901950120926
0 0.43096089363098145 0.2881494164466858 0.05003150925040245 0.084721639752388
0 0.5938605070114136 0.3638913929462433 0.055753253400325775 0.10033701360225677
0 0.5355284810066223 0.27561241388320923 0.0575103722512722 0.1019054725766182
0 0.5882367491722107 0.26929304003715515 0.05422306805849075 0.10422606766223907
0 0.48008471727371216 0.19521339237689972 0.05382787808775902 0.09467773139476776
0 0.5302717685699463 0.18988147377967834 0.05377143621444702 0.09331313520669937
0 0.5830373764038086 0.1849256008863449 0.05898522213101387 0.09665292501449585
0 0.7270218133926392 0.175202876329422 0.04883994162082672 0.09679342806339264
0 0.799572229385376 0.648348331451416 0.1519089639186859 0.25709521770477295
0 0.7721925973892212 0.1725289523601532 0.05167568847537041 0.08356092125177383
0 0.819912850856781 0.1695483773946762 0.05020083859562874 0.08881348371505737
0 0.8649425506591797 0.16346441209316254 0.046857062727212906 0.08976944535970688
0 0.7303218841552734 0.2652815580368042 0.04606369510293007 0.09103217720985413
0 0.7749261856079102 0.2592476010322571 0.050370167940855026 0.09290535748004913
0 0.8229881525039673 0.2541714310646057 0.052977126091718674 0.09457571804523468
0 0.8701993823051453 0.24919632077217102 0.04867061227560043 0.09270159155130386
0 0.7351815104484558 0.35174623131752014 0.048896413296461105 0.09815806150436401
0 0.7802677154541016 0.34702590107917786 0.04883994162082672 0.09679345786571503
0 0.8274506330490112 0.3413689434528351 0.053089987486600876 0.09730301052331924
0 0.8755680918693542 0.33765557408332825 0.050370167940855026 0.09290537238121033
0 0.7412850260734558 0.45793837308883667 0.04809891805052757 0.11977896839380264
0 0.7849830985069275 0.4506427049636841 0.04911808669567108 0.12397277355194092
0 0.8335259556770325 0.4468792974948883 0.05778949335217476 0.12908494472503662
0 0.8832875490188599 0.44159838557243347 0.05178135260939598 0.12700670957565308
3 0.3601219952106476 0.4241291880607605 0.11496612429618835 0.5295529961585999
3 0.6693188548088074 0.3911716043949127 0.11774235218763351 0.5353152751922607
