0 0.05322299897670746 0.26629799604415894 0.10449200868606567 0.20787201821804047
0 0.1640619933605194 0.24784699082374573 0.11523400992155075 0.22755198180675507
0 0.3198240101337433 0.21894200146198273 0.19433599710464478 0.25584301352500916
0 0.5048829913139343 0.18573200702667236 0.17382800579071045 0.27552300691604614
0 0.054687999188899994 0.46371498703956604 0.10742200911045074 0.20664197206497192
0 0.1679690033197403 0.4575650095939636 0.11914100497961044 0.22386202216148376
0 0.32177698612213135 0.44095900654792786 0.19824200868606567 0.2521529793739319
0 0.5048829913139343 0.42127901315689087 0.1679689884185791 0.24477198719978333
0 0.5043950080871582 0.6642069816589355 0.18652299046516418 0.23124194145202637
0 0.3159179985523224 0.664821982383728 0.18457001447677612 0.21525204181671143
0 0.05419899523258209 0.6611319780349731 0.10058599710464478 0.19311201572418213
0 0.16503900289535522 0.667281985282898 0.11132800579071045 0.19803202152252197
0 0.7641599774360657 0.42865899205207825 0.1083979606628418 0.15375202894210815
