0 0.9366440111341724 0.14849157295898477 0.1267119777316552 0.1330174621797096
0 0.8139480012175464 0.10975570499547242 0.13801231797244518 0.13597426376134938
0 0.9149053169049447 0.330228669734145 0.16375747918244743 0.3083043998111021
0 0.7911312659632135 0.295132791544285 0.15934941772112288 0.30269753236233354
0 0.8870581255576926 0.5525341015082423 0.14675682635554488 0.21520034624454093
0 0.7580744946303191 0.5127810417842698 0.1545868627896534 0.2190255391379765
0 0.6350113895498686 0.059712771446216326 0.13451769316420248 0.10587218590255512
0 0.5101920209532426 0.040038440387084547 0.1368166763853294 0.08007688077416909
0 0.6132665777946045 0.23172234239186373 0.16609301722483083 0.31894416082790766
0 0.4873288939420741 0.19821192096269136 0.1626067110350619 0.30653336314036017
0 0.5838210772895719 0.45503577061153755 0.16031132805371628 0.22078529736606806
0 0.45687696021988977 0.4181882571818665 0.14521045666073434 0.21047314424628843
0 0.32991007277317486 0.011733907086868852 0.13298021792473286 0.023467814173737705
0 0.309339091062542 0.14746430348918696 0.15957956556229438 0.2949286069783739
0 0.18519700975500267 0.1285161180690833 0.16546843628059132 0.2570322361381666
0 0.27888710938230504 0.35926949162578903 0.15172409321316863 0.21814550689053008
0 0.15435048292279382 0.32619914200854777 0.15116504661723917 0.22080819616314687
