0 0.8828321099281311 0.25875499844551086 0.2343357652425766 0.3819766640663147
0 0.6697307825088501 0.19048304855823517 0.2827968895435333 0.38096609711647034
0 0.42809557914733887 0.1552494764328003 0.28531190752983093 0.3104989528656006
0 0.1718360334634781 0.11598167568445206 0.313288152217865 0.2319633513689041
0 0.8541748523712158 0.5694149136543274 0.258722722530365 0.37689971923828125
0 0.6202595233917236 0.49413561820983887 0.28028184175491333 0.3821913003921509
0 0.3820403218269348 0.4214150607585907 0.2850138545036316 0.3836668133735657
0 0.14113792777061462 0.33979105949401855 0.28227585554122925 0.38685142993927
0 0.818726658821106 0.8142741918563843 0.24330291152000427 0.24615934491157532
0 0.5879414081573486 0.7555750012397766 0.2661724090576172 0.2804807722568512
0 0.3463641405105591 0.6857081055641174 0.27004924416542053 0.2888442575931549
0 0.1191895455121994 0.617103099822998 0.2383790910243988 0.3222401440143585
