2 0.794433981180191 0.43484601378440857 0.024414002895355225 0.08199101686477661
2 0.7324219942092896 0.45168399810791016 0.03125 0.08931201696395874
2 0.5952149927616119 0.45168399810791016 0.028320014476776123 0.09223997592926025
2 0.5068359971046448 0.4509519934654236 0.04101598262786865 0.09077596664428711
2 0.39990198612213135 0.44729098677635193 0.04394495487213135 0.09516799449920654
2 0.3247069716453552 0.49341098964214325 0.028319954872131348 0.09663298726081848
2 0.21630901098251343 0.510981023311615 0.03418004512786865 0.09077596664428711
0 0.7802730202674866 0.08199099823832512 0.16210901737213135 0.16105399280786514
0 0.6186519861221313 0.08052700385451317 0.1611330509185791 0.15812600404024124
0 0.44287094473838806 0.08125899732112885 0.19042998552322388 0.1595900058746338
0 0.2524409890174866 0.08125899732112885 0.1923830509185791 0.1595900058746338
0 0.7783200144767761 0.25109800696372986 0.16210901737213135 0.17423099279403687
0 0.6181640028953552 0.24890199303627014 0.16210901737213135 0.181551992893219
0 0.4423829913139343 0.25109800696372986 0.18945300579071045 0.18594402074813843
0 0.2543950080871582 0.25109800696372986 0.1865229606628418 0.18594402074813843
0 0.7773439884185791 0.4641290158033371 0.1601560115814209 0.2547580301761627
0 0.6176759898662567 0.46559301018714905 0.15917998552322388 0.2518300414085388
0 0.4423829913139343 0.4641290009021759 0.1914060115814209 0.24890202283859253
0 0.2529299855232239 0.4670569896697998 0.1875 0.24304497241973877
0 0.7763670086860657 0.6771600246429443 0.15820300579071045 0.18008804321289062
0 0.6171879768371582 0.6786239743232727 0.1601560115814209 0.17716002464294434
0 0.44287097454071045 0.6771600246429443 0.1884770393371582 0.17423105239868164
0 0.2543950080871582 0.6764280200004578 0.1884770393371582 0.17569506168365479
0 0.7778320014476776 0.8411419987678528 0.15527302026748657 0.14494895935058594
0 0.6191409826278687 0.8411419987678528 0.1601560115814209 0.14787697792053223
0 0.44335901737213135 0.8404099941253662 0.1914060115814209 0.14641296863555908
0 0.2524409890174866 0.8404099941253662 0.19043004512786865 0.14641296863555908
0 0.2524409890174866 0.9560760259628296 0.19043004512786865 0.08784794807434082
0 0.44335901737213135 0.955344021320343 0.18945300579071045 0.08931195735931396
0 0.6196289956569672 0.9538800120353699 0.16308599710464478 0.09223997592926025
0 0.7797850072383881 0.957539975643158 0.16113299131393433 0.08491897583007812
0 0.07714825868606567 0.0563690010458231 0.15429651737213135 0.1098100058734417
0 0.07714825868606567 0.18082000315189362 0.15429651737213135 0.13909199833869934
0 0.07959002256393433 0.3235720098018646 0.15331995487213135 0.1405559778213501
0 0.08007800579071045 0.4633970111608505 0.15429699420928955 0.14202001690864563
0 0.07861325144767761 0.6039530038833618 0.15722650289535522 0.13616394996643066
0 0.07763701677322388 0.7437769770622253 0.1552729606628418 0.14641296863555908
0 0.07665997743606567 0.8872619867324829 0.15331995487213135 0.1376279592514038
0 0.07665997743606567 0.9802340269088745 0.15331995487213135 0.03953099250793457
