2 0.4541019797325134 0.6453740000724792 0.09570300579071045 0.20704805850982666
2 0.3330079913139343 0.7283409833908081 0.0703120231628418 0.2378849983215332
0 0.20947301387786865 0.23201200366020203 0.1025390625 0.34948599338531494
0 0.10253900289535522 0.22540399432182312 0.1015620231628418 0.34801799058914185
0 0.01806625723838806 0.22099900245666504 0.03613251447677612 0.33626997470855713
0 0.2109379768371582 0.7283409833908081 0.1054689884185791 0.4698970317840576
0 0.09179699420928955 0.7246699929237366 0.1015620231628418 0.4596179723739624
0 0.5566409826278687 0.7364169955253601 0.0859379768371582 0.4596179723739624
0 0.44335901737213135 0.7334799766540527 0.0820310115814209 0.4596179723739624
0 0.3315430283546448 0.7327460050582886 0.0888669490814209 0.46402299404144287
0 0.5498049855232239 0.21659299731254578 0.07617199420928955 0.43024998903274536
0 0.4448239803314209 0.20778301358222961 0.0869140625 0.4126279950141907
0 0.33007800579071045 0.20704799890518188 0.1015620231628418 0.4111599922180176
0 0.6508790254592896 0.22687199711799622 0.07714802026748657 0.4243760108947754
0 0.7402340173721313 0.24155700206756592 0.1171879768371582 0.43318599462509155
0 0.8354489803314209 0.2591780126094818 0.11621099710464478 0.42731302976608276
0 0.9287109971046448 0.2731280028820038 0.1171879768371582 0.4287809729576111
0 0.6699219942092896 0.7547720074653625 0.08398401737213135 0.466960072517395
0 0.7563480138778687 0.7621150016784668 0.1240229606628418 0.4581500291824341
0 0.8569339513778687 0.7716590166091919 0.12011700868606567 0.45374393463134766
0 0.9462890028953552 0.7841410040855408 0.09570300579071045 0.43171799182891846
