0 0.6877779364585876 0.2750256657600403 0.11925464868545532 0.12624265253543854
0 0.5776327252388 0.31408828496932983 0.1283418983221054 0.12666921317577362
0 0.46093350648880005 0.35612818598747253 0.13278715312480927 0.13219638168811798
0 0.063707135617733 0.26337704062461853 0.06071363016963005 0.12097351998090744
0 0.08367887884378433 0.4151737093925476 0.0640931949019432 0.11945264786481857
0 0.268288254737854 0.38554027676582336 0.06325730681419373 0.12585186958312988
0 0.9417428374290466 0.3420465290546417 0.11651436984539032 0.19920603930950165
0 0.8289337158203125 0.3780640661716461 0.15541186928749084 0.21611230075359344
0 0.6981300115585327 0.4293634593486786 0.1559196412563324 0.20158101618289948
0 0.5668407678604126 0.4741581976413727 0.15401707589626312 0.2009318768978119
0 0.4369300901889801 0.5214477181434631 0.15444360673427582 0.20375043153762817
0 0.3070680499076843 0.5657554864883423 0.15349188446998596 0.20342572033405304
0 0.17890451848506927 0.614672064781189 0.15104778110980988 0.19323429465293884
0 0.9545339345932007 0.5041465163230896 0.09093210101127625 0.2091839760541916
0 0.8547963500022888 0.54563969373703 0.16016888618469238 0.2177353799343109
0 0.7581340670585632 0.5845493078231812 0.09304830431938171 0.19750742614269257
0 0.6481733918190002 0.5620319247245789 0.14183981716632843 0.1085490807890892
0 0.5140307545661926 0.6078002452850342 0.1399371474981308 0.10789990425109863
0 0.39253726601600647 0.7040994167327881 0.15615031123161316 0.21502673625946045
0 0.261675626039505 0.751712441444397 0.15149177610874176 0.20809029042720795
4 0.14112251996994019 0.7980324029922485 0.0522381030023098 0.17823635041713715
2 0.46795445680618286 0.7561906576156616 0.04094898700714111 0.11556647717952728
2 0.4452286958694458 0.7646854519844055 0.03479618951678276 0.09876266866922379
2 0.335754930973053 0.791660487651825 0.0346292108297348 0.05592877417802811
2 0.5705900192260742 0.7567490339279175 0.06076565757393837 0.15708380937576294
2 0.7271161675453186 0.7233557105064392 0.05031820759177208 0.16555075347423553
2 0.8321958780288696 0.6111615896224976 0.051707372069358826 0.1031961664557457
2 0.8477783799171448 0.5984336137771606 0.02831614762544632 0.07382633537054062
2 0.8677597045898438 0.634604275226593 0.050462089478969574 0.11881226301193237
2 0.9547210335731506 0.6175335049629211 0.052019182592630386 0.09929201006889343
2 0.9850234389305115 0.6161513924598694 0.029953083023428917 0.11360988765954971
