4 0.7617189884185791 0.4062960147857666 0.03710895776748657 0.38799402117729187
4 0.8857420086860657 0.434114009141922 0.021484017372131348 0.27964895963668823
4 0.6884769797325134 0.42166900634765625 0.025390982627868652 0.28696897625923157
4 0.43115198612213135 0.42679399251937866 0.02441394329071045 0.2825770378112793
4 0.3974609971046448 0.41068801283836365 0.03320300579071045 0.3762809634208679
4 0.17138701677322388 0.4319179952144623 0.030272960662841797 0.2811129689216614
4 0.04785197973251343 0.40483200550079346 0.03125 0.3733530044555664
4 0.2514650225639343 0.46852099895477295 0.03418004512786865 0.1698390245437622
0 0.8120120167732239 0.4041000008583069 0.08105504512786865 0.17569500207901
0 0.7207030057907104 0.40556401014328003 0.046875 0.1698390245437622
0 0.9379880428314209 0.4289900064468384 0.08496099710464478 0.10248899459838867
0 0.640625 0.4568080008029938 0.06445300579071045 0.05856502056121826
0 0.5673829913139343 0.45754000544548035 0.08007800579071045 0.05124497413635254
0 0.4848629832267761 0.4590040147304535 0.08496105670928955 0.05124497413635254
0 0.9711910486221313 0.07613500207662582 0.055664002895355225 0.0907759964466095
0 0.9042969942092896 0.07320600003004074 0.08007800579071045 0.0878479927778244
0 0.8251950144767761 0.0717419981956482 0.07617199420928955 0.08199100196361542
0 0.7485350370407104 0.07320600003004074 0.07324200868606567 0.08199100196361542
0 0.6713869571685791 0.0688140019774437 0.07128900289535522 0.0878479927778244
0 0.5952149629592896 0.07613500207662582 0.07910197973251343 0.0878479927778244
0 0.5146479606628418 0.07467100024223328 0.0742189884185791 0.0907759964466095
0 0.43554699420928955 0.07540299743413925 0.0703120231628418 0.08931200206279755
0 0.36474597454071045 0.0768669992685318 0.07519495487213135 0.08638399839401245
0 0.2861329913139343 0.07613500207662582 0.07617199420928955 0.08491899073123932
0 0.20947301387786865 0.07540299743413925 0.0791020393371582 0.08052699267864227
0 0.1328120231628418 0.07613500207662582 0.078125 0.07906299829483032
0 0.045898258686065674 0.0739390030503273 0.09179651737213135 0.08638399839401245
