0 0.28593502031605883 0.32022722445892804 0.12765557142939363 0.09238341468380429
0 0.27301156849959596 0.5376531529664724 0.12872062693246306 0.14045234066121376
0 0.2669168861804259 0.7023528040959902 0.12039866379245426 0.08731600770806258
0 0.14445413075982055 0.550695517640633 0.06693684999352179 0.13006958702361265
0 0.45235694989014813 0.5200622759499184 0.10271381919970468 0.1669866827560153
0 0.4606223905802833 0.3285130965277726 0.11213607075082394 0.05889415348388577
0 0.6094911576138802 0.3489042524521906 0.10570093672055425 0.04954559188909935
0 0.6713145027145593 0.545837473703642 0.0970372526723221 0.15189843857789104
0 0.42985792717264787 0.701445982628077 0.0699744228873499 0.08385488224175475
5 0.47287664109164174 0.7948777770867981 0.16652029105970462 0.15431016525693675
5 0.7668982922116481 0.827983711527424 0.1646265795820926 0.15703237742209364
