0 0.8842769861221313 0.42941200733184814 0.2041020393371582 0.3823530375957489
0 0.8842769861221313 0.689706027507782 0.2041020393371582 0.12352895736694336
0 0.7338869571685791 0.41544100642204285 0.057617008686065674 0.3985289931297302
0 0.7338869571685791 0.6941180229187012 0.057617008686065674 0.13235294818878174
0 0.8867189884185791 0.10367599874734879 0.22460895776748657 0.20441199839115143
0 0.7006840109825134 0.10294100642204285 0.12597692012786865 0.20294100046157837
0 0.5654299855232239 0.10294100642204285 0.125 0.20294100046157837
0 0.4262700080871582 0.09852899610996246 0.12793004512786865 0.19411799311637878
0 0.2900390028953552 0.10514699667692184 0.1289060115814209 0.19264699518680573
0 0.109375 0.10147099941968918 0.21875 0.20000000298023224
0 0.25927698612213135 0.4948529601097107 0.0615229606628418 0.5485290288925171
0 0.10351598262786865 0.4860289692878723 0.2070310115814209 0.5132349729537964
0 0.5561519861221313 0.5411760210990906 0.1240229606628418 0.4970589876174927
0 0.4262700080871582 0.5419120192527771 0.12206995487213135 0.4926470220088959
