0 0.23535197973251343 0.05645199865102768 0.09570299088954926 0.08064500987529755
0 0.36962899565696716 0.050586998462677 0.09667998552322388 0.0777129977941513
0 0.234375 0.2008800059556961 0.09375 0.07038101553916931
0 0.36914101243019104 0.20161299407482147 0.0976560115814209 0.07478001713752747
0 0.23486299812793732 0.35043999552726746 0.09277299046516418 0.07331401109695435
0 0.36865198612213135 0.3497070074081421 0.09863299131393433 0.07477998733520508
0 0.23535197973251343 0.4978010058403015 0.09570299088954926 0.07477998733520508
0 0.3666990101337433 0.4978010058403015 0.09277302026748657 0.07477998733520508
0 0.234375 0.6466280221939087 0.09960901737213135 0.08211100101470947
0 0.36962899565696716 0.6532260179519653 0.09472697973251343 0.0777130126953125
0 0.234375 0.7969210147857666 0.09960901737213135 0.07477998733520508
0 0.36865198612213135 0.7991200089454651 0.09667998552322388 0.07624602317810059
0 0.23291000723838806 0.945015013217926 0.09863299131393433 0.08064496517181396
0 0.36914101243019104 0.9479470252990723 0.09960901737213135 0.08650994300842285
0 0.6494140028953552 0.05571800470352173 0.09960901737213135 0.08211100101470947
0 0.7856450080871582 0.05425199866294861 0.1005859375 0.08211100101470947
0 0.6494140028953552 0.20161299407482147 0.0898439884185791 0.07184800505638123
0 0.7885739803314209 0.20014700293540955 0.0927729606628418 0.07477998733520508
0 0.6523439884185791 0.35043999552726746 0.09960901737213135 0.07917898893356323
0 0.7841799855232239 0.35043999552726746 0.10351598262786865 0.07917898893356323
0 0.6494140028953552 0.5029330253601074 0.10351598262786865 0.07038101553916931
0 0.7861329913139343 0.499267041683197 0.09960901737213135 0.07478001713752747
0 0.6528319716453552 0.7976539731025696 0.0947270393371582 0.07624602317810059
0 0.7871090173721313 0.7983869910240173 0.09375 0.0777130126953125
0 0.6513670086860657 0.949413001537323 0.09960901737213135 0.08064496517181396
0 0.7866209745407104 0.9501469731330872 0.09081995487213135 0.08797705173492432
