2 0.44497706120962244 0.49757495656689954 0.13542878477812814 0.4058664525798276
0 0.12885514252804664 0.1447709336654789 0.2577102850560933 0.17873620814615127
0 0.13269175068497613 0.27807529021836963 0.26538350136995226 0.17908882980027713
0 0.1339147050566425 0.41633393274781993 0.267829410113285 0.18675469414550278
0 0.14367785439689482 0.6120724073650465 0.2847051593996957 0.2832710738816303
0 0.4477802582020744 0.08975975562797624 0.3420774803676624 0.17951951125595247
0 0.4629457598239257 0.21104348280791094 0.3598985683692 0.21225010361885827
0 0.48187094405997755 0.33952848265292007 0.3766249684370567 0.21162487643412975
0 0.4064659909062768 0.5468545252302524 0.21313260957631525 0.2679019546159796
0 0.587413338077364 0.5079988275313692 0.20013017780389797 0.24542686724882484
0 0.7772624333639382 0.0034316601228269656 0.2779695773832701 0.006863320245653931
0 0.7949298532826585 0.06371284602921848 0.3059241959102349 0.12742569205843696
0 0.8229107071393877 0.1454632901914091 0.30775194588937593 0.2038646624331853
0 0.8412196647322653 0.2674900191616961 0.31316787879950825 0.18815698007644352
