0 0.7802194356918335 0.22635193169116974 0.1537381112575531 0.10825352370738983
0 0.6366193890571594 0.2383710741996765 0.14129124581813812 0.10993196070194244
0 0.5373644232749939 0.2433694452047348 0.06457332521677017 0.09421293437480927
0 0.7458851933479309 0.3341854512691498 0.08268473297357559 0.11297326534986496
0 0.6472328901290894 0.341994047164917 0.12340006977319717 0.1196318045258522
0 0.7508265972137451 0.4297407269477844 0.08583908528089523 0.09620505571365356
0 0.6503292322158813 0.4398723840713501 0.12262890487909317 0.10107311606407166
0 0.7539907097816467 0.5175808668136597 0.08505003899335861 0.10039728134870529
0 0.6529816389083862 0.5270431041717529 0.12444331496953964 0.09839960932731628
0 0.7571473717689514 0.6168874502182007 0.08183637261390686 0.11573819816112518
0 0.6590670347213745 0.6267916560173035 0.12152628600597382 0.12087798863649368
0 0.7610242962837219 0.7218578457832336 0.08396531641483307 0.09745129942893982
0 0.6609209775924683 0.7298023700714111 0.12529173493385315 0.09563474357128143
0 0.7650876045227051 0.8196455836296082 0.08497375249862671 0.121720090508461
0 0.6640775799751282 0.8291078805923462 0.12653744220733643 0.12561364471912384
0 0.7676712274551392 0.9168546199798584 0.08088728785514832 0.09289777278900146
0 0.6665722131729126 0.9241759181022644 0.12045855075120926 0.09518198668956757
0 0.5087381601333618 0.31340745091438293 0.0911816880106926 0.06257715821266174
0 0.41736480593681335 0.3212505877017975 0.09607427567243576 0.06445816904306412
0 0.3255973756313324 0.3312799334526062 0.09232566505670547 0.0669504925608635
0 0.23664015531539917 0.3388967216014862 0.09238500893115997 0.068378746509552
0 0.14913293719291687 0.3463777005672455 0.08749347925186157 0.06649782508611679
0 0.5121965408325195 0.37327370047569275 0.09311477094888687 0.06275824457406998
0 0.4209122061729431 0.38325875997543335 0.0939621701836586 0.05999414622783661
0 0.3299922049045563 0.39034202694892883 0.09384351223707199 0.057138629257678986
0 0.2371687889099121 0.3983210027217865 0.08991803228855133 0.05534913390874863
0 0.1516539603471756 0.40704816579818726 0.08755283057689667 0.0679260790348053
0 0.5150820016860962 0.431044340133667 0.09196983277797699 0.05838580057024956
0 0.42376798391342163 0.44031575322151184 0.09492924064397812 0.060084737837314606
0 0.33233529329299927 0.4467306435108185 0.09390285611152649 0.058566879481077194
0 0.23999489843845367 0.45466434955596924 0.09130033850669861 0.06543267518281937
0 0.1515503227710724 0.46294957399368286 0.08634844422340393 0.06212439388036728
0 0.5172207355499268 0.5175477266311646 0.09536891430616379 0.11700590699911118
0 0.4264787435531616 0.5289148092269897 0.09536891430616379 0.11700593680143356
0 0.3327189087867737 0.5376979112625122 0.09150274842977524 0.11664377152919769
0 0.24273531138896942 0.5439770221710205 0.09349513798952103 0.11825215071439743
0 0.15474508702754974 0.5515032410621643 0.08799155801534653 0.1248471662402153
0 0.5210892558097839 0.6339846253395081 0.0934951975941658 0.11825212091207504
0 0.4292615056037903 0.6425867676734924 0.09144344180822372 0.11521650105714798
0 0.5259736180305481 0.7632239460945129 0.09377383440732956 0.14814043045043945
0 0.33589574694633484 0.6491827368736267 0.09282468259334564 0.12529988586902618
0 0.248142808675766 0.6624190807342529 0.10085466504096985 0.1331617534160614
0 0.15954996645450592 0.667136013507843 0.09221456199884415 0.13377414643764496
0 0.43520185351371765 0.773876428604126 0.10349956899881363 0.15047328174114227
0 0.3423488140106201 0.7811417579650879 0.0939517393708229 0.15242332220077515
0 0.25251445174217224 0.7909899950027466 0.09769925475120544 0.1499299257993698
0 0.1636461764574051 0.8007476925849915 0.0879153236746788 0.14616985619068146
0 0.531541109085083 0.9088798761367798 0.09497811645269394 0.15394112467765808
0 0.4386287033557892 0.9147169589996338 0.10089603066444397 0.15733996033668518
0 0.34677231311798096 0.9226053357124329 0.0968518927693367 0.15269488096237183
0 0.25603029131889343 0.928767204284668 0.09878497570753098 0.14246554672718048
0 0.16824764013290405 0.9352997541427612 0.08718552440404892 0.12940052151679993
0 0.9614636898040771 0.4780827462673187 0.06921154260635376 0.11313386261463165
0 0.8835922479629517 0.4839436411857605 0.09566549956798553 0.1241433396935463
0 0.8158711791038513 0.48885467648506165 0.04879407584667206 0.10837675631046295
0 0.965301513671875 0.5938050746917725 0.06751573085784912 0.11866290867328644
0 0.8894234299659729 0.6009131073951721 0.09361379593610764 0.12110769748687744
0 0.9686281085014343 0.7250493764877319 0.06274383515119553 0.15292367339134216
0 0.8705675005912781 0.730943500995636 0.13932329416275024 0.15525181591510773
0 0.9711700677871704 0.8620954155921936 0.0576598197221756 0.13597431778907776
0 0.8731755614280701 0.8754428625106812 0.14028936624526978 0.15534231066703796
0 0.9510469436645508 0.2741226851940155 0.06502437591552734 0.05870511382818222
0 0.8529666662216187 0.28402695059776306 0.1396303027868271 0.06996012479066849
0 0.953144371509552 0.3362666666507721 0.06025043502449989 0.05967961624264717
0 0.8796230554580688 0.3417210578918457 0.08924859762191772 0.06239607185125351
0 0.9536136984825134 0.3942636251449585 0.06804212182760239 0.061832211911678314
0 0.879431426525116 0.3954804539680481 0.09003674983978271 0.058204714208841324
0 0.8076714277267456 0.34989410638809204 0.047565292567014694 0.0556478388607502
0 0.8143637180328369 0.4058752954006195 0.05281377211213112 0.06609360873699188
