0 0.7163090109825134 0.14149299263954163 0.06152307987213135 0.27951401472091675
0 0.6459959745407104 0.13975700736045837 0.053710997104644775 0.27604204416275024
0 0.5771479606628418 0.13975700736045837 0.0625 0.27604204416275024
0 0.5083010196685791 0.1371529996395111 0.053710997104644775 0.27083295583724976
0 0.4443359971046448 0.14583298563957214 0.0585939884185791 0.2881940007209778
0 0.3764650225639343 0.13975700736045837 0.05566394329071045 0.27604204416275024
0 0.3017579913139343 0.13802102208137512 0.0585939884185791 0.2725690007209778
0 0.7158200144767761 0.48611098527908325 0.04882800579071045 0.34375
0 0.6445310115814209 0.49045100808143616 0.05273401737213135 0.34201401472091675
0 0.5810549855232239 0.49045100808143616 0.0546879768371582 0.3524309992790222
0 0.5097659826278687 0.4913190007209778 0.060547053813934326 0.35416698455810547
0 0.4409180283546448 0.4835070073604584 0.0615229606628418 0.3350690007209778
0 0.3745120167732239 0.4956600069999695 0.05956995487213135 0.37673601508140564
0 0.30615198612213135 0.4956600069999695 0.0517580509185791 0.37673601508140564
