0 0.7613434195518494 0.23078493773937225 0.16789889335632324 0.08764447271823883
0 0.49608808755874634 0.22513273358345032 0.09979254007339478 0.07551775127649307
0 0.23473724722862244 0.22357510030269623 0.16341809928417206 0.07954264432191849
0 0.22077924013137817 0.3864070177078247 0.19849640130996704 0.12832829356193542
0 0.4880828559398651 0.3921028673648834 0.11464402824640274 0.12921059131622314
0 0.7515140175819397 0.3930359482765198 0.19420772790908813 0.12423372268676758
1 0.47981885075569153 0.6713858246803284 0.10978000611066818 0.1557941436767578
4 0.5786870121955872 0.4481870234012604 0.11574418097734451 0.6216254234313965
4 0.3921312987804413 0.44755426049232483 0.11145550012588501 0.6175308227539062
4 0.046174850314855576 0.4505807161331177 0.09234970062971115 0.5910335183143616
4 0.9324329495429993 0.46933513879776 0.13513414561748505 0.5984983444213867
