0 0.5652037858963013 0.20339906215667725 0.21821048855781555 0.20898067951202393
0 0.3874626159667969 0.15025337040424347 0.10391733795404434 0.16927829384803772
0 0.2749371826648712 0.12328484654426575 0.10295741260051727 0.18435083329677582
0 0.1558178812265396 0.09142771363258362 0.0997895672917366 0.18204788863658905
0 0.13759523630142212 0.2430163323879242 0.09901995956897736 0.16089928150177002
0 0.12108147889375687 0.3770871162414551 0.09835988283157349 0.14815376698970795
0 0.25748729705810547 0.2728443443775177 0.10100886225700378 0.1614687740802765
0 0.23961177468299866 0.4095267057418823 0.09747432172298431 0.1562708616256714
0 0.36524879932403564 0.32921016216278076 0.0944979339838028 0.11774802953004837
0 0.3514935374259949 0.44156286120414734 0.09736493229866028 0.14786887168884277
0 0.49482694268226624 0.35580962896347046 0.10547879338264465 0.09856908023357391
0 0.5948126912117004 0.3881901204586029 0.1060304269194603 0.10291195660829544
1 0.4954929053783417 0.4722916781902313 0.08701126277446747 0.1644374430179596
0 0.7429078221321106 0.2527824342250824 0.10222173482179642 0.17855846881866455
0 0.8566317558288574 0.29059797525405884 0.09879457205533981 0.1817629486322403
0 0.8394578099250793 0.43798506259918213 0.1013767272233963 0.1643650084733963
0 0.8203114867210388 0.5765539407730103 0.0961870402097702 0.1461356282234192
0 0.724173903465271 0.4327346384525299 0.09394627064466476 0.11340422928333282
0 0.710823655128479 0.5459534525871277 0.1003488227725029 0.1487232744693756
0 0.9641901850700378 0.32403329014778137 0.07161957770586014 0.18783928453922272
0 0.9541845917701721 0.47766372561454773 0.09163083136081696 0.16322600841522217
0 0.9444003105163574 0.5895774960517883 0.09192336350679398 0.09747756272554398
4 0.08147666603326797 0.22243916988372803 0.1007676050066948 0.44487833976745605
4 0.19825567305088043 0.24012821912765503 0.10249724239110947 0.4674493372440338
4 0.3139871060848236 0.2702651619911194 0.08798930794000626 0.443761944770813
4 0.4275818467140198 0.30504322052001953 0.09749151766300201 0.450668603181839
4 0.6658958792686462 0.37628236413002014 0.10382592678070068 0.4552723169326782
4 0.7853291034698486 0.4097306728363037 0.08772995322942734 0.4492684602737427
4 0.9008755683898926 0.4413158893585205 0.08610878884792328 0.45159417390823364
4 0.9877701997756958 0.4741944372653961 0.024459591135382652 0.4472513198852539
0 0.5343177914619446 0.011901452206075191 0.08684110641479492 0.023802904412150383
0 0.6480044722557068 0.029866216704249382 0.09019278734922409 0.059732433408498764
0 0.7697025537490845 0.045877210795879364 0.0894571989774704 0.08560982346534729
0 0.8835732340812683 0.07848284393548965 0.09045219421386719 0.08589473366737366
0 0.9807412028312683 0.11451775580644608 0.038517601788043976 0.08734233677387238
