0 0.33108097314834595 0.09026399999856949 0.04054105281829834 0.1156189888715744
0 0.2878379821777344 0.09229200333356857 0.04594600200653076 0.11967499554157257
0 0.32635098695755005 0.2008109986782074 0.04999995231628418 0.11359000205993652
0 0.28108102083206177 0.2058819830417633 0.048648953437805176 0.1156189888715744
0 0.31959497928619385 0.3062880039215088 0.052703022956848145 0.11764699220657349
0 0.2743239998817444 0.313387006521225 0.048648953437805176 0.11156201362609863
0 0.31283801794052124 0.41582199931144714 0.052703022956848145 0.11359000205993652
0 0.2655410170555115 0.4198780059814453 0.04459500312805176 0.11359000205993652
0 0.9168919920921326 0.14198799431324005 0.08513498306274414 0.18255600333213806
0 0.843919038772583 0.15517200529575348 0.07972997426986694 0.17241400480270386
0 0.7682430148124695 0.16227200627326965 0.07702696323394775 0.17038500308990479
0 0.6972969770431519 0.17647099494934082 0.07297301292419434 0.17038500308990479
0 0.6277030110359192 0.183569997549057 0.07702696323394775 0.17241400480270386
0 0.564864993095398 0.1957399994134903 0.07567596435546875 0.16429999470710754
0 0.9135140180587769 0.31237301230430603 0.08108097314834595 0.1784989833831787
0 0.8364859819412231 0.3235290050506592 0.08108097314834595 0.17241400480270386
0 0.7614860534667969 0.3235290050506592 0.07972997426986694 0.17647099494934082
0 0.6925680041313171 0.3367139995098114 0.07432401180267334 0.17038500308990479
0 0.6222969889640808 0.34279900789260864 0.07972991466522217 0.17444199323654175
0 0.5547299981117249 0.3488839864730835 0.07162201404571533 0.166329026222229
0 0.908784031867981 0.48377299308776855 0.08783799409866333 0.17647099494934082
0 0.832431972026825 0.48377299308776855 0.08378398418426514 0.1683570146560669
0 0.7574319839477539 0.49391499161720276 0.07973003387451172 0.17241400480270386
0 0.683784008026123 0.4979720115661621 0.07567596435546875 0.17241403460502625
0 0.6148650050163269 0.5020279884338379 0.07837808132171631 0.17241403460502625
0 0.5479729771614075 0.5081139802932739 0.07162201404571533 0.16429996490478516
0 0.9074320197105408 0.6531440019607544 0.09054100513458252 0.17038500308990479
0 0.8277029991149902 0.6531440019607544 0.08243203163146973 0.18661296367645264
0 0.7520270347595215 0.6653140187263489 0.08243197202682495 0.17444193363189697
0 0.6810809969902039 0.6643000245094299 0.08108103275299072 0.1683570146560669
0 0.6081080436706543 0.6622719764709473 0.07837802171707153 0.17241406440734863
0 0.5398649573326111 0.6724140048027039 0.07162201404571533 0.16024303436279297
0 0.8993239998817444 0.8356999754905701 0.0878380537033081 0.1784989833831787
0 0.8209459781646729 0.8285999894142151 0.07973003387451172 0.1683570146560669
0 0.744594931602478 0.8316429853439331 0.07837802171707153 0.166329026222229
0 0.6716220378875732 0.832656979560852 0.08108097314834595 0.17241406440734863
0 0.6020269989967346 0.8265720009803772 0.07162201404571533 0.16024303436279297
0 0.5344589948654175 0.8387420177459717 0.07162201404571533 0.1480729579925537
