0 0.375 0.35798001289367676 0.1015620231628418 0.2386530041694641
0 0.4755859971046448 0.35578298568725586 0.09960901737213135 0.24304498732089996
0 0.5761719942092896 0.3550510108470917 0.1015620231628418 0.2415810078382492
0 0.6552730202674866 0.35285499691963196 0.05664098262786865 0.24597400426864624
0 0.4291990101337433 0.7664710283279419 0.11816400289535522 0.23865294456481934
0 0.5307620167732239 0.702049970626831 0.08105501532554626 0.11273801326751709
0 0.6044920086860657 0.7657390236854553 0.06445300579071045 0.23426103591918945
0 0.6948239803314209 0.7650070190429688 0.05956995487213135 0.23279595375061035
0 0.7490230202674866 0.7635430097579956 0.04882800579071045 0.23279595375061035
0 0.796875 0.762811005115509 0.046875 0.2313319444656372
0 0.8447269797325134 0.7613469958305359 0.04882800579071045 0.23426103591918945
0 0.8896480202674866 0.7620790004730225 0.04101598262786865 0.2357250452041626
4 0.3520509898662567 0.7569550275802612 0.04394501447677612 0.257686972618103
4 0.6484379768371582 0.7562230229377747 0.0390620231628418 0.2474379539489746
4 0.35351601243019104 0.3601759970188141 0.03710901737213135 0.24890200793743134
4 0.6484379768371582 0.35798001289367676 0.0429689884185791 0.26207900047302246
