0 0.809499979019165 0.1942799985408783 0.14499998092651367 0.22879701852798462
0 0.6649999618530273 0.1883630007505417 0.14399999380111694 0.24063101410865784
0 0.5220000743865967 0.1913209855556488 0.1420000195503235 0.24654798209667206
0 0.3790000081062317 0.1942799985408783 0.14399993419647217 0.24063098430633545
0 0.8105000257492065 0.4082840085029602 0.14099997282028198 0.1834319829940796
0 0.6675000190734863 0.4023669958114624 0.14499998092651367 0.1952660083770752
0 0.5214999914169312 0.4043390154838562 0.1470000147819519 0.1992110311985016
0 0.37599998712539673 0.4082840085029602 0.14399993419647217 0.1913210153579712
0 0.812999963760376 0.5976330041885376 0.1420000195503235 0.1952660083770752
0 0.6669999957084656 0.5976330041885376 0.1499999761581421 0.1952660083770752
0 0.5189999938011169 0.5927019715309143 0.14600002765655518 0.185403972864151
0 0.375 0.5956609845161438 0.1419999599456787 0.1834319829940796
0 0.8125 0.786981999874115 0.1470000147819519 0.17554199695587158
0 0.37449997663497925 0.783037006855011 0.14499998092651367 0.2031559944152832
