0 0.40230900049209595 0.3299260139465332 0.08348095417022705 0.1617100089788437
0 0.311722993850708 0.323419988155365 0.09769105911254883 0.17472100257873535
0 0.20870298147201538 0.3187730014324188 0.1012430191040039 0.16542798280715942
0 0.20959097146987915 0.4851300120353699 0.10301995277404785 0.1672860085964203
0 0.30817097425460815 0.4879179894924164 0.0941389799118042 0.1617099642753601
0 0.3978689908981323 0.4916360378265381 0.08525800704956055 0.16914501786231995
0 0.39431601762771606 0.6524159908294678 0.09236204624176025 0.15241599082946777
0 0.30550599098205566 0.6477699875831604 0.08525800704956055 0.16171002388000488
0 0.21225601434707642 0.6514869928359985 0.1012430191040039 0.16914498805999756
0 0.7087030410766602 0.37639400362968445 0.14209598302841187 0.1394050121307373
5 0.7753109931945801 0.6394050121307373 0.26820600032806396 0.14869904518127441
3 0.47335702180862427 0.49535301327705383 0.07992899417877197 0.4516729712486267
3 0.8472470045089722 0.33736100792884827 0.13499099016189575 0.20631998777389526
