0 0.7290040254592896 0.4596770405769348 0.16308599710464478 0.16568902134895325
0 0.7270510196685791 0.6554250121116638 0.16503900289535522 0.21994102001190186
0 0.5532230138778687 0.4589439928531647 0.1806640625 0.1759529709815979
0 0.5537109971046448 0.6561579704284668 0.18164098262786865 0.21847498416900635
0 0.37695300579071045 0.45747798681259155 0.13476598262786865 0.17595303058624268
0 0.3754879832267761 0.6568909883499146 0.13183605670928955 0.21700894832611084
1 0.6958010196685791 0.9002929925918579 0.07324200868606567 0.13489699363708496
1 0.5478519797325134 0.8988270163536072 0.07226598262786865 0.1319650411605835
1 0.40087902545928955 0.8966280221939087 0.0732419490814209 0.13636398315429688
4 0.17040997743606567 0.8746330142021179 0.02246105670928955 0.19208204746246338
0 0.048340022563934326 0.03299099951982498 0.09668004512786865 0.06305000185966492
0 0.046875 0.5513200163841248 0.09375 0.1231670081615448
0 0.045409977436065674 0.2697950005531311 0.09081995487213135 0.15249300003051758
4 0.6416019797325134 0.5674489736557007 0.02929699420928955 0.3900289833545685
4 0.4536129832267761 0.5674489736557007 0.018555045127868652 0.3929619789123535
