0 0.20556600391864777 0.2228740006685257 0.1513669788837433 0.09677401185035706
0 0.3505859971046448 0.22140797972679138 0.13867199420928955 0.0997069925069809
0 0.4506840109825134 0.21700897812843323 0.06152302026748657 0.09090898931026459
0 0.24462899565696716 0.329912006855011 0.07910199463367462 0.10850399732589722
0 0.3442380130290985 0.32844600081443787 0.12011700868606567 0.11143702268600464
0 0.24365201592445374 0.4281519949436188 0.08300800621509552 0.09090900421142578
0 0.34521499276161194 0.4288859963417053 0.12011700868606567 0.09237498044967651
0 0.24414099752902985 0.5183280110359192 0.08203098177909851 0.09530797600746155
0 0.3461909890174866 0.5183280110359192 0.12207001447677612 0.08944296836853027
0 0.24511700868606567 0.620235025882721 0.0781250149011612 0.11143696308135986
0 0.3442380130290985 0.6209679841995239 0.11816400289535522 0.11290299892425537
0 0.245605006814003 0.7280060052871704 0.08105501532554626 0.09237504005432129
0 0.3466799855232239 0.7265400290489197 0.12304699420928955 0.0865100622177124
0 0.245605006814003 0.8284459710121155 0.08105501532554626 0.1173020601272583
0 0.3476560115814209 0.8284459710121155 0.12304699420928955 0.1173020601272583
0 0.24707001447677612 0.9281520247459412 0.0781250149011612 0.08797705173492432
0 0.34912100434303284 0.9259529709815979 0.11816400289535522 0.0865100622177124
0 0.48242199420928955 0.2859239876270294 0.0898439884185791 0.05571800470352173
0 0.5747069716453552 0.28519099950790405 0.0947270393371582 0.05718499422073364
0 0.6674799919128418 0.2866570055484772 0.09081995487213135 0.06011700630187988
0 0.7573239803314209 0.2859239876270294 0.09081995487213135 0.0615839958190918
0 0.8457030057907104 0.28519099950790405 0.0859379768371582 0.06011700630187988
0 0.4814450144767761 0.3475069999694824 0.09179699420928955 0.05571800470352173
0 0.5737299919128418 0.34897398948669434 0.0927729606628418 0.05278599262237549
0 0.6655269861221313 0.3475069999694824 0.0927729606628418 0.04985302686691284
0 0.7592769861221313 0.34677401185035706 0.0888669490814209 0.048386991024017334
0 0.8457030057907104 0.3475069999694824 0.0859379768371582 0.0615839958190918
0 0.4809570014476776 0.40689098834991455 0.09082001447677612 0.051320016384124756
0 0.5732420086860657 0.4076249897480011 0.09375 0.05278599262237549
0 0.6655269861221313 0.4054250121116638 0.0927729606628418 0.051320016384124756
0 0.7587890028953552 0.40469199419021606 0.0898439884185791 0.058650970458984375
0 0.8481450080871582 0.40469199419021606 0.0849609375 0.05571800470352173
0 0.48242199420928955 0.49560099840164185 0.09179699420928955 0.11143699288368225
0 0.5742189884185791 0.4985339939594269 0.09179699420928955 0.11143702268600464
0 0.6689450144767761 0.4985339939594269 0.08789098262786865 0.11143702268600464
0 0.7597659826278687 0.4963340163230896 0.0898439884185791 0.11290302872657776
0 0.8486329913139343 0.49560099840164185 0.08398401737213135 0.12023499608039856
0 0.4833980202674866 0.615103006362915 0.08984401822090149 0.11290299892425537
0 0.5761719942092896 0.615103006362915 0.08789098262786865 0.1099710464477539
0 0.4838869869709015 0.7478010058403015 0.08886700868606567 0.14369499683380127
0 0.6704099774360657 0.6129029989242554 0.0888669490814209 0.12023496627807617
0 0.7592769861221313 0.6180350184440613 0.09668004512786865 0.12756597995758057
0 0.8486329913139343 0.6143699884414673 0.08789098262786865 0.12903201580047607
0 0.5756840109825134 0.75 0.0986330509185791 0.14516103267669678
0 0.6694340109825134 0.7485340237617493 0.0888669490814209 0.1480940580368042
0 0.7602540254592896 0.75 0.0927729606628418 0.14516103267669678
0 0.8500980138778687 0.7514659762382507 0.0830080509185791 0.14222896099090576
0 0.484375 0.8973609805107117 0.0898439884185791 0.14955997467041016
0 0.578125 0.894428014755249 0.09570300579071045 0.15249300003051758
0 0.6708980202674866 0.8936949968338013 0.09179699420928955 0.14809393882751465
0 0.7626950144767761 0.8966280221939087 0.09375 0.14809393882751465
0 0.8515620231628418 0.9010260105133057 0.0820310115814209 0.14809393882751465
0 0.03369099646806717 0.4978010058403015 0.06543000042438507 0.10997101664543152
0 0.11230500042438507 0.4963340163230896 0.09179699420928955 0.11876800656318665
0 0.18066400289535522 0.4948679804801941 0.04492199420928955 0.1070379912853241
0 0.03466799855232239 0.6165689826011658 0.06347700953483582 0.11583602428436279
0 0.11132799834012985 0.6165689826011658 0.0898440033197403 0.11583602428436279
0 0.03369100019335747 0.7514659762382507 0.06347700208425522 0.15102601051330566
0 0.13574199378490448 0.7478010058403015 0.13476601243019104 0.1466280221939087
0 0.03369099646806717 0.8922290205955505 0.06543000042438507 0.13343095779418945
0 0.13916000723838806 0.8958939909934998 0.13574200868606567 0.1466280221939087
0 0.035645000636577606 0.2881230115890503 0.06347699463367462 0.054252028465270996
0 0.13476599752902985 0.28885599970817566 0.13867199420928955 0.05865103006362915
0 0.03613299876451492 0.3519060015678406 0.058594003319740295 0.05571800470352173
0 0.11035200208425522 0.35043999552726746 0.08789099752902985 0.05571800470352173
0 0.03808600455522537 0.4112899899482727 0.0664059966802597 0.05718499422073364
0 0.11279299855232239 0.4054250121116638 0.08886700868606567 0.051320016384124756
0 0.183105006814003 0.3519060015678406 0.045897990465164185 0.05278599262237549
0 0.17871099710464478 0.409824013710022 0.0507810115814209 0.0630500316619873
