0 0.5542899370193481 0.6057736277580261 0.22311709821224213 0.3505706787109375
0 0.36331605911254883 0.5766775608062744 0.21988822519779205 0.35000935196876526
0 0.17371703684329987 0.5426891446113586 0.23141741752624512 0.35398757457733154
0 0.047030817717313766 0.41910794377326965 0.09406163543462753 0.14275284111499786
0 0.32600176334381104 0.2941768169403076 0.08543601632118225 0.08391883969306946
0 0.031375445425510406 0.6261147260665894 0.06275089085102081 0.2510228157043457
1 0.04080895707011223 0.6205215454101562 0.08161791414022446 0.29600080847740173
0 0.5354106426239014 0.8025753498077393 0.20213906466960907 0.10815431922674179
0 0.34246936440467834 0.7690327167510986 0.19315937161445618 0.09869963675737381
0 0.1506885141134262 0.7397963404655457 0.19845661520957947 0.10356733947992325
