0 0.15469694137573242 0.1918206512928009 0.12825141847133636 0.20090383291244507
0 0.3362107574939728 0.22748692333698273 0.10970807075500488 0.11455045640468597
0 0.13052992522716522 0.3949475884437561 0.13132621347904205 0.22335310280323029
0 0.2207103669643402 0.41698959469795227 0.09121895581483841 0.2001989334821701
0 0.47144147753715515 0.4009400010108948 0.08593287318944931 0.11257191002368927
0 0.5429378747940063 0.425978422164917 0.08319451659917831 0.11709897965192795
0 0.5244413614273071 0.5343332290649414 0.0839632898569107 0.12271184474229813
0 0.45606762170791626 0.5131853818893433 0.0890076607465744 0.1350211799144745
0 0.6769208908081055 0.5551697015762329 0.12465076893568039 0.24816173315048218
0 0.7791575193405151 0.5692415833473206 0.12508198618888855 0.22679683566093445
0 0.3964598476886749 0.4947488307952881 0.06095677241683006 0.12634509801864624
