0 0.860015869140625 0.6257927417755127 0.15214791893959045 0.33180728554725647
0 0.947558581829071 0.6626108288764954 0.1048828586935997 0.36566290259361267
0 0.7692180871963501 0.5959348082542419 0.11346454918384552 0.2843606173992157
0 0.7357444763183594 0.7856885194778442 0.08983620256185532 0.15041731297969818
0 0.8170678019523621 0.8431825041770935 0.12040087580680847 0.19732807576656342
0 0.9243193864822388 0.9031937122344971 0.14295458793640137 0.19361257553100586
0 0.7206411957740784 0.5816423296928406 0.07557541131973267 0.25152266025543213
0 0.6877013444900513 0.75967937707901 0.049020737409591675 0.10604728758335114
0 0.556318998336792 0.5688393115997314 0.06545935571193695 0.23461322486400604
4 0.5163828730583191 0.5258409976959229 0.1311822235584259 0.33931076526641846
4 0.4709501564502716 0.5053108334541321 0.06524151563644409 0.23842933773994446
4 0.6391510367393494 0.5598515272140503 0.22168025374412537 0.5692939758300781
