0 0.7382810115814209 0.19033700227737427 0.03320300579071045 0.187407985329628
0 0.7407230138778687 0.3521229922771454 0.03418004512786865 0.13909202814102173
0 0.7758790254592896 0.17496299743652344 0.03808605670928955 0.15080499649047852
0 0.7749019861221313 0.35871198773384094 0.03808605670928955 0.21376299858093262
0 0.8105469942092896 0.19985398650169373 0.03125 0.18301598727703094
0 0.8134769797325134 0.38360199332237244 0.0351560115814209 0.17569500207901
0 0.4038090109825134 0.12445099651813507 0.09472697973251343 0.24597400426864624
0 0.19335900247097015 0.11859400570392609 0.11132800579071045 0.23426100611686707
0 0.04394499957561493 0.11200600117444992 0.08593800663948059 0.22108300030231476
0 0.1953119933605194 0.38506603240966797 0.11132800579071045 0.3103950321674347
0 0.4038090109825134 0.39970698952674866 0.08691400289535522 0.3016110062599182
0 0.04394499957561493 0.37847700715065 0.08593800663948059 0.3323569893836975
