0 0.757769763469696 0.09204501658678055 0.12143067270517349 0.1450534462928772
0 0.7779476642608643 0.20558500289916992 0.12164104729890823 0.1565171331167221
0 0.6608342528343201 0.1760946810245514 0.11678671836853027 0.24275743961334229
0 0.5645545721054077 0.18938057124614716 0.1387304812669754 0.2654663026332855
0 0.7051660418510437 0.409324049949646 0.142491415143013 0.28163811564445496
0 0.4502350389957428 0.2062421292066574 0.15200872719287872 0.287867933511734
0 0.3349530100822449 0.23255692422389984 0.14930905401706696 0.289081335067749
0 0.20175637304782867 0.18261098861694336 0.14046530425548553 0.15751224756240845
0 0.22178791463375092 0.31665119528770447 0.13769137859344482 0.1682152897119522
0 0.7951056361198425 0.3250105082988739 0.11127305030822754 0.14436587691307068
0 0.8117651343345642 0.45172587037086487 0.11240743845701218 0.15226203203201294
0 0.6010352373123169 0.4379121959209442 0.15257588028907776 0.29181551933288574
0 0.48990753293037415 0.46623775362968445 0.1505165845155716 0.28748759627342224
0 0.3754773437976837 0.49847468733787537 0.15903568267822266 0.30677369236946106
0 0.2397226244211197 0.4522494077682495 0.1463576853275299 0.16852179169654846
0 0.26266342401504517 0.595779538154602 0.14955158531665802 0.180746927857399
0 0.8290649652481079 0.572138786315918 0.10957138240337372 0.13252204656600952
0 0.8470426797866821 0.6811238527297974 0.11659841239452362 0.15142875909805298
0 0.6428402066230774 0.6912250518798828 0.1505165845155716 0.28748759627342224
0 0.5325644016265869 0.7254726886749268 0.153143048286438 0.29576316475868225
0 0.4131600260734558 0.7661392688751221 0.15669280290603638 0.3004719614982605
0 0.2918380796909332 0.8042250871658325 0.17004425823688507 0.31338372826576233
0 0.7475757598876953 0.6614591479301453 0.1291399598121643 0.26872628927230835
5 0.9526761770248413 0.769519031047821 0.09464764595031738 0.24514327943325043
