0 0.11572299897670746 0.42941200733184814 0.20410200953483582 0.3823530375957489
0 0.11572299897670746 0.689706027507782 0.20410200953483582 0.12352895736694336
0 0.2661130130290985 0.41544100642204285 0.057617008686065674 0.3985289931297302
0 0.2661130130290985 0.6941180229187012 0.057617008686065674 0.13235294818878174
0 0.1132809966802597 0.10367599874734879 0.22460898756980896 0.20441199839115143
0 0.2993159890174866 0.10294100642204285 0.12597697973251343 0.20294100046157837
0 0.4345700144767761 0.10294100642204285 0.125 0.20294100046157837
0 0.5737299919128418 0.09852899610996246 0.12793004512786865 0.19411799311637878
0 0.7099609971046448 0.10514699667692184 0.1289060115814209 0.19264699518680573
0 0.890625 0.10147099941968918 0.21875 0.20000000298023224
0 0.7407230138778687 0.4948529601097107 0.0615229606628418 0.5485290288925171
0 0.8964840173721313 0.4860289692878723 0.2070310115814209 0.5132349729537964
0 0.44384801387786865 0.5411760210990906 0.12402299046516418 0.4970589876174927
0 0.5737299919128418 0.5419120192527771 0.12206995487213135 0.4926470220088959
