0 0.7871367335319519 0.1154053583741188 0.21504290401935577 0.2308107167482376
0 0.8226229548454285 0.3488180339336395 0.21200202405452728 0.2734813392162323
0 0.5365890860557556 0.19491006433963776 0.2306457757949829 0.2744947671890259
0 0.5739334225654602 0.4509931802749634 0.2322717010974884 0.27966922521591187
0 0.29093635082244873 0.2874583899974823 0.22621767222881317 0.27432966232299805
0 0.1867680698633194 0.5880224704742432 0.06311250478029251 0.24269340932369232
0 0.14985178411006927 0.5944320559501648 0.07262736558914185 0.27820512652397156
0 0.10943325608968735 0.6106464862823486 0.07936740666627884 0.29443567991256714
0 0.07309494912624359 0.6210724115371704 0.06907492876052856 0.3269730806350708
0 0.32757630944252014 0.5488920211791992 0.22364668548107147 0.28094643354415894
