0 0.06738300621509552 0.06141500174999237 0.1328119933605194 0.12015999853610992
0 0.20117199420928955 0.06475300341844559 0.13476598262786865 0.1161549985408783
0 0.3364259898662567 0.06408499926328659 0.14355498552322388 0.12015999853610992
0 0.4765620231628418 0.06208299845457077 0.1367190182209015 0.1161549985408783
0 0.6132810115814209 0.06141500174999237 0.1328120231628418 0.12015999853610992
0 0.7490230202674866 0.06074800342321396 0.13867199420928955 0.11882500350475311
0 0.9101560115814209 0.064084991812706 0.1796879768371582 0.12550100684165955
0 0.06933599710464478 0.20560699701309204 0.13085901737213135 0.15754300355911255
0 0.20214800536632538 0.20627500116825104 0.13476601243019104 0.15620800852775574
0 0.3393549919128418 0.20494000613689423 0.13964802026748657 0.15353801846504211
0 0.4765620231628418 0.20427200198173523 0.13476601243019104 0.15487301349639893
0 0.6132810115814209 0.20494000613689423 0.13867199420928955 0.15620800852775574
0 0.7480469942092896 0.20560699701309204 0.13085901737213135 0.15487301349639893
0 0.9067379832267761 0.20694300532341003 0.1865229606628418 0.15754300355911255
0 0.0703120082616806 0.35647499561309814 0.1328119933605194 0.14152199029922485
0 0.2036130130290985 0.3544729948043823 0.13378901779651642 0.14552700519561768
0 0.3388670086860657 0.3524700105190277 0.1367189884185791 0.14152199029922485
0 0.476561963558197 0.3531379997730255 0.13867196440696716 0.14018696546554565
0 0.6147459745407104 0.3538050055503845 0.13769495487213135 0.14152199029922485
0 0.7490230202674866 0.3531379997730255 0.13085901737213135 0.14285701513290405
0 0.9072267413139343 0.3544729948043823 0.18554651737213135 0.14552700519561768
0 0.06982401013374329 0.4973300099372864 0.13378900289535522 0.14018702507019043
0 0.2036130130290985 0.4959949851036072 0.13378901779651642 0.14285698533058167
0 0.3398439884185791 0.4986649751663208 0.13867199420928955 0.1481979787349701
0 0.4765620231628418 0.5013350248336792 0.13476601243019104 0.14285698533058167
0 0.6127930283546448 0.5006679892539978 0.13769495487213135 0.14152202010154724
0 0.7465819716453552 0.5 0.1298830509185791 0.14285698533058167
0 0.9042969942092896 0.5013350248336792 0.18554699420928955 0.14552700519561768
0 0.06835900247097015 0.6381840109825134 0.13085898756980896 0.14419198036193848
0 0.20214800536632538 0.6388520002365112 0.1367190182209015 0.14018702507019043
0 0.3393549919128418 0.640854001045227 0.13769501447677612 0.14419198036193848
0 0.4770509898662567 0.642857015132904 0.13769501447677612 0.14018702507019043
0 0.6137700080871582 0.6441919803619385 0.1357419490814209 0.14285695552825928
0 0.7485349774360657 0.644860029220581 0.13378894329071045 0.14152204990386963
0 0.90625 0.6435250043869019 0.18164098262786865 0.13885200023651123
0 0.06982401013374329 0.7843790054321289 0.13378900289535522 0.14552700519561768
0 0.20410199463367462 0.7850469946861267 0.13476601243019104 0.14419198036193848
0 0.3403320014476776 0.7850469946861267 0.13769501447677612 0.14419198036193848
0 0.4770509898662567 0.7863820195198059 0.13574200868606567 0.14152204990386963
0 0.6132810115814209 0.7850469946861267 0.1367189884185791 0.13885200023651123
0 0.7495120167732239 0.7863820195198059 0.1357419490814209 0.13618195056915283
0 0.9086909890174866 0.7897199988365173 0.1826169490814209 0.14285695552825928
0 0.9086909890174866 0.9225630164146423 0.1826169490814209 0.12015998363494873
0 0.06835900247097015 0.9218959808349609 0.1289059817790985 0.13217604160308838
0 0.20263700187206268 0.9178910255432129 0.14355501532554626 0.12149500846862793
0 0.3427729904651642 0.927236020565033 0.13476598262786865 0.14018702507019043
0 0.4794920086860657 0.9265689849853516 0.1328120231628418 0.13618195056915283
0 0.6152340173721313 0.9299070239067078 0.1367189884185791 0.13751697540283203
0 0.7485349774360657 0.9265689849853516 0.13183605670928955 0.13618195056915283
