0 0.46370190382003784 0.8866522312164307 0.10850222408771515 0.22669550776481628
0 0.3543640673160553 0.8837411403656006 0.11273463815450668 0.23251770436763763
0 0.24437037110328674 0.8790241479873657 0.12130128592252731 0.24195176362991333
0 0.1258111298084259 0.8761159181594849 0.13248619437217712 0.24217766523361206
0 0.04173573479056358 0.8700544834136963 0.08347146958112717 0.24295170605182648
0 0.578709065914154 0.8887344002723694 0.11278554052114487 0.2225312441587448
0 0.6887791156768799 0.8908160328865051 0.10719358921051025 0.21836797893047333
0 0.8073893189430237 0.8900408744812012 0.1384355127811432 0.21991822123527527
0 0.5 0.5930326581001282 1.0 0.4165542721748352
0 0.9219915866851807 0.9014670252799988 0.15601684153079987 0.19706588983535767
0 0.5 0.2655928134918213 1.0 0.33685964345932007
0 0.5 0.08714612573385239 1.0 0.12203055620193481
