0 0.08546368777751923 0.3008786737918854 0.13487884402275085 0.13877998292446136
0 0.10267354547977448 0.44024738669395447 0.13986393809318542 0.133506640791893
0 0.2737477719783783 0.26600217819213867 0.14711253345012665 0.15916948020458221
0 0.2993023693561554 0.4088188111782074 0.14039237797260284 0.13665103912353516
0 0.4676187336444855 0.2366531938314438 0.14605560898780823 0.15288066864013672
0 0.49442100524902344 0.37764298915863037 0.14394180476665497 0.1403031051158905
0 0.663530170917511 0.21019446849822998 0.1419777274131775 0.14608420431613922
0 0.6884819269180298 0.34017956256866455 0.1425061821937561 0.14922860264778137
0 0.12528251111507416 0.5932586789131165 0.14960506558418274 0.15653277933597565
0 0.3168507516384125 0.5594463348388672 0.14605563879013062 0.1528807282447815
0 0.5180115103721619 0.5272561311721802 0.13435037434101105 0.1356356143951416
0 0.7087880969047546 0.48872750997543335 0.13948523998260498 0.1487208753824234
0 0.14879848062992096 0.7331836223602295 0.15013352036476135 0.15967723727226257
0 0.1763923615217209 0.8788897395133972 0.14144928753376007 0.14293985068798065
0 0.19647347927093506 0.9728865623474121 0.1351078748703003 0.05422692373394966
0 0.3464096784591675 0.6983557343482971 0.15262605249881744 0.15704049170017242
0 0.37230393290519714 0.8524320125579834 0.15156914293766022 0.15075168013572693
0 0.38528504967689514 0.9574013352394104 0.12604491412639618 0.08519727736711502
0 0.5422459244728088 0.6622110605239868 0.15579675137996674 0.17590691149234772
0 0.5597942471504211 0.812838613986969 0.14696283638477325 0.14081081748008728
0 0.581386387348175 0.9320715665817261 0.13367225229740143 0.11413256078958511
0 0.731585681438446 0.6336225271224976 0.1425061821937561 0.1492285430431366
0 0.7564228773117065 0.7814090251922607 0.14144928753376007 0.14293985068798065
2 0.7626802325248718 0.938785195350647 0.0606398805975914 0.0988025888800621
