0 0.31649070978164673 0.2598148584365845 0.23021546006202698 0.4541935324668884
0 0.2644415497779846 0.6011732816696167 0.208918496966362 0.3231617510318756
0 0.7222062945365906 0.5484371781349182 0.07370170950889587 0.17628049850463867
0 0.6771725416183472 0.5286599397659302 0.06166240572929382 0.16924433410167694
0 0.6211627125740051 0.5012417435646057 0.09335128217935562 0.17771023511886597
0 0.557563304901123 0.4694739580154419 0.07865814864635468 0.1755210906267166
0 0.5089006423950195 0.4480319619178772 0.06347697228193283 0.17007628083229065
0 0.4537648558616638 0.4244929850101471 0.09111710637807846 0.1797177642583847
0 0.6127602458000183 0.7582622170448303 0.2700379192829132 0.3193514943122864
0 0.4550100266933441 0.685066819190979 0.07819052785634995 0.13286317884922028
0 0.05010455846786499 0.17072510719299316 0.052039630711078644 0.2178870141506195
