0 0.35324418544769287 0.4199512302875519 0.03364557400345802 0.06148839369416237
0 0.44942882657051086 0.4024718701839447 0.03376493602991104 0.06290636211633682
0 0.5438664555549622 0.3867635726928711 0.035751622170209885 0.06467760354280472
0 0.6155232191085815 0.373565137386322 0.041279979050159454 0.05944447964429855
0 0.652004063129425 0.36486172676086426 0.04111209884285927 0.06290117651224136
0 0.7238995432853699 0.3544991910457611 0.031014438718557358 0.057502079755067825
0 0.789753794670105 0.34275883436203003 0.029961369931697845 0.05590743571519852
0 0.8183261156082153 0.3330308496952057 0.032978810369968414 0.04810516908764839
0 0.3166354298591614 0.43840354681015015 0.04084087163209915 0.04331265389919281
0 0.24932242929935455 0.44969967007637024 0.024736445397138596 0.03747473284602165
0 0.19364221394062042 0.4724808633327484 0.018355434760451317 0.05440910533070564
0 0.3689550459384918 0.5671681761741638 0.0380248948931694 0.12441698461771011
0 0.2271498739719391 0.5889580249786377 0.03915374353528023 0.10509340465068817
0 0.461108535528183 0.5468502044677734 0.032262809574604034 0.09960334748029709
0 0.59141606092453 0.5236344933509827 0.06820347905158997 0.11198542267084122
0 0.7006365060806274 0.5033284425735474 0.07060707360506058 0.11872036010026932
1 0.6433848142623901 0.5130809545516968 0.030504655092954636 0.09508361667394638
