0 0.5875735878944397 0.3889412581920624 0.11615613847970963 0.18321493268013
0 0.6787896156311035 0.40220367908477783 0.13293644785881042 0.19960199296474457
0 0.7819589376449585 0.42009252309799194 0.13454511761665344 0.19090697169303894
0 0.7467896938323975 0.5895150899887085 0.13669106364250183 0.19319169223308563
0 0.6484087705612183 0.5707059502601624 0.12673050165176392 0.18555578589439392
0 0.558648407459259 0.5547959208488464 0.11945168673992157 0.19118598103523254
0 0.5290347933769226 0.7195075154304504 0.12305191904306412 0.17568936944007874
0 0.618105411529541 0.7342763543128967 0.11791925132274628 0.18360525369644165
0 0.7098574638366699 0.758547306060791 0.13531124591827393 0.1946968287229538
0 0.2740066349506378 0.3690248131752014 0.1697138100862503 0.17334674298763275
5 0.1537117063999176 0.6225612759590149 0.29674968123435974 0.21052125096321106
3 0.4829866886138916 0.5420058965682983 0.17239688336849213 0.47808098793029785
3 0.14459514617919922 0.29879751801490784 0.17645657062530518 0.2400127351284027
