2 0.4810644883296888 0.5426608400671028 0.09626212482882746 0.18562554809884357
2 0.12075946314943266 0.5896192752441143 0.0449197008695498 0.09774605311538431
0 0.2617127733218101 0.1360283096841144 0.25250671365289445 0.2720566193682288
0 0.2904289440554918 0.42212080897998594 0.2688775582720102 0.4407169692330389
0 0.43095518557934653 0.11245029834939232 0.1326803213986314 0.22490059669878465
0 0.457004874153509 0.39356099844451714 0.14375970029224744 0.39280908983213825
0 0.5415594663962011 0.1033208308879695 0.13988550693809998 0.206641661775939
0 0.6458749245437571 0.35555572818759984 0.08261984406036627 0.3366582451076232
0 0.6649067865199992 0.092996502783278 0.07409539116782615 0.185993005566556
0 0.6142057743650344 0.10254820643181536 0.06549061126779743 0.20509641286363073
0 0.7319533447907477 0.09046247640870175 0.1116019392362122 0.1809249528174035
0 0.7628507242816378 0.3344449427901753 0.11845831887450886 0.3432980594758247
0 0.6943844918577338 0.3468724864162325 0.08029365832368562 0.33189409381052304
0 0.8501119400083308 0.3163147122730945 0.11730517401371188 0.3317291552052677
0 0.8216119769439912 0.0871826520081937 0.11668675687862229 0.1743653040163874
0 0.9013703334206693 0.07924438330433974 0.09628633846689527 0.15848876660867947
0 0.927029396093719 0.30124894961395066 0.10275078068070809 0.31573439106195067
