4 0.24892206490039825 0.5494681000709534 0.09571719169616699 0.3800429403781891
4 0.12880279123783112 0.6203539371490479 0.06371381878852844 0.2720259428024292
4 0.3246552050113678 0.5376619696617126 0.0687340646982193 0.2803490459918976
4 0.5833591222763062 0.44998013973236084 0.06709229201078415 0.27584683895111084
4 0.614700198173523 0.4226439297199249 0.0900353416800499 0.3675682842731476
4 0.8445086479187012 0.36142003536224365 0.07274428755044937 0.27656984329223633
4 0.9602155685424805 0.2914015054702759 0.07956886291503906 0.36409878730773926
4 0.7697628736495972 0.4248075783252716 0.05987720936536789 0.17280778288841248
0 0.1981794238090515 0.5654762983322144 0.10774581134319305 0.19519704580307007
0 0.2899242341518402 0.5340282917022705 0.0726020559668541 0.17737247049808502
0 0.07566092908382416 0.6342970728874207 0.10061939060688019 0.12741325795650482
0 0.37791988253593445 0.5536664724349976 0.07343808561563492 0.07852596789598465
0 0.4514447748661041 0.5280228853225708 0.08799579739570618 0.07722590118646622
0 0.5343798995018005 0.4997350871562958 0.09289032220840454 0.0789816752076149
0 0.011951139196753502 0.31274649500846863 0.023902278393507004 0.10580887645483017
0 0.05576864257454872 0.28592535853385925 0.09351659566164017 0.1118200421333313
0 0.1348360925912857 0.25609925389289856 0.0887179896235466 0.10488002747297287
0 0.21189740300178528 0.22991850972175598 0.08578110486268997 0.10382650047540665
0 0.28856465220451355 0.19802768528461456 0.08470690995454788 0.10865981131792068
0 0.36602023243904114 0.17755796015262604 0.09253828227519989 0.1114690974354744
0 0.44655612111091614 0.14720508456230164 0.08808545023202896 0.11248064786195755
0 0.5259537696838379 0.11945480853319168 0.08394844084978104 0.10969217866659164
0 0.5971423387527466 0.0953807607293129 0.08840124309062958 0.1086806133389473
0 0.6758300065994263 0.06642230600118637 0.08915961533784866 0.10764732211828232
0 0.7525600790977478 0.045220524072647095 0.09143412113189697 0.09044104814529419
0 0.8295120000839233 0.03135032206773758 0.09023396670818329 0.06270064413547516
0 0.9162991642951965 0.017645685002207756 0.10504189878702164 0.03529137000441551
