0 0.6615102887153625 0.14287146925926208 0.20896166563034058 0.1930621862411499
0 0.4973185360431671 0.1960330307483673 0.16857829689979553 0.1817653924226761
0 0.35270828008651733 0.24271418154239655 0.16980032622814178 0.1801040917634964
0 0.20952749252319336 0.29242807626724243 0.16571764647960663 0.1746228039264679
0 0.07562346756458282 0.34241190552711487 0.15124693512916565 0.18064400553703308
0 0.002196455141529441 0.3769451677799225 0.004392910283058882 0.15692904591560364
0 0.6797766089439392 0.2921978831291199 0.2534404695034027 0.22636771202087402
0 0.4511328637599945 0.36668598651885986 0.26364025473594666 0.23180744051933289
0 0.2296302616596222 0.44231465458869934 0.24079614877700806 0.22424854338169098
0 0.07507041096687317 0.5016649961471558 0.15014082193374634 0.21120861172676086
0 0.7237237691879272 0.40732651948928833 0.21953615546226501 0.15938526391983032
0 0.5532509088516235 0.5198083519935608 0.18453353643417358 0.2428077608346939
0 0.403540700674057 0.5670091509819031 0.19351136684417725 0.24990874528884888
0 0.252607524394989 0.6169514656066895 0.19840653240680695 0.2515285015106201
0 0.10105130076408386 0.673102855682373 0.20210260152816772 0.2688887119293213
0 0.8971495032310486 0.4270435571670532 0.19591477513313293 0.1970067173242569
0 0.7178487777709961 0.46417567133903503 0.20778736472129822 0.252567857503891
0 0.9159678816795349 0.5877057909965515 0.16806429624557495 0.23230208456516266
0 0.7396142482757568 0.6555687189102173 0.248558908700943 0.24127477407455444
0 0.5081132650375366 0.7286654710769653 0.27588844299316406 0.2482522875070572
0 0.27824732661247253 0.8058937191963196 0.25916171073913574 0.24065279960632324
0 0.0987592563033104 0.8652845025062561 0.19389338791370392 0.2190561592578888
0 0.9211363196372986 0.756300151348114 0.15772736072540283 0.21835093200206757
0 0.77910315990448 0.8118910789489746 0.18450629711151123 0.20975361764431
0 0.6234796047210693 0.8645535111427307 0.19225522875785828 0.21025244891643524
0 0.45949020981788635 0.9067095518112183 0.19061662256717682 0.18658089637756348
0 0.29244792461395264 0.9337256550788879 0.21468967199325562 0.13254866003990173
0 0.12356269359588623 0.9598293900489807 0.18369333446025848 0.08034127205610275
