4 0.027714962139725685 0.2423046976327896 0.05542992427945137 0.4846093952655792
4 0.2933216094970703 0.2506312131881714 0.10239505767822266 0.5012624263763428
4 0.5771114230155945 0.25713759660720825 0.08793999999761581 0.5142751932144165
0 0.1505785882472992 0.10204634815454483 0.20166292786598206 0.20409269630908966
0 0.14634448289871216 0.28026455640792847 0.2018926441669464 0.17102505266666412
0 0.4372081458568573 0.09832848608493805 0.2209043651819229 0.1966569721698761
0 0.43236473202705383 0.2792176902294159 0.2128436118364334 0.18830198049545288
0 0.6468933820724487 0.10004539042711258 0.07738694548606873 0.20009078085422516
0 0.6434796452522278 0.28533321619033813 0.07417640089988708 0.18634849786758423
1 0.16629259288311005 0.41022026538848877 0.08732762187719345 0.07877594977617264
1 0.45147913694381714 0.42592883110046387 0.08941443264484406 0.08649362623691559
