0 0.19166699051856995 0.07081499695777893 0.37777799367904663 0.13733899593353271
0 0.5222219824790955 0.07403399795293808 0.2888890206813812 0.143776997923851
0 0.8347219824790955 0.0729610025882721 0.3305560350418091 0.14163100719451904
0 0.1875 0.2843349874019623 0.36944401264190674 0.16094398498535156
0 0.5222219824790955 0.2843349874019623 0.30000004172325134 0.16094398498535156
0 0.8361110091209412 0.2811160087585449 0.3277779817581177 0.15450598299503326
0 0.1875 0.5118029713630676 0.36944401264190674 0.17811203002929688
0 0.5222219824790955 0.5096570253372192 0.30555596947669983 0.18240296840667725
0 0.8361110091209412 0.5118029713630676 0.3277779817581177 0.18240296840667725
0 0.1875 0.7317600250244141 0.36944401264190674 0.18025803565979004
0 0.5208330154418945 0.7306870222091675 0.2972220182418823 0.18240296840667725
0 0.8347219824790955 0.7328330278396606 0.3305560350418091 0.18669497966766357
0 0.1875 0.9313300251960754 0.36944401264190674 0.13733899593353271
0 0.5194439888000488 0.932403028011322 0.28888896107673645 0.13519299030303955
0 0.8333330154418945 0.9302577376365662 0.33333301544189453 0.13948452472686768
