0 0.4447382390499115 0.2071654498577118 0.17205408215522766 0.13576357066631317
0 0.6700335741043091 0.21740783751010895 0.26850995421409607 0.07457457482814789
0 0.44599154591560364 0.3495728373527527 0.18302910029888153 0.14272941648960114
0 0.621986448764801 0.3689902126789093 0.17369747161865234 0.09061457961797714
0 0.6547361016273499 0.39220327138900757 0.2392246276140213 0.05136702209711075
0 0.4426621198654175 0.49718186259269714 0.1702713519334793 0.14617986977100372
0 0.6424140334129333 0.5073797702789307 0.13179267942905426 0.10559017956256866
0 0.648665726184845 0.5409661531448364 0.2428690493106842 0.050215840339660645
0 0.4402315020561218 0.6482666730880737 0.17393432557582855 0.14965955913066864
0 0.6453385949134827 0.6879962682723999 0.23739442229270935 0.050206080079078674
0 0.6418451070785522 0.6492050290107727 0.13546496629714966 0.11138526350259781
0 0.3691798448562622 0.8490126729011536 0.08809953927993774 0.12982529401779175
0 0.2852531671524048 0.8477053046226501 0.09539863467216492 0.12983831763267517
0 0.19584229588508606 0.8492825031280518 0.07715702056884766 0.13096347451210022
0 0.18131856620311737 0.14880813658237457 0.053084101527929306 0.042931150645017624
0 0.18348459899425507 0.291217178106308 0.05492720752954483 0.04756529629230499
0 0.17747820913791656 0.42376992106437683 0.05126421898603439 0.04408561438322067
0 0.17329508066177368 0.5569056868553162 0.05860987678170204 0.0556768923997879
