0 0.5650198068238627 0.30200623898714846 0.07379362738763606 0.08658138350804234
0 0.4979345426033318 0.2863569083035381 0.07857764196380618 0.07522060025728486
0 0.42595287953386846 0.26932953721823183 0.07644127615360818 0.08829004457181999
0 0.5610083133670911 0.36846251779521444 0.07829158948579151 0.08320225657960173
0 0.4902541485155444 0.3571342022130369 0.08141827876222324 0.08898965173974338
0 0.4164696155421531 0.34469019176742277 0.08467141995751143 0.08543649038389972
0 0.5514785188227516 0.4334523881037974 0.07513162463684175 0.06671432396038496
0 0.483930850207859 0.41635666368253954 0.08556285296407351 0.07219205887602431
0 0.41068852858905147 0.4046795399961901 0.08805089950072642 0.07254180552574635
0 0.05009536128817422 0.18540325492439752 0.06824542434781876 0.1018451601920706
0 0.04019633786073105 0.26968732588003097 0.06728745856798933 0.09368867320605406
0 0.030886186415371483 0.35311609931745125 0.061772372830742966 0.09741665100521024
0 0.02694118063752766 0.44641195477731455 0.05388236127505532 0.10728285136365162
0 0.020810841969554853 0.5367257374491262 0.041621683939109706 0.10031040546682951
0 0.016004326849487743 0.6224571620185382 0.03200865369897549 0.08689104375254464
0 0.4690298954514005 0.5863048298448886 0.2255802085074456 0.1600597457373918
