0 0.8618179559707642 0.2677600085735321 0.10909098386764526 0.16393399238586426
0 0.676364004611969 0.24863401055335999 0.10181796550750732 0.08196701109409332
0 0.8581819534301758 0.464480996131897 0.10909098386764526 0.1857919692993164
0 0.7654550075531006 0.45901602506637573 0.06909102201461792 0.17486301064491272
0 0.5181820392608643 0.37158501148223877 0.07636398077011108 0.08743202686309814
0 0.4436360001564026 0.3743169903755188 0.07272696495056152 0.0928959846496582
0 0.44727301597595215 0.4808740019798279 0.07272696495056152 0.09836101531982422
0 0.5181820392608643 0.4808740019798279 0.07636398077011108 0.10929000377655029
0 0.292726993560791 0.4562839865684509 0.09818196296691895 0.21311497688293457
0 0.1890910267829895 0.43989098072052 0.10181796550750732 0.19125697016716003
0 0.5800000429153442 0.4808740019798279 0.04727298021316528 0.10929000377655029
