0 0.1280170044558345 0.487999663667833 0.1819029740916575 0.4284452939352379
0 0.29629218679039593 0.4420680880245561 0.18865089299965918 0.4220008417386667
0 0.4867605678408556 0.3937994113419861 0.24595232485098084 0.4349721994242405
0 0.6748160322720669 0.3402279168168107 0.1972836096668723 0.41603675624152336
0 0.8445736452742488 0.2998391469100664 0.18472586439809113 0.41936761133789235
0 0.09717222684160778 0.17430834192916206 0.16646793804494447 0.24489870213677933
0 0.26472729273343637 0.13151966038821225 0.17656642448574414 0.25316328485007017
0 0.45786666165474976 0.11053831700724738 0.23507899959755768 0.22107663401449476
0 0.6465907245819471 0.08506893741888284 0.17629948025617403 0.17013787483776568
0 0.8162506147301888 0.05953187852725002 0.16895226279986364 0.11906375705450004
