0 0.742188036441803 0.10997100174427032 0.20898401737213135 0.21700897812843323
0 0.5761719942092896 0.05718500167131424 0.125 0.11143700778484344
0 0.3881840407848358 0.11217000335454941 0.24902302026748657 0.22140799462795258
0 0.22363299131393433 0.11217000335454941 0.078125 0.22140799462795258
0 0.0424802303314209 0.11070399731397629 0.0849604606628418 0.21847499907016754
0 0.04101598262786865 0.32844600081443787 0.0820310115814209 0.21700900793075562
0 0.04052725434303284 0.5131959915161133 0.08105450868606567 0.1612900197505951
0 0.7021480202674866 0.33064499497413635 0.12304699420928955 0.2155429869890213
0 0.5761719942092896 0.32697901129722595 0.12695300579071045 0.22873897850513458
0 0.4487299621105194 0.32917898893356323 0.12792998552322388 0.21847498416900635
0 0.32226598262786865 0.32917898893356323 0.12304699420928955 0.22434002161026
0 0.22363299131393433 0.3321110010147095 0.0742189884185791 0.21847498416900635
0 0.7021480202674866 0.5183280110359192 0.12304699420928955 0.15982401371002197
0 0.5761719942092896 0.5168619751930237 0.1289060115814209 0.162757009267807
0 0.4497069716453552 0.5161290168762207 0.12793004512786865 0.15542498230934143
0 0.32275402545928955 0.5168619751930237 0.1259770393371582 0.15395903587341309
0 0.22021502256393433 0.5139300227165222 0.08105504512786865 0.15102601051330566
4 0.1293950080871582 0.29765400290489197 0.10644495487213135 0.5923749804496765
4 0.8945310115814209 0.29838699102401733 0.09960901737213135 0.5938420295715332
