0 0.016112999990582466 0.2305999994277954 0.03027300164103508 0.45827198028564453
0 0.06884799897670746 0.23206397891044617 0.07324200868606567 0.461201012134552
0 0.1440429985523224 0.2305999994277954 0.07324200868606567 0.45827198028564453
0 0.22021499276161194 0.23206399381160736 0.07519501447677612 0.45534399151802063
0 0.3002929985523224 0.09443599730730057 0.07714802026748657 0.18594400584697723
0 0.37646499276161194 0.09297201037406921 0.07910197973251343 0.18301600217819214
0 0.45458999276161194 0.09297201037406921 0.07714802026748657 0.18301600217819214
0 0.5336909890174866 0.0907759964466095 0.07714799046516418 0.1786240041255951
0 0.6132810115814209 0.09370400011539459 0.07617199420928955 0.1844799816608429
0 0.6943359971046448 0.09297201037406921 0.08007800579071045 0.18301600217819214
0 0.7719730138778687 0.2276720106601715 0.0771479606628418 0.45241600275039673
0 0.8520510196685791 0.22840401530265808 0.0771479606628418 0.4538800120353699
0 0.9316409826278687 0.22694000601768494 0.078125 0.4509519934654236
0 0.9848629832267761 0.22840401530265808 0.030272960662841797 0.4538800120353699
0 0.7827150225639343 0.505856990814209 0.05566394329071045 0.09809696674346924
0 0.8525390028953552 0.5073210000991821 0.0820310115814209 0.10102498531341553
0 0.9321290254592896 0.5080530047416687 0.0771479606628418 0.09956097602844238
0 0.9853517413139343 0.5087850093841553 0.029296517372131348 0.10102498531341553
0 0.28662100434303284 0.4070279896259308 0.04589802026748657 0.3016110062599182
0 0.33789101243019104 0.4070279896259308 0.05664098262786865 0.29282599687576294
0 0.4091799855232239 0.39458298683166504 0.0585939884185791 0.3440699577331543
0 0.4648439884185791 0.39385101199150085 0.04882800579071045 0.33967798948287964
0 0.5273439884185791 0.39458298683166504 0.046875 0.335286021232605
0 0.5859379768371582 0.39458298683166504 0.0585939884185791 0.3469989597797394
0 0.6503909826278687 0.4099560081958771 0.04882800579071045 0.29575401544570923
0 0.7075200080871582 0.4033670127391815 0.04980504512786865 0.30600303411483765
