0 0.13625000417232513 0.18581600487232208 0.04416700452566147 0.09361699223518372
0 0.36333298683166504 0.35460999608039856 0.03166699409484863 0.07659602165222168
0 0.6333330273628235 0.33971598744392395 0.026666998863220215 0.04964500665664673
0 0.18291699886322021 0.1836879998445511 0.0541670024394989 0.09787198901176453
0 0.23499998450279236 0.18439699709415436 0.04999999701976776 0.09645399451255798
0 0.28208300471305847 0.1815599948167801 0.04416698217391968 0.09077998995780945
0 0.13249999284744263 0.2702130079269409 0.04666700214147568 0.0893620103597641
0 0.18208299577236176 0.2709220051765442 0.052500009536743164 0.08794301748275757
0 0.23250001668930054 0.2709220051765442 0.048333004117012024 0.08794301748275757
0 0.2791669964790344 0.27163100242614746 0.04500001668930054 0.08652500808238983
0 0.1308329999446869 0.36170199513435364 0.04833299666643143 0.09929102659225464
0 0.18208299577236176 0.3645389974117279 0.052500009536743164 0.0936170220375061
0 0.23125001788139343 0.36312100291252136 0.045833006501197815 0.09078001976013184
0 0.2779169976711273 0.36170199513435364 0.047500014305114746 0.0936170220375061
0 0.12791700661182404 0.47021299600601196 0.05250000208616257 0.12624096870422363
0 0.180417001247406 0.4723399877548218 0.05083298683166504 0.1219860315322876
0 0.23041699826717377 0.4716309905052185 0.04916700720787048 0.12056699395179749
0 0.2779169976711273 0.4695039987564087 0.04583299160003662 0.12482297420501709
0 0.22750000655651093 0.6652479767799377 0.141666978597641 0.21843993663787842
0 0.4216670095920563 0.174467995762825 0.05333298444747925 0.08226999640464783
0 0.4733330011367798 0.26312100887298584 0.050000011920928955 0.09503501653671265
0 0.5245829820632935 0.3581559956073761 0.052500009536743164 0.09503501653671265
0 0.5779169797897339 0.4673759937286377 0.05416703224182129 0.12340402603149414
0 0.5787500143051147 0.58439701795578 0.052500009536743164 0.11063802242279053
0 0.5274999737739563 0.5858160257339478 0.04999995231628418 0.10780096054077148
0 0.47291696071624756 0.5815600156784058 0.05916699767112732 0.09929096698760986
0 0.4195829927921295 0.5815600156784058 0.047500014305114746 0.09929096698760986
0 0.41791701316833496 0.6829789876937866 0.05083298683166504 0.10354602336883545
0 0.41916701197624207 0.4666669964790344 0.05333298444747925 0.13049602508544922
0 0.47291699051856995 0.4652479887008667 0.054166972637176514 0.12766003608703613
0 0.5245829820632935 0.46595698595046997 0.04916700720787048 0.12624096870422363
0 0.42124998569488525 0.3602840006351471 0.04583299160003662 0.10212796926498413
0 0.4708330035209656 0.35957399010658264 0.051666975021362305 0.09787201881408691
0 0.4229170083999634 0.2595739960670471 0.04583299160003662 0.08227001130580902
0 0.5787500143051147 0.3581559956073761 0.05083298683166504 0.09787201881408691
0 0.5254169702529907 0.2595739960670471 0.052500009536743164 0.09929098188877106
0 0.5770829916000366 0.2595739960670471 0.04916703701019287 0.10212801396846771
0 0.4745829999446869 0.16950400173664093 0.049166977405548096 0.09219899773597717
0 0.5237500071525574 0.1702129989862442 0.04916700720787048 0.09077998995780945
0 0.5754169821739197 0.17163099348545074 0.05416703224182129 0.09361699223518372
0 0.7162500023841858 0.17943300306797028 0.04416704177856445 0.09503498673439026
0 0.7679169774055481 0.6780139803886414 0.1391669511795044 0.24964499473571777
0 0.7604169845581055 0.18227000534534454 0.047500014305114746 0.0808509886264801
0 0.807083010673523 0.18510599434375763 0.04583299160003662 0.08652499318122864
0 0.8512499928474426 0.18439699709415436 0.04250001907348633 0.08794298768043518
0 0.7158330082893372 0.2730500102043152 0.04166698455810547 0.0893620103597641
0 0.7595829963684082 0.27233999967575073 0.04583299160003662 0.09078000485897064
0 0.8066669702529907 0.2730500102043152 0.048333048820495605 0.09219898283481598
0 0.8529170155525208 0.27375900745391846 0.04416704177856445 0.09078000485897064
0 0.7170829772949219 0.36312100291252136 0.04416704177856445 0.09645402431488037
0 0.7612500190734863 0.36383000016212463 0.04416704177856445 0.09503501653671265
0 0.8075000047683716 0.36383000016212463 0.048333048820495605 0.09503501653671265
0 0.8545830249786377 0.36595699191093445 0.04583299160003662 0.09078001976013184
0 0.71875 0.4737589955329895 0.04250001907348633 0.11914896965026855
0 0.761667013168335 0.4716309905052185 0.04333305358886719 0.12340402603149414
0 0.8091670274734497 0.4737589955329895 0.051666975021362305 0.12766003608703613
0 0.8579170107841492 0.4744679927825928 0.04583299160003662 0.12624096870422363
3 0.3483330011367798 0.3914889991283417 0.09166699647903442 0.5390070080757141
3 0.6512500047683716 0.39574500918388367 0.09416699409484863 0.5446810126304626
