0 0.7720274329185486 0.16603566706180573 0.23042678833007812 0.2540772259235382
0 0.6050236225128174 0.08545976132154465 0.13651704788208008 0.1333543062210083
0 0.40773946046829224 0.1215491071343422 0.2719247043132782 0.2430982142686844
0 0.23848098516464233 0.10117558389902115 0.09613767266273499 0.2023511677980423
0 0.052250321954488754 0.08520467579364777 0.10295967012643814 0.17040935158729553
0 0.04257435351610184 0.2732545733451843 0.08514870703220367 0.23338541388511658
0 0.03449653834104538 0.4604843556880951 0.06899307668209076 0.17673535645008087
0 0.715116560459137 0.3832406997680664 0.1419268399477005 0.23858419060707092
0 0.585797905921936 0.3589913249015808 0.146884948015213 0.2525996267795563
0 0.4545532464981079 0.340450257062912 0.1471584588289261 0.2423526793718338
0 0.3244714140892029 0.31983813643455505 0.14255371689796448 0.2475031018257141
0 0.222807839512825 0.30673477053642273 0.09191091358661652 0.23359842598438263
0 0.7017421126365662 0.573523759841919 0.13795626163482666 0.1820933222770691
0 0.572266697883606 0.5515048503875732 0.1441919058561325 0.18602189421653748
0 0.4422360360622406 0.5301494002342224 0.1426655352115631 0.1784292310476303
0 0.3115990161895752 0.5102007389068604 0.14055219292640686 0.17662465572357178
0 0.20633552968502045 0.49051550030708313 0.0941360667347908 0.1663292497396469
4 0.128329336643219 0.2827030420303345 0.15170316398143768 0.565406084060669
4 0.9153019189834595 0.38189196586608887 0.14477621018886566 0.6183038353919983
