0 0.37069985270500183 0.2741509675979614 0.2176135927438736 0.16663388907909393
0 0.5932580828666687 0.24871790409088135 0.28841283917427063 0.1186801940202713
0 0.426127552986145 0.42057856917381287 0.23086300492286682 0.17551866173744202
0 0.6043302416801453 0.41246554255485535 0.2023729532957077 0.12040261924266815
0 0.6449518799781799 0.43113651871681213 0.25133582949638367 0.09021525830030441
0 0.4790876507759094 0.573093831539154 0.2197674959897995 0.177080899477005
0 0.6768379211425781 0.5516941547393799 0.16728615760803223 0.12928403913974762
0 0.6956910490989685 0.5852775573730469 0.2544436752796173 0.08959856629371643
0 0.5342432856559753 0.7290443181991577 0.22462017834186554 0.18123526871204376
0 0.748432993888855 0.7371963858604431 0.249126598238945 0.08873433619737625
0 0.7302754521369934 0.6978133916854858 0.17301125824451447 0.13582390546798706
0 0.541703999042511 0.9366880655288696 0.1339164674282074 0.12662386894226074
0 0.459751695394516 0.9424283504486084 0.1410055160522461 0.11514328420162201
0 0.3735748529434204 0.9508015513420105 0.12372052669525146 0.09839687496423721
0 0.09282395988702774 0.25613152980804443 0.06752987951040268 0.052486568689346313
0 0.14913813769817352 0.40241506695747375 0.07104674726724625 0.05754568800330162
0 0.19376854598522186 0.5398553609848022 0.0661940649151802 0.053391315042972565
0 0.24039044976234436 0.6776047945022583 0.07764574140310287 0.06647238880395889
