0 0.017616039142012596 0.7111087441444397 0.034685999155044556 0.20710475742816925
0 0.15305037796497345 0.7699151039123535 0.18753892183303833 0.13386119902133942
0 0.34894418716430664 0.4007875919342041 0.08488292992115021 0.0598856657743454
0 0.34319642186164856 0.46044886112213135 0.08882186561822891 0.06856340914964676
0 0.3417505919933319 0.5231621861457825 0.08884359151124954 0.06950580328702927
0 0.34154167771339417 0.5864095091819763 0.09146957099437714 0.0752909928560257
0 0.4847041964530945 0.4048500657081604 0.1544816493988037 0.0784911960363388
0 0.48115038871765137 0.464151531457901 0.152175173163414 0.05953512340784073
0 0.47936052083969116 0.5282620787620544 0.14677762985229492 0.06868097186088562
0 0.47533220052719116 0.5946202278137207 0.14817757904529572 0.07534512877464294
0 0.47258424758911133 0.6596276760101318 0.14594295620918274 0.08653522282838821
0 0.6701998710632324 0.4189915657043457 0.19752946496009827 0.08067750930786133
0 0.6662041544914246 0.4839356243610382 0.1935253143310547 0.06917159259319305
0 0.6658023595809937 0.5419804453849792 0.19430139660835266 0.07580406218767166
0 0.663584291934967 0.5975726246833801 0.19612960517406464 0.07401330024003983
0 0.662156343460083 0.6730316877365112 0.19718821346759796 0.09290605783462524
0 0.8419666290283203 0.7576964497566223 0.0713815987110138 0.09593559801578522
0 0.7006182670593262 0.7387153506278992 0.11665743589401245 0.05961582437157631
0 0.6986681222915649 0.7962102293968201 0.11046206951141357 0.06118478253483772
