0 0.5234004440844249 0.3350615063615849 0.07351754552735096 0.08458741669428083
0 0.44982829831461146 0.3325719711250887 0.07967468682163742 0.0721753870820665
0 0.3708460853936697 0.3296601655068151 0.07626984016629296 0.08614861077050812
0 0.5304903843567509 0.40365725380677686 0.07870809364020132 0.0806165478391141
0 0.45377714938072555 0.40631234389521664 0.08164944044215272 0.08643454973637521
0 0.37367082990920747 0.40843798765979844 0.08549439445615414 0.08239316236849142
0 0.5314978873026641 0.47186549645095976 0.07660731798742676 0.06351980023467796
0 0.45719042592435766 0.46799341102314596 0.08755360285128583 0.06834842580452372
0 0.37778792644014025 0.4707924313600529 0.0902429108617171 0.06849137653141774
0 0.0023055505889394887 0.5919434528568499 0.0046111011778789774 0.10685888792495501
0 0.003649535236742126 0.6863272427531181 0.007299070473484252 0.09969306431405456
0 0.006149165888115084 0.7756746295736657 0.012298331776230168 0.08557679302169618
0 0.4704148146586353 0.6443452355245067 0.23330928358662245 0.1482821285669781
