0 0.27933263778686523 0.27903497219085693 0.26163047552108765 0.1268160045146942
0 0.30751273036003113 0.37936708331108093 0.28195008635520935 0.15481269359588623
0 0.3383600115776062 0.47436249256134033 0.2783389985561371 0.12044289708137512
0 0.36660370230674744 0.5924469232559204 0.3070301115512848 0.1888696700334549
0 0.4165727496147156 0.7743425369262695 0.3615988492965698 0.25409090518951416
0 0.4718455672264099 0.9278905987739563 0.35175880789756775 0.14421884715557098
0 0.5697665214538574 0.5656512975692749 0.15520894527435303 0.12317363917827606
0 0.6117327213287354 0.6757392883300781 0.16757290065288544 0.1357252448797226
0 0.649863600730896 0.7745656967163086 0.1829400360584259 0.10956805944442749
0 0.7006790041923523 0.8843004703521729 0.2182440459728241 0.17365452647209167
0 0.11708029359579086 0.298652321100235 0.13431404531002045 0.10933121293783188
0 0.13121767342090607 0.40604349970817566 0.17958566546440125 0.13932323455810547
0 0.15701766312122345 0.5037762522697449 0.16332311928272247 0.09947946667671204
0 0.17467045783996582 0.6214896440505981 0.1992662400007248 0.16544295847415924
0 0.20839321613311768 0.8127514719963074 0.2681170105934143 0.24884697794914246
0 0.2401038408279419 0.9509096145629883 0.20674222707748413 0.09818071871995926
