0 0.5737194418907166 0.34986239671707153 0.10621999949216843 0.1701561063528061
0 0.6658431887626648 0.35761260986328125 0.12231317162513733 0.1850108802318573
0 0.7702351808547974 0.36910173296928406 0.12461800128221512 0.17652972042560577
0 0.7465616464614868 0.5306665301322937 0.12666204571723938 0.1786118447780609
0 0.6468959450721741 0.5180602669715881 0.11695412546396255 0.17181198298931122
0 0.5560482740402222 0.5077379941940308 0.10902781039476395 0.17765919864177704
0 0.5376110672950745 0.6645717620849609 0.11389188468456268 0.16250194609165192
0 0.6276914477348328 0.6738540530204773 0.10800974071025848 0.1704322099685669
0 0.7210983633995056 0.6919552087783813 0.12512697279453278 0.18014274537563324
0 0.2587745487689972 0.34742626547813416 0.16219939291477203 0.157582089304924
5 0.1556769162416458 0.5927301049232483 0.29048261046409607 0.18620964884757996
3 0.47951218485832214 0.49962252378463745 0.14234718680381775 0.451454758644104
3 0.12458596378564835 0.28795990347862244 0.16420631110668182 0.2215210497379303
