0 0.8624403476715088 0.26169100403785706 0.21791192889213562 0.24357390403747559
0 0.8397058844566345 0.5174967050552368 0.2139187753200531 0.25394806265830994
0 0.5936979055404663 0.20084533095359802 0.2343212217092514 0.2521793246269226
0 0.5713916420936584 0.463464617729187 0.23574945330619812 0.25734618306159973
0 0.3305926024913788 0.1396162509918213 0.22947019338607788 0.2526785433292389
0 0.15875694155693054 0.3586809039115906 0.052550796419382095 0.2443297803401947
0 0.1209472194314003 0.34244850277900696 0.06054769083857536 0.280038446187973
0 0.07742949575185776 0.3332996070384979 0.06682849675416946 0.29599615931510925
0 0.03926233574748039 0.32118144631385803 0.05328059196472168 0.3315986096858978
0 0.30635911226272583 0.4068281054496765 0.22619031369686127 0.2599911093711853
