1 0.4455392360687256 0.48184934258461 0.04651707410812378 0.11843028664588928
1 0.9624537229537964 0.44522079825401306 0.075092613697052 0.11929194629192352
0 0.46513816714286804 0.33370620012283325 0.10858970135450363 0.17158900201320648
0 0.5219505429267883 0.4729679226875305 0.11029770970344543 0.11906079202890396
0 0.6277757883071899 0.46316292881965637 0.1111963763833046 0.11460103839635849
0 0.7327774167060852 0.46094533801078796 0.1062425747513771 0.11882954835891724
0 0.8494168519973755 0.45730918645858765 0.13064540922641754 0.12322773784399033
0 0.5720525979995728 0.32685548067092896 0.1118212416768074 0.1792919784784317
0 0.6784795522689819 0.32078641653060913 0.10979319363832474 0.17917633056640625
0 0.7833870053291321 0.31480398774147034 0.10878010094165802 0.1791185587644577
0 0.8872603178024292 0.30812567472457886 0.1077280268073082 0.1775541752576828
0 0.9683719873428345 0.2841898202896118 0.06325598061084747 0.14436931908130646
0 0.4373386800289154 0.17771023511886597 0.10436786711215973 0.12473694235086441
0 0.4339744448661804 0.0648052990436554 0.1030501276254654 0.11263314634561539
0 0.53835529088974 0.05809907242655754 0.11112021654844284 0.11158899962902069
0 0.5428087711334229 0.1739572286605835 0.1085362583398819 0.12948565185070038
0 0.6472086310386658 0.16800375282764435 0.10846006870269775 0.12647363543510437
0 0.645099401473999 0.05234892666339874 0.10830771178007126 0.10469785332679749
0 0.7500629425048828 0.04940083622932434 0.11123445630073547 0.09880167245864868
0 0.7525654435157776 0.15973418951034546 0.10647109150886536 0.1278635412454605
0 0.8530184626579285 0.045584652572870255 0.10188372433185577 0.09116930514574051
0 0.8554829359054565 0.15537291765213013 0.10748517513275146 0.12792137265205383
0 0.9530701637268066 0.14640845358371735 0.09385968744754791 0.1218983456492424
0 0.9510588049888611 0.044982269406318665 0.09788234531879425 0.08996453881263733
0 0.354080468416214 0.45765912532806396 0.04526618495583534 0.18902860581874847
0 0.3128013014793396 0.4509660303592682 0.04371989890933037 0.16788974404335022
0 0.30977383255958557 0.23097684979438782 0.04240116477012634 0.15578590333461761
0 0.3509120047092438 0.21204346418380737 0.044352058321237564 0.15289051830768585
