0 0.590166449546814 0.29881560802459717 0.15146595239639282 0.2142079770565033
0 0.6666685938835144 0.2954810559749603 0.12181243300437927 0.19970716536045074
0 0.828322172164917 0.30917900800704956 0.07569470256567001 0.09050366282463074
0 0.7931420803070068 0.5280117988586426 0.197781503200531 0.20315802097320557
0 0.6856006383895874 0.5520979762077332 0.14043743908405304 0.19669030606746674
0 0.49392271041870117 0.5874514579772949 0.14417068660259247 0.15875691175460815
0 0.2847898602485657 0.6224982738494873 0.07285919040441513 0.10373730957508087
0 0.3622262179851532 0.3734377920627594 0.15611055493354797 0.15710662305355072
0 0.4717577397823334 0.3869536817073822 0.11783367395401001 0.13250534236431122
0 0.04147181659936905 0.5427234172821045 0.04172263666987419 0.06818535178899765
0 0.07037246972322464 0.5279636979103088 0.05082634091377258 0.07976947724819183
0 0.10021522641181946 0.506671667098999 0.05994314327836037 0.09688624739646912
0 0.13913622498512268 0.48189449310302734 0.08531871438026428 0.12017124891281128
0 0.18759164214134216 0.4424509108066559 0.10301993042230606 0.1307888925075531
0 0.254925400018692 0.3982654809951782 0.13363561034202576 0.14825549721717834
0 0.2972079813480377 0.7331597208976746 0.16244348883628845 0.20959094166755676
0 0.43613293766975403 0.7397336959838867 0.22038470208644867 0.26734378933906555
0 0.6790614128112793 0.7459302544593811 0.40319758653640747 0.4023836553096771
0 0.8893039226531982 0.7355911731719971 0.22139210999011993 0.470318466424942
