0 0.02976951189339161 0.20733433961868286 0.05953902378678322 0.2599366009235382
0 0.041460439562797546 0.4627493917942047 0.07809694856405258 0.2702253460884094
0 0.05314083397388458 0.7157436013221741 0.08394011855125427 0.2782665193080902
0 0.15777301788330078 0.16983014345169067 0.0678682029247284 0.24516314268112183
0 0.174486443400383 0.42787376046180725 0.0734630897641182 0.2677989602088928
0 0.19178132712841034 0.6837011575698853 0.07004052400588989 0.27098771929740906
0 0.20660124719142914 0.9063012003898621 0.07942156493663788 0.1873975545167923
0 0.3470102846622467 0.889083206653595 0.07878298312425613 0.22183363139629364
0 0.35699740052223206 0.6342955827713013 0.07578978687524796 0.26035550236701965
0 0.3362896740436554 0.37442249059677124 0.07435081154108047 0.2520219385623932
0 0.317478209733963 0.1279635727405548 0.07720179110765457 0.24203772842884064
0 0.5628736615180969 0.07415662705898285 0.15743352472782135 0.1483132541179657
0 0.5862850546836853 0.31470125913619995 0.1634199023246765 0.20511125028133392
0 0.6108736991882324 0.5750442743301392 0.1670505553483963 0.2219540774822235
0 0.6355417370796204 0.8409126996994019 0.17549756169319153 0.23460687696933746
