0 0.19690652191638947 0.672344982624054 0.058488477021455765 0.19747096300125122
0 0.2395414263010025 0.6594134569168091 0.06371195614337921 0.20241478085517883
0 0.29671040177345276 0.6456296443939209 0.08234325051307678 0.19798724353313446
0 0.36229655146598816 0.6248487234115601 0.08218139410018921 0.19625890254974365
0 0.4269830286502838 0.6052287817001343 0.08022131025791168 0.1956643909215927
0 0.4906899631023407 0.5859060287475586 0.08022131025791168 0.1956643909215927
0 0.5519460439682007 0.5673266053199768 0.07532063126564026 0.19417798519134521
0 0.6124694347381592 0.5463016033172607 0.07875502109527588 0.19017985463142395
0 0.6742963194847107 0.5284383296966553 0.07663308084011078 0.1878570318222046
0 0.7382460832595825 0.5117085576057434 0.08299899846315384 0.19482660293579102
0 0.8050585389137268 0.4878878593444824 0.08462721109390259 0.20203951001167297
0 0.8761160373687744 0.46633559465408325 0.09148791432380676 0.20412041246891022
0 0.9513406157493591 0.4408527910709381 0.09393376857042313 0.2099020630121231
0 0.990330159664154 0.4271238148212433 0.019339721649885178 0.20135927200317383
