4 0.7699412703514099 0.45159992575645447 0.05533540993928909 0.373197078704834
4 0.8862514495849609 0.49247196316719055 0.03488694503903389 0.26837193965911865
4 0.6996063590049744 0.45769721269607544 0.03897561505436897 0.27578577399253845
4 0.4550279676914215 0.43264174461364746 0.037820424884557724 0.2714965343475342
4 0.4238751232624054 0.4134107530117035 0.05102008581161499 0.36160677671432495
4 0.2081330567598343 0.40730154514312744 0.043307311832904816 0.27078601717948914
4 0.09224821627140045 0.3671821653842926 0.0490141324698925 0.3585958778858185
4 0.2822652757167816 0.45141488313674927 0.041251447051763535 0.1654479205608368
0 0.8178048729896545 0.45536136627197266 0.08605953305959702 0.1764671951532364
0 0.7310372591018677 0.4461336135864258 0.05330445617437363 0.1669244021177292
0 0.9361210465431213 0.4936768114566803 0.08597498387098312 0.10732164978981018
0 0.6523534655570984 0.48553988337516785 0.06422820687294006 0.063176229596138
0 0.5827771425247192 0.47771745920181274 0.07868383079767227 0.058034028857946396
0 0.5043540596961975 0.46951189637184143 0.08331996202468872 0.058601949363946915
0 0.9785755276679993 0.16206535696983337 0.04284892976284027 0.0927782729268074
0 0.9225677251815796 0.15150056779384613 0.08058032393455505 0.09283395856618881
0 0.8475415706634521 0.14090877771377563 0.0765683650970459 0.08681119978427887
0 0.7746821641921997 0.13338477909564972 0.07378653436899185 0.08647043257951736
0 0.7016628384590149 0.12023647874593735 0.07223575562238693 0.09181176126003265
0 0.6289633512496948 0.1183377131819725 0.07965365052223206 0.09272044897079468
0 0.5525462031364441 0.10757552832365036 0.07516928762197495 0.0949362963438034
0 0.47740718722343445 0.0990716814994812 0.07138402760028839 0.09309002012014389
0 0.4101105034351349 0.09222910553216934 0.07586833834648132 0.09087415784597397
0 0.3355106711387634 0.08239012956619263 0.07672006636857986 0.08959496021270752
0 0.262765109539032 0.07277829945087433 0.07927438616752625 0.08576008677482605
0 0.18994270265102386 0.0645582377910614 0.07827090471982956 0.08425457775592804
0 0.10753767937421799 0.05236196890473366 0.09163041412830353 0.09280499815940857
