0 0.055858999490737915 0.34056299924850464 0.11015599966049194 0.20984798669815063
0 0.21835899353027344 0.33939000964164734 0.2148439884185791 0.20984798669815063
0 0.43281200528144836 0.3388040065765381 0.21406203508377075 0.21101999282836914
0 0.6464840173721313 0.33821800351142883 0.2132810354232788 0.20984798669815063
0 0.8578119874000549 0.3388040065765381 0.2093750238418579 0.20867501199245453
0 0.05546899884939194 0.5937870144844055 0.109375 0.30129003524780273
0 0.21796900033950806 0.5961310267448425 0.21562498807907104 0.30597901344299316
0 0.43398404121398926 0.5967170000076294 0.21640601754188538 0.30480697751045227
0 0.6476560235023499 0.5961310267448425 0.2109379768371582 0.30363401770591736
0 0.8589839935302734 0.5967170000076294 0.21171903610229492 0.30246198177337646
0 0.05546899884939194 0.8048070073127747 0.109375 0.12309503555297852
0 0.21640600264072418 0.8053929805755615 0.21562501788139343 0.11957800388336182
0 0.4308590292930603 0.8053929805755615 0.21640601754188538 0.11488902568817139
0 0.6464840173721313 0.803633987903595 0.2148439884185791 0.11840593814849854
0 0.8609380125999451 0.803633987903595 0.21406197547912598 0.11840593814849854
0 0.052733998745679855 0.9331769943237305 0.10390599817037582 0.13130104541778564
0 0.2160159945487976 0.9296600222587585 0.216405987739563 0.12661194801330566
0 0.429688036441803 0.9302459955215454 0.2171880304813385 0.13950800895690918
0 0.646094024181366 0.9232119917869568 0.21562504768371582 0.1348179578781128
0 0.8609380125999451 0.9302459955215454 0.2203119993209839 0.13950800895690918
