0 0.169979989528656 0.1449330598115921 0.20866648852825165 0.2898661196231842
0 0.32640841603279114 0.164348304271698 0.2234419882297516 0.328696608543396
0 0.4859491288661957 0.17977599799633026 0.21545036137104034 0.3595519959926605
0 0.6450260281562805 0.2109871208667755 0.21842415630817413 0.3606029152870178
0 0.8055446147918701 0.23851005733013153 0.21256791055202484 0.3515876233577728
0 0.9284252524375916 0.26913976669311523 0.14314943552017212 0.353802353143692
0 0.11388567090034485 0.4398316740989685 0.209782674908638 0.3604657053947449
0 0.27017444372177124 0.4740874767303467 0.21610000729560852 0.3554292917251587
0 0.4273458421230316 0.5076761841773987 0.21099059283733368 0.35913366079330444
0 0.5859588980674744 0.5373450517654419 0.2189822643995285 0.36385583877563477
0 0.7481481432914734 0.568562388420105 0.21870312094688416 0.3622289001941681
0 0.9004236459732056 0.6015527248382568 0.19915272295475006 0.36089667677879333
0 0.07971488684415817 0.7584974765777588 0.15942977368831635 0.3400650918483734
0 0.21426770091056824 0.7909795045852661 0.21628205478191376 0.33975064754486084
0 0.3749711513519287 0.8219021558761597 0.21005629003047943 0.33694830536842346
0 0.5330249667167664 0.8439149856567383 0.21098509430885315 0.31216999888420105
0 0.6912194490432739 0.8596361875534058 0.20977726578712463 0.2807275950908661
0 0.852990984916687 0.8768375515937805 0.21813946962356567 0.24632494151592255
