0 0.6631250381469727 0.44874998927116394 0.10124999284744263 0.30000001192092896
0 0.5262500047683716 0.453125 0.17250001430511475 0.3087500333786011
0 0.390625 0.4506250023841858 0.09874999523162842 0.30375003814697266
0 0.6656250357627869 0.7118750214576721 0.10874998569488525 0.22124993801116943
0 0.3974999785423279 0.715624988079071 0.08500003814697266 0.21375000476837158
0 0.19249999523162842 0.5093749761581421 0.12249994277954102 0.17375001311302185
0 0.9506250023841858 0.45500001311302185 0.09624993801116943 0.19499999284744263
0 0.8899999856948853 0.7350000143051147 0.039999961853027344 0.15999996662139893
0 0.78125 0.7325000166893005 0.04500007629394531 0.1575000286102295
1 0.5225000381469727 0.7318750023841858 0.17000001668930054 0.1887500286102295
