0 0.3735444247722626 0.2942361831665039 0.10748615860939026 0.13830269873142242
0 0.47693511843681335 0.2842642366886139 0.10175808519124985 0.1395200937986374
0 0.5789977312088013 0.2814280390739441 0.10657128691673279 0.14110368490219116
0 0.6690935492515564 0.279716432094574 0.08553445339202881 0.14320673048496246
0 0.3745797872543335 0.4232422113418579 0.10940250754356384 0.13836927711963654
0 0.47660958766937256 0.4182802736759186 0.1046987846493721 0.1438724398612976
0 0.5811330676078796 0.419612318277359 0.10855334252119064 0.14542266726493835
0 0.671674907207489 0.4157583713531494 0.08636162430047989 0.13473615050315857
0 0.3763129711151123 0.5664041638374329 0.10853147506713867 0.14400553703308105
0 0.53400719165802 0.5651803612709045 0.10195520520210266 0.1522764265537262
0 0.6484608054161072 0.5576599836349487 0.13346779346466064 0.14628808200359344
1 0.45444080233573914 0.5658172369003296 0.052105505019426346 0.1491275578737259
0 0.7679905295372009 0.44431886076927185 0.0440121628344059 0.7409518361091614
0 0.8063471913337708 0.5067985653877258 0.07199268788099289 0.9402363896369934
0 0.9038165807723999 0.5159268379211426 0.1557750552892685 0.9681463837623596
0 0.9853110313415527 0.5139813423156738 0.029377968981862068 0.9686489701271057
