0 0.10215254127979279 0.10495845973491669 0.20430508255958557 0.18006424605846405
0 0.3345378637313843 0.0805339515209198 0.35298505425453186 0.1610679030418396
0 0.6518030166625977 0.062073562294244766 0.35487741231918335 0.12414712458848953
0 0.8437208533287048 0.042862940579652786 0.13012421131134033 0.08572588115930557
0 0.12649771571159363 0.24917174875736237 0.25299543142318726 0.18392179906368256
0 0.38405641913414 0.21415874361991882 0.3606635332107544 0.19213974475860596
0 0.6982232928276062 0.17951664328575134 0.3594159781932831 0.18271079659461975
0 0.893841028213501 0.15481729805469513 0.12356428802013397 0.15293137729167938
0 0.15606944262981415 0.3998034596443176 0.3121388852596283 0.1882256120443344
0 0.4328857362270355 0.3635040521621704 0.36038362979888916 0.18573004007339478
0 0.7394924759864807 0.3247908651828766 0.3465101718902588 0.18397833406925201
0 0.9329535961151123 0.2986981272697449 0.1340927630662918 0.15444955229759216
0 0.1893267184495926 0.5478819608688354 0.3456284701824188 0.18676406145095825
0 0.4815541207790375 0.5078429579734802 0.3622761070728302 0.1888660490512848
0 0.7893978953361511 0.4714869260787964 0.34592941403388977 0.18216638267040253
0 0.9580516219139099 0.4464758634567261 0.08389678597450256 0.15409918129444122
0 0.2366078794002533 0.6923971176147461 0.3445747196674347 0.17793983221054077
0 0.5254045128822327 0.6521620750427246 0.35823237895965576 0.19009408354759216
0 0.8299587368965149 0.616176187992096 0.34008246660232544 0.18335390090942383
0 0.986096203327179 0.5944485664367676 0.027807611972093582 0.1577625423669815
0 0.2775327265262604 0.8395990133285522 0.3335183560848236 0.1794409155845642
0 0.5762988924980164 0.8034459948539734 0.36324381828308105 0.19188527762889862
0 0.8547664880752563 0.7649871110916138 0.2904670834541321 0.18939341604709625
0 0.3114151358604431 0.9467921257019043 0.30953824520111084 0.1064157783985138
0 0.6160428524017334 0.9184382557868958 0.3415658473968506 0.12425020337104797
0 0.878767192363739 0.8803396821022034 0.2424655556678772 0.12173756957054138
