0 0.33746540546417236 0.15940141677856445 0.1570001244544983 0.3188028335571289
0 0.44748619198799133 0.19925755262374878 0.13490056991577148 0.30629637837409973
0 0.5295795798301697 0.2267826795578003 0.12314467877149582 0.28233978152275085
0 0.37426507472991943 0.41152605414390564 0.1508592665195465 0.29633843898773193
0 0.48523783683776855 0.4283355176448822 0.13788799941539764 0.2796023488044739
0 0.5742102265357971 0.4484234154224396 0.12491769343614578 0.26286637783050537
0 0.4064515233039856 0.6581068634986877 0.1691170185804367 0.3039935231208801
0 0.5258471369743347 0.6621189117431641 0.14481662213802338 0.28310200572013855
0 0.6176915168762207 0.6612581610679626 0.12767498195171356 0.2509412169456482
0 0.43226784467697144 0.8902464509010315 0.16983692348003387 0.2103472650051117
0 0.5562424063682556 0.8692073225975037 0.13420844078063965 0.18530039489269257
0 0.6552454829216003 0.8544543981552124 0.1203511506319046 0.17830109596252441
