0 0.6860349774360657 0.26793599128723145 0.20605504512786865 0.2664710283279419
0 0.8935547471046448 0.2752560079097748 0.21289050579071045 0.2576870322227478
0 0.6889650225639343 0.5190340280532837 0.2177729606628418 0.25915098190307617
0 0.8955079913139343 0.5270860195159912 0.20898401737213135 0.2664710283279419
0 0.6928709745407104 0.7386530041694641 0.21581995487213135 0.17716002464294434
0 0.8974609971046448 0.7452419996261597 0.20507800579071045 0.1727670431137085
0 0.06494099646806717 0.33967798948287964 0.12793000042438507 0.2225480079650879
0 0.22558599710464478 0.35871198773384094 0.18945300579071045 0.24304501712322235
0 0.4038090109825134 0.38872599601745605 0.16308599710464478 0.21522700786590576
0 0.06347700208425522 0.5563690066337585 0.11914099752902985 0.22547602653503418
0 0.223144993185997 0.5673499703407288 0.19043001532554626 0.22108301520347595
0 0.4018549919128418 0.5856519937515259 0.16308599710464478 0.20497798919677734
0 0.0625 0.7415810227394104 0.1132809966802597 0.15080499649047852
0 0.2182619869709015 0.7408490180969238 0.19628898799419403 0.14641296863555908
0 0.4018549919128418 0.7445099949836731 0.16699200868606567 0.13323605060577393
