0 0.920340359210968 0.2899775207042694 0.03437855839729309 0.2325482815504074
0 0.8921777009963989 0.28130796551704407 0.033424414694309235 0.23254817724227905
0 0.8559010624885559 0.27263757586479187 0.03915274143218994 0.2469927817583084
0 0.8167589902877808 0.26830118894577026 0.03915247693657875 0.24121534824371338
0 0.7776179909706116 0.26107463240623474 0.04106249660253525 0.258547842502594
0 0.7337042689323425 0.25673672556877136 0.04488154500722885 0.27299225330352783
0 0.6883577704429626 0.2458992302417755 0.04583647847175598 0.2686590552330017
0 0.6401469111442566 0.2350614368915558 0.046791963279247284 0.278769850730896
0 0.5919370055198669 0.22566872835159302 0.05538471043109894 0.294658899307251
0 0.5341800451278687 0.21699610352516174 0.05824820697307587 0.29754841327667236
0 0.4745139181613922 0.2061571180820465 0.06302259117364883 0.31632524728775024
0 0.4072098135948181 0.19820554554462433 0.0716148242354393 0.32354864478111267
0 0.3384747803211212 0.1866435557603836 0.07161575555801392 0.3437700867652893
0 0.2597145438194275 0.17652463912963867 0.08211605250835419 0.323549747467041
0 0.17236283421516418 0.1772375851869583 0.09261828660964966 0.32499492168426514
0 0.07832766324281693 0.1721724420785904 0.10120971500873566 0.31488510966300964
0 0.9241490960121155 0.5008570551872253 0.03246814012527466 0.20654919743537903
0 0.8873941898345947 0.4972419738769531 0.029604043811559677 0.21088221669197083
0 0.8539803624153137 0.500849723815918 0.03724198043346405 0.21232806146144867
0 0.8124527931213379 0.5001233816146851 0.04774356260895729 0.22243894636631012
0 0.7761759757995605 0.494342178106308 0.04583461210131645 0.22821711003780365
0 0.7284414768218994 0.499392569065094 0.042016562074422836 0.23543822765350342
0 0.6840498447418213 0.49433261156082153 0.044879935681819916 0.23688267171382904
0 0.6377484798431396 0.4993831515312195 0.049653783440589905 0.24410569667816162
0 0.5823776721954346 0.49287790060043335 0.06111076846718788 0.2599949538707733
0 0.5279615521430969 0.49431636929512024 0.051564138382673264 0.26865968108177185
0 0.47306811809539795 0.5015321373939514 0.06779483705759048 0.2888827323913574
0 0.4095830023288727 0.5029696226119995 0.06874951720237732 0.30043768882751465
0 0.3336864411830902 0.5072950124740601 0.08116170018911362 0.31777217984199524
0 0.2582675814628601 0.4964544177055359 0.08879826217889786 0.31343966722488403
0 0.17091597616672516 0.4950012266635895 0.09548158943653107 0.3249952793121338
0 0.07354000210762024 0.4986023008823395 0.10693924129009247 0.35532858967781067
