0 0.601366400718689 0.4492160677909851 0.1582062691450119 0.24959349632263184
0 0.41607874631881714 0.4956088364124298 0.1677599996328354 0.23271524906158447
0 0.3246065676212311 0.5192500948905945 0.06597447395324707 0.21501807868480682
0 0.24524220824241638 0.5330237150192261 0.12508000433444977 0.22845524549484253
0 0.5112475156784058 0.46828141808509827 0.06563916057348251 0.22038476169109344
0 0.7300635576248169 0.6575751304626465 0.048242270946502686 0.1837732493877411
0 0.6656919121742249 0.7092029452323914 0.07205306738615036 0.2681056559085846
0 0.5786299705505371 0.7318415641784668 0.15403327345848083 0.29490751028060913
0 0.44942277669906616 0.7569475173950195 0.15375970304012299 0.29212382435798645
0 0.3602544963359833 0.7765079736709595 0.07273686677217484 0.27506524324417114
0 0.2813347578048706 0.748917818069458 0.049931850284338 0.17463278770446777
