0 0.8841414451599121 0.4066060781478882 0.11551357060670853 0.17340312898159027
0 0.8143558502197266 0.36535587906837463 0.05126189440488815 0.129024937748909
0 0.7106176018714905 0.34208816289901733 0.10830318927764893 0.10423629730939865
0 0.6473978757858276 0.3330948054790497 0.031016618013381958 0.08827108144760132
0 0.5548714399337769 0.4293992519378662 0.07526334375143051 0.09420132637023926
0 0.48328322172164917 0.4054409861564636 0.07377184182405472 0.09384981542825699
0 0.5426854491233826 0.5316452383995056 0.07540564984083176 0.12347055226564407
0 0.4727318286895752 0.513978123664856 0.0806480348110199 0.11795922368764877
0 0.3233267664909363 0.4598695635795593 0.11502956598997116 0.23850831389427185
0 0.2327171117067337 0.4278850853443146 0.11733930557966232 0.21881209313869476
0 0.5995801687240601 0.5426913499832153 0.0476081408560276 0.10792327672243118
0 0.7712264657020569 0.5666090250015259 0.08367548882961273 0.17489580810070038
0 0.863783597946167 0.5872416496276855 0.11815737932920456 0.19876432418823242
