0 0.9584223031997681 0.2429828941822052 0.06279583275318146 0.21760600805282593
0 0.9039368629455566 0.2611580491065979 0.08103969693183899 0.2280263751745224
0 0.8451606631278992 0.27410072088241577 0.07697728276252747 0.2128528654575348
0 0.7845949530601501 0.2939969003200531 0.07931898534297943 0.2187749445438385
0 0.7242620587348938 0.31106364727020264 0.07651250809431076 0.21798105537891388
0 0.6650968790054321 0.32503649592399597 0.07604154199361801 0.21258817613124847
0 0.6042956113815308 0.3422357141971588 0.07978376001119614 0.2136467546224594
0 0.543026864528656 0.35956719517707825 0.07697728276252747 0.2128528654575348
0 0.48565754294395447 0.37763795256614685 0.0719861388206482 0.20793497562408447
0 0.376140832901001 0.4132225811481476 0.16162122786045074 0.22101978957653046
0 0.2409001588821411 0.4560827910900116 0.1380854696035385 0.22312681376934052
0 0.11571066826581955 0.48781219124794006 0.14244869351387024 0.2208549827337265
0 0.03854000195860863 0.5096419453620911 0.04485943168401718 0.20026147365570068
