0 0.2690430283546448 0.052052997052669525 0.1884770393371582 0.10117299854755402
0 0.0668950080871582 0.05132000148296356 0.1337890625 0.09970700740814209
0 0.06494125723838806 0.24046899378299713 0.12988251447677612 0.1290319859981537
0 0.06494125723838806 0.44281500577926636 0.12988251447677612 0.12023499608039856
0 0.06494125723838806 0.6495599746704102 0.12988251447677612 0.12023496627807617
0 0.06445300579071045 0.8504400253295898 0.1289060115814209 0.12316703796386719
0 0.2680659890174866 0.8541060090065002 0.1982419490814209 0.13343095779418945
0 0.26757800579071045 0.6539589762687683 0.1914060115814209 0.13783001899719238
0 0.2685549855232239 0.44354796409606934 0.1953120231628418 0.12170097231864929
0 0.2695310115814209 0.2390030026435852 0.1953120231628418 0.13196498155593872
4 0.15332001447677612 0.49926701188087463 0.04882800579071045 0.9956009984016418
