0 0.4156116247177124 0.14892424643039703 0.12701840698719025 0.1902315616607666
0 0.5244482159614563 0.19987091422080994 0.15170791745185852 0.2015797197818756
0 0.6341875195503235 0.24791519343852997 0.1292581558227539 0.16909170150756836
0 0.7273405194282532 0.28421834111213684 0.1079191118478775 0.16781321167945862
0 0.7906725406646729 0.3108818233013153 0.06952565908432007 0.14433103799819946
0 0.39222201704978943 0.30981770157814026 0.122275710105896 0.18487267196178436
0 0.5598335862159729 0.3709603548049927 0.11598987132310867 0.17546580731868744
0 0.6571528911590576 0.40320760011672974 0.127213254570961 0.1688760370016098
0 0.7463036775588989 0.4305957555770874 0.09547591954469681 0.1499832570552826
0 0.37393301725387573 0.4752466082572937 0.13339196145534515 0.1850738823413849
0 0.4871104061603546 0.5051690936088562 0.13234761357307434 0.17719115316867828
0 0.5952513217926025 0.5300649404525757 0.12962748110294342 0.16427309811115265
0 0.8055195808410645 0.5822189450263977 0.05569024011492729 0.1312118023633957
0 0.38032230734825134 0.638283371925354 0.1720670461654663 0.17263594269752502
0 0.5817487835884094 0.6750166416168213 0.12281838804483414 0.1509236842393875
0 0.7018434405326843 0.6996735334396362 0.14709395170211792 0.1515406221151352
0 0.4747985899448395 0.82110196352005 0.17830809950828552 0.12082679569721222
5 0.6244409680366516 0.9083253741264343 0.2619889974594116 0.12090954184532166
5 0.06900654733181 0.8167657852172852 0.12832005321979523 0.10875283181667328
0 0.736739993095398 0.8627195954322815 0.06328073143959045 0.10480740666389465
