0 0.31583309173583984 0.649374783039093 0.20792080461978912 0.19909349083900452
0 0.49622419476509094 0.6958135962486267 0.1886613816022873 0.19779053330421448
0 0.6738855838775635 0.7436583638191223 0.20091485977172852 0.21196411550045013
0 0.8573721647262573 0.7981666922569275 0.21948572993278503 0.20768851041793823
0 0.34334054589271545 0.5134997963905334 0.1905076652765274 0.17406105995178223
0 0.5105545520782471 0.5548408627510071 0.1811789572238922 0.18359389901161194
0 0.6770172715187073 0.5981367826461792 0.18874557316303253 0.18299880623817444
0 0.8577315211296082 0.6461063623428345 0.2047819048166275 0.19687515497207642
0 0.36598798632621765 0.39214208722114563 0.176447793841362 0.16073302924633026
0 0.5291610956192017 0.43308225274086 0.17184774577617645 0.16215017437934875
0 0.6887244582176208 0.47013765573501587 0.18272536993026733 0.16516783833503723
0 0.8523056507110596 0.5119120478630066 0.1931290328502655 0.17209403216838837
0 0.4814984202384949 0.28068092465400696 0.18466205894947052 0.18860016763210297
0 0.6610733270645142 0.32545119524002075 0.20822148025035858 0.19378936290740967
0 0.8469250202178955 0.3690774738788605 0.22223590314388275 0.19902391731739044
4 0.6248530149459839 0.927781879901886 0.0684189572930336 0.14443621039390564
4 0.9188479781150818 0.9693630933761597 0.0769738256931305 0.06127381697297096
4 0.4038785994052887 0.8928754329681396 0.0694514736533165 0.21424917876720428
4 0.19728507101535797 0.8227314352989197 0.09133700281381607 0.24486348032951355
