0 0.19837437570095062 0.5410339832305908 0.0822954922914505 0.1674106866121292
0 0.2612302601337433 0.509996771812439 0.07669901102781296 0.17044860124588013
0 0.3248179852962494 0.47145935893058777 0.08278336375951767 0.16297101974487305
0 0.3933162987232208 0.4437403976917267 0.08305327594280243 0.18286333978176117
0 0.13750189542770386 0.612891435623169 0.07379990816116333 0.10105092078447342
0 0.20255617797374725 0.5780069231987 0.07571136206388474 0.10919778048992157
0 0.2636556029319763 0.53609699010849 0.07451167702674866 0.10734369605779648
0 0.3290657699108124 0.5043588876724243 0.07677899301052094 0.11863697320222855
0 0.37628594040870667 0.4841015636920929 0.04585745185613632 0.09033331274986267
0 0.42213141918182373 0.4796314835548401 0.06434042751789093 0.11369973421096802
0 0.608122706413269 0.5267338156700134 0.10722468048334122 0.2215116173028946
0 0.7434718608856201 0.4474150240421295 0.2123359888792038 0.2930411398410797
0 0.3891652524471283 0.7376798391342163 0.10707474499940872 0.1239018663764
0 0.283203125 0.9328479170799255 0.11738990247249603 0.13430418074131012
0 0.5867834091186523 0.8456677198410034 0.1307123452425003 0.15783004462718964
4 0.5871253609657288 0.4854523539543152 0.07185626029968262 0.4252356290817261
4 0.6567694544792175 0.5377163887023926 0.044601697474718094 0.28055131435394287
4 0.8197940587997437 0.4516153037548065 0.04593934863805771 0.3098839223384857
4 0.8416771292686462 0.33773571252822876 0.08417477458715439 0.5078901648521423
4 0.8838344216346741 0.7430633306503296 0.032902881503105164 0.1858709156513214
4 0.44825413823127747 0.9015262126922607 0.04343011602759361 0.1826622635126114
4 0.6239872574806213 0.8346471786499023 0.03365473076701164 0.16625891625881195
4 0.42680802941322327 0.6932848691940308 0.03791961446404457 0.16895407438278198
4 0.23590697348117828 0.779736340045929 0.036805879324674606 0.15035401284694672
4 0.2611471116542816 0.9416252374649048 0.04431382194161415 0.11674954742193222
1 0.977160632610321 0.7098000645637512 0.04567868262529373 0.14607015252113342
