0 0.5541670024394989 0.5944439768791199 0.15463000535964966 0.05833303928375244
0 0.39722198247909546 0.5923609733581543 0.15925896167755127 0.0625
0 0.23842602968215942 0.5930560231208801 0.15648102760314941 0.07222199440002441
0 0.612500011920929 0.7097219824790955 0.03611099720001221 0.15555596351623535
0 0.5777780115604401 0.7013890147209167 0.033333003520965576 0.1611109972000122
0 0.5416670143604279 0.6986110210418701 0.033333003520965576 0.17222201824188232
0 0.5 0.6930559873580933 0.04259300231933594 0.180556058883667
0 0.45370399951934814 0.7027779817581177 0.029629945755004883 0.14722204208374023
0 0.41805601119995117 0.7013890147209167 0.04166698455810547 0.1638890504837036
0 0.3736109733581543 0.6923609972000122 0.047222018241882324 0.17083299160003662
0 0.3231480121612549 0.6958330273628235 0.04999995231628418 0.18055593967437744
0 0.2634260058403015 0.7027779817581177 0.062036991119384766 0.1611109972000122
0 0.20416700839996338 0.6937500238418579 0.052778005599975586 0.1625000238418579
0 0.14490699768066406 0.6951389908790588 0.06574106216430664 0.1791670322418213
2 0.018055975437164307 0.7361109852790833 0.03425896167755127 0.08333301544189453
2 0.08240699768066406 0.7465280294418335 0.027778029441833496 0.05138897895812988
2 0.09583300352096558 0.7361109852790833 0.021296024322509766 0.0638890266418457
2 0.21944397687911987 0.7368059754371643 0.02592599391937256 0.0652780532836914
2 0.25324100255966187 0.7569440007209778 0.03240704536437988 0.06666696071624756
2 0.3194440007209778 0.7416669726371765 0.0333329439163208 0.0638890266418457
2 0.6472220122814178 0.7402780055999756 0.02777796983718872 0.06944394111633301
0 0.7032409906387329 0.7048609852790833 0.05092597007751465 0.15694403648376465
