0 0.11119828373193741 0.25522682070732117 0.046497099101543427 0.09949526190757751
0 0.33488744497299194 0.3931146562099457 0.033803679049015045 0.08080068230628967
0 0.5902472138404846 0.3417000472545624 0.027735481038689613 0.05320139601826668
0 0.15535679459571838 0.24678610265254974 0.05619130656123161 0.10509898513555527
0 0.2047918736934662 0.24044650793075562 0.05216918885707855 0.10311859846115112
0 0.24931010603904724 0.23124124109745026 0.046357519924640656 0.09666123986244202
0 0.11179301887750626 0.3400425910949707 0.04865901172161102 0.09558305144309998
0 0.15885688364505768 0.3340412974357605 0.05412176251411438 0.09495487064123154
0 0.2066769301891327 0.3272188901901245 0.05016939714550972 0.09439099580049515
0 0.25097498297691345 0.3216121792793274 0.04693833738565445 0.09252345561981201
0 0.11471232771873474 0.4316610097885132 0.050727613270282745 0.10572707653045654
0 0.16346201300621033 0.42755988240242004 0.05440087243914604 0.10062291473150253
0 0.21002669632434845 0.41949012875556946 0.047937728464603424 0.09688671678304672
0 0.25422006845474243 0.4117576479911804 0.04965842515230179 0.09994631260633469
0 0.11728432029485703 0.5404525399208069 0.056005675345659256 0.13321256637573242
0 0.16718468070030212 0.5354730486869812 0.05421522259712219 0.12873652577400208
0 0.21457430720329285 0.5279988050460815 0.05256525054574013 0.12709353864192963
0 0.2595229744911194 0.5194463729858398 0.04961232841014862 0.13089388608932495
0 0.22133180499076843 0.721807062625885 0.14511504769325256 0.23738066852092743
0 0.38135531544685364 0.2052682489156723 0.054632768034935 0.0894005298614502
0 0.4347209334373474 0.2868366837501526 0.052099402993917465 0.10170111805200577
0 0.4880059063434601 0.37483665347099304 0.05447062477469444 0.10203941911458969
0 0.5439653396606445 0.4767247438430786 0.05744728446006775 0.13060419261455536
0 0.55051189661026 0.593510091304779 0.05523815378546715 0.11762602627277374
0 0.5019714832305908 0.6018627285957336 0.052727315574884415 0.11445363610982895
0 0.44999071955680847 0.6049973368644714 0.06100355461239815 0.10719306766986847
0 0.39940395951271057 0.6122144460678101 0.04993753507733345 0.10561429709196091
0 0.4028126895427704 0.713752269744873 0.05330813676118851 0.11031589657068253
0 0.39335766434669495 0.49749845266342163 0.057005058974027634 0.1375758796930313
0 0.44426921010017395 0.4888075292110443 0.05765658617019653 0.134855717420578
0 0.49330878257751465 0.4825243651866913 0.05284436047077179 0.13276155292987823
0 0.39010027050971985 0.3909454047679901 0.048495933413505554 0.10822273790836334
0 0.4370943307876587 0.38352659344673157 0.05382005497813225 0.10476071387529373
0 0.38672739267349243 0.2901156544685364 0.047519098967313766 0.08838564902544022
0 0.539382815361023 0.36750680208206177 0.053029026836156845 0.10464785248041153
0 0.48394760489463806 0.2762454152107239 0.054679982364177704 0.10629090666770935
0 0.5329523086547852 0.26925399899482727 0.05165824666619301 0.10867394506931305
0 0.43130141496658325 0.1931489109992981 0.05116977170109749 0.0987553521990776
0 0.47797074913978577 0.18720389902591705 0.0510999970138073 0.09733784198760986
0 0.5270460844039917 0.18162885308265686 0.05598202720284462 0.10084845870733261
0 0.6610086560249329 0.17036521434783936 0.046566884964704514 0.10091177374124527
0 0.7345399856567383 0.6614306569099426 0.14427880942821503 0.2682146430015564
0 0.7030401229858398 0.16722257435321808 0.049030449241399765 0.08719369769096375
0 0.7474419474601746 0.16374076902866364 0.04772840812802315 0.09263616055250168
0 0.7892990112304688 0.15705585479736328 0.04463686794042587 0.09360164403915405
0 0.6652182340621948 0.2639402747154236 0.04391654580831528 0.09490644931793213
0 0.7066797614097595 0.25731077790260315 0.04793771356344223 0.09688670188188553
0 0.7513733506202698 0.2516486346721649 0.050378795713186264 0.0986424908041954
0 0.7952759861946106 0.2460983842611313 0.04635757952928543 0.09666126221418381
0 0.6708345413208008 0.3537474572658539 0.04663668945431709 0.102329321205616
0 0.712761402130127 0.3484790325164795 0.04656688868999481 0.10091180354356766
0 0.7566290497779846 0.3422205150127411 0.050518304109573364 0.1014755442738533
0 0.8013914823532104 0.33797401189804077 0.04793771728873253 0.09688670933246613
0 0.6778581142425537 0.46404358744621277 0.04617192596197128 0.12477483600378036
0 0.7184597849845886 0.45611029863357544 0.04717136174440384 0.12913814187049866
0 0.763617753982544 0.4518083930015564 0.05528536066412926 0.13451741635799408
0 0.8098915219306946 0.44591981172561646 0.04968208074569702 0.1323103904724121
3 0.3224742114543915 0.43198469281196594 0.11345960944890976 0.5508448481559753
3 0.6099973917007446 0.39524564146995544 0.1161099448800087 0.5568512082099915
