0 0.02668404881861545 0.12009832003826437 0.0533680976372309 0.08552638468189999
0 0.12414704513741362 0.10377679443592885 0.17463431847369104 0.08325555153188229
0 0.2820349072916179 0.09105303861688399 0.17717287837541104 0.08818132727264899
0 0.43696360320321026 0.07519363067898917 0.16788356333760962 0.08541644715218624
0 0.5950601848027862 0.06000747603817732 0.17379394003814208 0.08598417539559043
0 0.7652948522893159 0.04512119498678123 0.20060133331130048 0.08949500468962951
0 0.033058818489446 0.19534304596905816 0.066117636978892 0.08974257743541975
0 0.13720769526822074 0.1762928965030145 0.17696765872306108 0.0937793522114285
0 0.2946668236969388 0.15823635698821292 0.1727402771602435 0.08775556279361897
0 0.4546655194919027 0.14482156784773037 0.1778021060132991 0.08449565760547842
0 0.6152996502918965 0.13427735743854957 0.1740129452353425 0.09349553370321156
0 0.7837389756126747 0.11809771828357993 0.19765314616546592 0.09576632123974411
0 0.042172930384899096 0.26408479468848306 0.08434586076979819 0.09002640734700795
0 0.15617777399285301 0.2482413688528994 0.1754827681727923 0.08708221826956558
0 0.31395628943626275 0.23162094981044998 0.17189160736035353 0.08392790336023676
0 0.4704688807360473 0.2160976810700277 0.17210382983552308 0.08488506639250704
0 0.6299398428227659 0.203711124875878 0.1778091023625663 0.09105081637959586
0 0.7964808489118824 0.18917963166848883 0.1875158562911109 0.08917481999508323
0 0.048332087028738556 0.3333766015565322 0.09666417405747711 0.08835964672902452
0 0.16997307597546146 0.31726801110643 0.17843843138560622 0.08736612800475285
0 0.3277514371494536 0.3006466228635283 0.1689370190618246 0.08364412545232341
0 0.48552979832344567 0.2840252346206267 0.17843855010124304 0.08736613940812418
0 0.6476382593184367 0.2699195147890481 0.1775970999881853 0.0900946460430245
0 0.8146034902571037 0.25730135495050055 0.18730364028949387 0.08821768615974529
0 0.058396532635239154 0.4045818298252985 0.11679306527047831 0.08811304478123394
0 0.18862610086361772 0.3877821367244874 0.17548288688842922 0.08708222967293688
0 0.344505905374674 0.3728089172359089 0.16809545023312988 0.08637262068385249
0 0.5019695988003698 0.3581718077478706 0.1782265412533095 0.08640993987462048
0 0.6613308462796402 0.3418866556310975 0.17189161383390616 0.08392793255716902
0 0.8259697365549805 0.32558378962414597 0.1883573064041688 0.08644631336018294
0 0.06392303744062743 0.47279318728564823 0.12784607488125485 0.09165588160732902
0 0.20210646534965168 0.4587921145342665 0.17949114777518554 0.08559466397822008
0 0.3570353813620327 0.4429336992920706 0.16133662383349634 0.08197822570276497
0 0.5122832474243044 0.42850943372929523 0.1788547069240179 0.08272419677404053
0 0.673125819829451 0.41550184480356733 0.17252805468507393 0.08679839976134868
0 0.8421973210302875 0.39877322891605194 0.19785883744358734 0.09016832731598362
0 0.07335537299844064 0.5457696857236353 0.14671074599688128 0.08892728374545844
0 0.22054631803754277 0.5283491683470241 0.1803395974742867 0.08942133071590341
0 0.37716607711362576 0.5133048716451499 0.16556508031059902 0.08800214694784853
0 0.5310413205377794 0.49950172114414254 0.17400594564929928 0.08694036033062791
0 0.6906192928946024 0.48759315318962254 0.17316449553624147 0.08966886696552823
0 0.8606416825941144 0.47174973305572454 0.1995477875306506 0.09126639619179627
0 0.08204894114759652 0.6160886635130471 0.16409788229519304 0.09208166068482537
0 0.23561174126410056 0.5996961576260721 0.17611932773959685 0.08995269687711649
0 0.39307093228741335 0.5816396270080509 0.17189161383390616 0.08392793255716913
0 0.5512737319381922 0.5669325356327576 0.17463430552658582 0.08325549313801761
0 0.7077897571996274 0.5548287906526597 0.16851978085121233 0.08828590706220085
0 0.8759148194199061 0.5406344350401276 0.1986993248844442 0.0874396710602483
0 0.08968526889244222 0.6866738257440967 0.17937053778488443 0.08782921486964579
0 0.24951654422692116 0.6726204323034594 0.16998961673576704 0.08187265002241939
0 0.4074009098248801 0.6564771438273096 0.1754757685867488 0.08052704489698215
0 0.5664441505058027 0.6387577216072132 0.17358170785264332 0.08502696856792169
0 0.723695835083565 0.6231644125856713 0.17189161383390616 0.08392793255716913
0 0.8921351604043433 0.6069847734307017 0.19553181476402937 0.08619872009370155
0 0.0993021209774827 0.7539803408614317 0.1970172859453777 0.09289585265855638
0 0.26742617411484754 0.7397860821775558 0.17105026948938015 0.08665639220157595
0 0.41444183816274843 0.725664318213628 0.175482873941324 0.08708217127907236
0 0.5766517882322179 0.7086172186249539 0.1748463273216247 0.08421175106538592
0 0.7374953697202784 0.6956095327705698 0.16851978085121222 0.08828590706220085
0 0.90228632155406 0.6775166286669863 0.19542735689188018 0.09523600479108651
0 0.11415447338892705 0.82437126243425 0.19954078794460736 0.08471122281921262
0 0.28533659298489916 0.8069506424272972 0.16745912809759925 0.0835021648830443
0 0.4374167405757101 0.7918541511617557 0.16724701348113397 0.08254601234003389
0 0.5913979819502779 0.7785290712305679 0.16956539188621644 0.0799593166535777
0 0.7517149062627664 0.7665495521883405 0.17991535967763095 0.08750793895319697
0 0.9128813503892987 0.7503699871552844 0.17423729922140252 0.08835958833516
0 0.13027605344026738 0.8970826019594041 0.20123789449649324 0.09236549059641352
0 0.29797673006802533 0.8809739145806458 0.16725411883570904 0.0891011387221241
0 0.4524812076036197 0.8632012024708415 0.17484644603726152 0.08421176246875728
0 0.6106837871536099 0.8484931183998493 0.17167961793307762 0.08297179141753008
0 0.7669878165142168 0.8354332322801125 0.17105026948937996 0.08665639220157595
0 0.9183018000781443 0.8191117066777769 0.16339639984371135 0.08949495359499782
0 0.1460791994387878 0.9618051309422586 0.2006014406982204 0.07638973811548277
0 0.31177182166017403 0.949999607933876 0.16429940534799062 0.08881732021390709
0 0.4673333992720939 0.9335911256462753 0.17991535967763095 0.0875079389531972
0 0.6287029212585247 0.9195564152962686 0.17336950479813162 0.08406989312644852
0 0.7841585009200304 0.9026698624388484 0.16808845064708655 0.07981744731126894
0 0.9265711433777496 0.885054937678114 0.1468577132445008 0.0855263376914066
0 0.16430360931709473 0.9972041340204147 0.19088067674065629 0.0055917319591705095
0 0.3309470542057851 0.9881758167077294 0.173786000437332 0.02364836658454128
0 0.4858759119561926 0.9798392186238518 0.1712552895066854 0.04032156275229637
0 0.6413358516019241 0.9738228462056594 0.1706189392852544 0.052354307588681204
0 0.7976365300612192 0.9650788373588506 0.16239019931843468 0.06984232528229883
0 0.9367418837237567 0.9546829660738256 0.12651623255248656 0.08127400866395629
