0 0.7653908133506775 0.494206964969635 0.07192643731832504 0.19140198826789856
0 0.7030704617500305 0.5053572654724121 0.07181710004806519 0.1899254471063614
0 0.6252111196517944 0.519849956035614 0.0720357596874237 0.19287844002246857
0 0.5637018084526062 0.5286217927932739 0.06770018488168716 0.18632084131240845
0 0.48226720094680786 0.5414682030677795 0.06900224834680557 0.1909138560295105
0 0.4210849404335022 0.5546716451644897 0.06943962723016739 0.1968207061290741
0 0.34100303053855896 0.565796434879303 0.06477611511945724 0.18583272397518158
0 0.279657781124115 0.576784074306488 0.06683453917503357 0.18763451278209686
0 0.5815489888191223 0.3432527184486389 0.1276504099369049 0.13798825442790985
0 0.43957915902137756 0.3647083342075348 0.1282963752746582 0.13372041285037994
0 0.18644656240940094 0.6304672360420227 0.05704068765044212 0.1203676238656044
0 0.7473654747009277 0.6571818590164185 0.12913298606872559 0.09302285313606262
0 0.60414719581604 0.6751090884208679 0.13400621712207794 0.09383632987737656
0 0.46250641345977783 0.7009949684143066 0.13292279839515686 0.0921962708234787
0 0.32021257281303406 0.7247477769851685 0.1210084781050682 0.08729091286659241
