0 0.07771766185760498 0.06231733411550522 0.1435350775718689 0.12463466823101044
0 0.07234887778759003 0.3317969739437103 0.14469775557518005 0.4344009757041931
0 0.06857948005199432 0.7290425300598145 0.13715896010398865 0.3973698019981384
0 0.30500292778015137 0.06832873076200485 0.1690337359905243 0.1366574615240097
0 0.2969117760658264 0.33872532844543457 0.18374809622764587 0.43074169754981995
0 0.28181949257850647 0.7427733540534973 0.1868133544921875 0.39944466948509216
0 0.5391348600387573 0.07571285963058472 0.17690320312976837 0.15142571926116943
0 0.5280131101608276 0.3559334874153137 0.18571646511554718 0.4308638274669647
0 0.5169544816017151 0.7566410303115845 0.18488557636737823 0.4007567763328552
0 0.7782847881317139 0.07960472255945206 0.18064118921756744 0.1592094451189041
0 0.7676742672920227 0.36649268865585327 0.18473227322101593 0.43080276250839233
0 0.7589965462684631 0.7702198624610901 0.18889948725700378 0.40386781096458435
0 0.9645701050758362 0.081344373524189 0.07085979729890823 0.162688747048378
0 0.9576320648193359 0.3750835359096527 0.08473584055900574 0.43827420473098755
0 0.9547499418258667 0.7831113338470459 0.09050016105175018 0.39639270305633545
