0 0.9094133973121643 0.18492722511291504 0.1811731904745102 0.17051680386066437
0 0.734803318977356 0.15162312984466553 0.24406792223453522 0.17223991453647614
0 0.526645839214325 0.1180322989821434 0.24826869368553162 0.1691458374261856
0 0.8959183096885681 0.3203827142715454 0.20816342532634735 0.15705697238445282
0 0.7028277516365051 0.28796255588531494 0.24722281098365784 0.16059386730194092
0 0.4906021058559418 0.2542605698108673 0.24643652141094208 0.1576775163412094
0 0.8780942559242249 0.4554624557495117 0.2438114732503891 0.17360974848270416
0 0.6692785024642944 0.4250759184360504 0.25141867995262146 0.17148862779140472
0 0.4713427424430847 0.3510330617427826 0.21994902193546295 0.08744604885578156
0 0.32636335492134094 0.4682115912437439 0.2002076804637909 0.2290051132440567
0 0.8375841975212097 0.588752031326294 0.23619846999645233 0.157056987285614
0 0.6302138566970825 0.5573046803474426 0.24774707853794098 0.16253848373889923
0 0.15258601307868958 0.4211108982563019 0.1854664385318756 0.33774909377098083
0 0.08078062534332275 0.3917401432991028 0.1615612506866455 0.4455723762512207
0 0.2263508290052414 0.44393593072891235 0.1287931203842163 0.26294001936912537
