0 0.8578734993934631 0.4666544795036316 0.16341066360473633 0.4192993640899658
0 0.6894261240959167 0.44047271460294724 0.1704341173171997 0.4118133932352066
0 0.49892133474349976 0.41463591903448105 0.22716104984283447 0.41806860268116
0 0.31057798862457275 0.38308919221162796 0.1793210506439209 0.40458856523036957
0 0.14090001583099365 0.36274784803390503 0.16662347316741943 0.4095853567123413
0 0.8750287294387817 0.1426474042236805 0.15588021278381348 0.2319016084074974
0 0.7074277400970459 0.11958526074886322 0.1656200885772705 0.23917052149772644
0 0.5149749517440796 0.11072445660829544 0.22455215454101562 0.22144891321659088
0 0.3267554044723511 0.09807872772216797 0.16714954376220703 0.19615745544433594
0 0.15737730264663696 0.0825943723320961 0.16113483905792236 0.1651887446641922
