0 0.07617200165987015 0.09016399830579758 0.15039099752902985 0.1415800005197525
0 0.22412100434303284 0.09165400266647339 0.14550799131393433 0.1385989785194397
0 0.3725590109825134 0.08792799711227417 0.15136700868606567 0.14605098962783813
0 0.5214840173721313 0.08792799711227417 0.14648401737213135 0.14605098962783813
0 0.6689450144767761 0.08792799711227417 0.1484379768371582 0.14605098962783813
0 0.8168950080871582 0.08718299865722656 0.1474609375 0.14455997943878174
0 0.9453120231628418 0.08867400139570236 0.109375 0.1415800005197525
0 0.07910200208425522 0.23174400627613068 0.14648400247097015 0.14456000924110413
0 0.22460900247097015 0.23248900473117828 0.1445309817790985 0.1430700123310089
0 0.3710939884185791 0.2332340031862259 0.1484379768371582 0.14456000924110413
0 0.5205079913139343 0.23248900473117828 0.15039098262786865 0.14605101943016052
0 0.6689450144767761 0.23025299608707428 0.14648401737213135 0.1415800154209137
0 0.8154299855232239 0.22950799763202667 0.14648401737213135 0.1430700123310089
0 0.9428709745407104 0.23174400627613068 0.1083979606628418 0.14754101634025574
0 0.08007799834012985 0.3740690052509308 0.14648400247097015 0.14306998252868652
0 0.22509799897670746 0.3725779950618744 0.14355501532554626 0.14605098962783813
0 0.3706049919128418 0.3725779950618744 0.14746099710464478 0.14605098962783813
0 0.5190430283546448 0.3740690052509308 0.14941397309303284 0.14306998252868652
0 0.6674799919128418 0.3725779950618744 0.1474609375 0.1400889754295349
0 0.8159180283546448 0.3710879981517792 0.14941394329071045 0.14306998252868652
0 0.9428709745407104 0.3718329966068268 0.1044919490814209 0.14455997943878174
0 0.07763700187206268 0.5201190114021301 0.14941400289535522 0.14903101325035095
0 0.22509799897670746 0.5201190114021301 0.1455080211162567 0.14903101325035095
0 0.37304699420928955 0.5163930058479309 0.15039098262786865 0.1415799856185913
0 0.5214840173721313 0.5171390175819397 0.14648401737213135 0.1400890350341797
0 0.6679689884185791 0.5171390175819397 0.14648401737213135 0.1400890350341797
0 0.8134769797325134 0.5156480073928833 0.1445310115814209 0.14306998252868652
0 0.9404299855232239 0.5163930058479309 0.109375 0.14455997943878174
0 0.078125 0.6602090001106262 0.15039098262786865 0.1460510492324829
0 0.22509799897670746 0.6609539985656738 0.14355501532554626 0.14455997943878174
0 0.3715820014476776 0.6594629883766174 0.14941400289535522 0.1415799856185913
0 0.5205079913139343 0.6587179899215698 0.1484379768371582 0.14306998252868652
0 0.6694340109825134 0.6594629883766174 0.14941394329071045 0.14455997943878174
0 0.8159180283546448 0.6594629883766174 0.14355504512786865 0.14455997943878174
0 0.9438477754592896 0.6587179899215698 0.11230450868606567 0.14306998252868652
0 0.07617200911045074 0.8040239810943604 0.1484380066394806 0.1415799856185913
0 0.22412100434303284 0.8017879724502563 0.14746099710464478 0.1460510492324829
0 0.3725590109825134 0.8025339841842651 0.14941400289535522 0.14754104614257812
0 0.5200200080871582 0.804768979549408 0.1455080211162567 0.14306998252868652
0 0.6665040254592896 0.8002979755401611 0.1474609375 0.13412797451019287
0 0.8129879832267761 0.7988079786300659 0.1455080509185791 0.13710904121398926
0 0.9414060115814209 0.8017879724502563 0.11132800579071045 0.14306998252868652
0 0.07714799791574478 0.938152015209198 0.14648400247097015 0.123695969581604
0 0.22412100434303284 0.9366617202758789 0.14941400289535522 0.1266764998435974
0 0.3715820014476776 0.9366617202758789 0.14941400289535522 0.1266764998435974
0 0.5219730138778687 0.9366617202758789 0.1455080211162567 0.1266764998435974
0 0.6669920086860657 0.9359167814254761 0.14648401737213135 0.12816649675369263
0 0.8125 0.9336810111999512 0.1484379768371582 0.13263797760009766
0 0.9438477754592896 0.9344260096549988 0.11230450868606567 0.13114798069000244
