0 0.150845006108284 0.15478500723838806 0.1560470163822174 0.2958980202674866
0 0.31989601254463196 0.1567380130290985 0.18205499649047852 0.2998049855232239
0 0.4980489909648895 0.15429699420928955 0.1742519736289978 0.3046879768371582
0 0.6788039803504944 0.1523439884185791 0.18725597858428955 0.3007810115814209
0 0.8589079976081848 0.1523440033197403 0.1703510284423828 0.30273398756980896
0 0.14759400486946106 0.5419920086860657 0.15214598178863525 0.47070300579071045
0 0.31469398736953735 0.5444340109825134 0.18205499649047852 0.46581998467445374
0 0.4954490065574646 0.5449219942092896 0.17945396900177002 0.46679699420928955
0 0.6794540286064148 0.5434569716453552 0.18855702877044678 0.4697270393371582
0 0.862159013748169 0.5449219942092896 0.17685294151306152 0.4726560115814209
0 0.8615080118179321 0.8867189884185791 0.17815303802490234 0.2109379768371582
0 0.6794540286064148 0.8881840109825134 0.18595600128173828 0.2080080509185791
0 0.49869999289512634 0.8920900225639343 0.17555302381515503 0.21581995487213135
0 0.31274399161338806 0.8916017413139343 0.17035098373889923 0.21679651737213135
0 0.14304299652576447 0.8969727754592896 0.1560470163822174 0.20605450868606567
2 0.31729501485824585 0.6127930283546448 0.13003897666931152 0.2646479606628418
