0 0.5552026629447937 0.2846447229385376 0.14977777004241943 0.2144574671983719
0 0.6294654011726379 0.2816159725189209 0.12092374265193939 0.20003019273281097
0 0.7866965532302856 0.29599398374557495 0.07456818968057632 0.09055453538894653
0 0.7557886242866516 0.5150400400161743 0.19426852464675903 0.20314233005046844
0 0.6516846418380737 0.538727879524231 0.13883933424949646 0.19691306352615356
0 0.4660203754901886 0.5733590722084045 0.14179228246212006 0.15879304707050323
0 0.2633962631225586 0.6076120734214783 0.07205904275178909 0.10386043041944504
0 0.33489999175071716 0.35846102237701416 0.15328221023082733 0.1570797562599182
0 0.44149816036224365 0.3724445700645447 0.1159367635846138 0.13254714012145996
0 0.025852130725979805 0.5267173051834106 0.0414145328104496 0.06829502433538437
0 0.053705357015132904 0.5120511651039124 0.050394706428050995 0.07988838851451874
0 0.08237625658512115 0.49084582924842834 0.05948209390044212 0.09703901410102844
0 0.11981356143951416 0.46618667244911194 0.08435941487550735 0.12030959874391556
0 0.16629354655742645 0.4268759787082672 0.10161691159009933 0.1308920979499817
0 0.23104077577590942 0.38289254903793335 0.13144978880882263 0.1482938975095749
0 0.27711012959480286 0.7185042500495911 0.16028863191604614 0.2097686529159546
0 0.412156879901886 0.7256541848182678 0.21717055141925812 0.2675090432167053
0 0.6482247114181519 0.7328492403030396 0.395834743976593 0.4022991359233856
0 0.8710174560546875 0.7236800193786621 0.2579651176929474 0.4706253111362457
