0 0.01785023882985115 0.22623759508132935 0.0357004776597023 0.45232081413269043
0 0.07078717648983002 0.22715644538402557 0.08047468960285187 0.45431289076805115
0 0.14704185724258423 0.22454771399497986 0.08043543994426727 0.4490954279899597
0 0.22432678937911987 0.22338120639324188 0.08237723261117935 0.44676241278648376
0 0.30370956659317017 0.08803743124008179 0.08074753731489182 0.17607486248016357
0 0.3809552490711212 0.08542895317077637 0.0826902985572815 0.17085790634155273
0 0.460201621055603 0.08420184254646301 0.08070828765630722 0.16840368509292603
0 0.5404084920883179 0.0808117613196373 0.08064939826726913 0.1616235226392746
0 0.6211801767349243 0.08245348930358887 0.07973787933588028 0.16490697860717773
0 0.7033887505531311 0.08050539344549179 0.08368033170700073 0.16101078689098358
0 0.7839455008506775 0.21195298433303833 0.08431896567344666 0.42390596866607666
0 0.8651826977729797 0.21143172681331635 0.08433859050273895 0.4228634536266327
0 0.9458954334259033 0.20876263082027435 0.08529040962457657 0.4175252616405487
0 0.9907527565956116 0.2090078443288803 0.018494434654712677 0.4180156886577606
0 0.7985701560974121 0.4735713601112366 0.05777768790721893 0.09834904223680496
0 0.8694159984588623 0.47284698486328125 0.08456245064735413 0.10205110162496567
0 0.9501581788063049 0.4710986316204071 0.07958969473838806 0.10045760124921799
0 0.9943095445632935 0.4701683521270752 0.011380882933735847 0.10041496157646179
0 0.29403096437454224 0.39162009954452515 0.05059926584362984 0.298500120639801
0 0.3460368812084198 0.3900294005870819 0.06137868016958237 0.290180504322052
0 0.41818228363990784 0.3755597174167633 0.06404653191566467 0.34071457386016846
0 0.47463542222976685 0.3731117248535156 0.0540815107524395 0.33608564734458923
0 0.5380423069000244 0.37189358472824097 0.05204160884022713 0.33169910311698914
0 0.5974773168563843 0.37007561326026917 0.06408578902482986 0.3435995280742645
0 0.6630614995956421 0.38321778178215027 0.05349280312657356 0.29282209277153015
0 0.7209221720695496 0.3749553859233856 0.05462123453617096 0.3029473125934601
