0 0.7136321663856506 0.13355448842048645 0.09179726243019104 0.17738668620586395
0 0.7376893758773804 0.3897601366043091 0.11394137889146805 0.371856689453125
0 0.5909895896911621 0.1767667979001999 0.09915030002593994 0.19539664685726166
0 0.5083281993865967 0.19817398488521576 0.10143879801034927 0.19045725464820862
0 0.4232289493083954 0.21941472589969635 0.10375092178583145 0.19506631791591644
0 0.33832475543022156 0.23776094615459442 0.1010468453168869 0.1958223581314087
0 0.26391729712486267 0.2544636130332947 0.0830371305346489 0.19177962839603424
0 0.6187896728515625 0.4121731221675873 0.10214418172836304 0.3092232048511505
0 0.5299046039581299 0.3808024227619171 0.09605327993631363 0.20151764154434204
0 0.5395360589027405 0.5261939167976379 0.09410428255796432 0.12609843909740448
0 0.4452728033065796 0.4554004967212677 0.12232721596956253 0.3164798617362976
0 0.35385486483573914 0.4131924510002136 0.09956686943769455 0.19958025217056274
0 0.3668857514858246 0.5635243058204651 0.09276312589645386 0.1312505006790161
0 0.28548741340637207 0.4905547499656677 0.08711706846952438 0.3072130084037781
