0 0.6698858141899109 0.26304858922958374 0.1363030970096588 0.20426695048809052
0 0.5306899547576904 0.3006277084350586 0.1905166208744049 0.21031558513641357
0 0.39069607853889465 0.3445301949977875 0.1362447589635849 0.19566364586353302
0 0.692976176738739 0.43852847814559937 0.13878291845321655 0.2249755710363388
0 0.5486372709274292 0.4721515476703644 0.1896882802248001 0.21152305603027344
0 0.40814009308815 0.5161898732185364 0.13452762365341187 0.21380718052387238
0 0.42537471652030945 0.7077565789222717 0.12305699288845062 0.22359313070774078
0 0.724665641784668 0.6208482384681702 0.11897868663072586 0.21390359103679657
0 0.6139047145843506 0.6576229929924011 0.09728428721427917 0.19516494870185852
0 0.5331777334213257 0.6809437870979309 0.10467372834682465 0.2000221461057663
0 0.9408397078514099 0.11278458684682846 0.0686662420630455 0.21606555581092834
0 0.8858291506767273 0.12992706894874573 0.05075305327773094 0.21266059577465057
0 0.8218326568603516 0.1456766426563263 0.09834304451942444 0.2283717393875122
0 0.9575660824775696 0.3434281051158905 0.05666312947869301 0.2214135080575943
0 0.8930381536483765 0.3547399342060089 0.09751462936401367 0.22957919538021088
0 0.8276529312133789 0.3762100338935852 0.05341317877173424 0.21051658689975739
0 0.8730565905570984 0.5647530555725098 0.09309036284685135 0.16826824843883514
0 0.940627932548523 0.5571996569633484 0.05134892091155052 0.17703738808631897
0 0.981508731842041 0.5428192019462585 0.036982547491788864 0.1827095001935959
0 0.24429909884929657 0.30464956164360046 0.056485846638679504 0.2199336290359497
0 0.18248975276947021 0.32133641839027405 0.0966290533542633 0.2221837043762207
0 0.11530180275440216 0.33642086386680603 0.055423103272914886 0.21105921268463135
0 0.05325596034526825 0.3554627001285553 0.09178189933300018 0.22230617702007294
0 0.009135731495916843 0.37537848949432373 0.018271462991833687 0.2152257263660431
0 0.24917320907115936 0.5316205620765686 0.09751469641923904 0.22957924008369446
0 0.18352110683918 0.5508715510368347 0.06269395351409912 0.22304172813892365
0 0.11943622678518295 0.565882682800293 0.09733758866786957 0.2281002700328827
0 0.05872087925672531 0.5830374956130981 0.05560019984841347 0.21253806352615356
0 0.021741166710853577 0.6020782589912415 0.04348233342170715 0.22136972844600677
0 0.29835718870162964 0.7473924160003662 0.05359027534723282 0.2119954377412796
0 0.23344390094280243 0.7641538977622986 0.09497333317995071 0.22459886968135834
0 0.1673782616853714 0.7842809557914734 0.05991702526807785 0.20797817409038544
0 0.10314533859491348 0.8023855090141296 0.0989941656589508 0.22568437457084656
0 0.03882385417819023 0.8197505474090576 0.055720072239637375 0.20541398227214813
0 0.014364195056259632 0.8340916633605957 0.028728390112519264 0.21589058637619019
