0 0.9595812695720496 0.30619224756762364 0.08083746085590093 0.4297012352087333
0 0.8685042895445267 0.3039978002128571 0.09937690972804558 0.4341164927106808
0 0.7661705620681689 0.30695527457706206 0.10335112078900399 0.4400031341518574
0 0.6648308925328968 0.31064755443594816 0.0993768286265817 0.4326446671485873
0 0.5644840072264399 0.31286885311431334 0.10136401523095195 0.43705931304374657
0 0.4621500364531751 0.3114109866117081 0.10335112078900394 0.4400031341518573
0 0.36080917388646466 0.31216067344871373 0.09937731516918946 0.4414744195910944
0 0.2341353010141799 0.32615788898365616 0.02484848457798275 0.18688810788591462
0 0.1417359458533722 0.32396276654949807 0.024848079187257288 0.17953109599982794
0 0.04933790537462274 0.3269179468867881 0.030809557957988724 0.19130428038218908
