0 0.35879600048065186 0.38445401191711426 0.0638890266418457 0.09943997859954834
0 0.4124999940395355 0.39775899052619934 0.050926029682159424 0.10364097356796265
0 0.47407400608062744 0.41806700825691223 0.06481501460075378 0.1050419807434082
0 0.4000000059604645 0.5434169769287109 0.05555599927902222 0.10364103317260742
0 0.444907009601593 0.5525209903717041 0.034259021282196045 0.1050419807434082
0 0.48611098527908325 0.5637249946594238 0.046296000480651855 0.1050419807434082
0 0.28425899147987366 0.6890760064125061 0.059258997440338135 0.09803903102874756
0 0.3375000059604645 0.6967790126800537 0.052778005599975586 0.09103596210479736
0 0.38888901472091675 0.6988800168037415 0.05185198783874512 0.08683502674102783
0 0.44768500328063965 0.7051820158958435 0.062036991119384766 0.07703101634979248
