0 0.18456999957561493 0.5615109801292419 0.04101601243019104 0.18804898858070374
0 0.2270510047674179 0.5615109801292419 0.045897990465164185 0.19156396389007568
0 0.2836909890174866 0.5650259852409363 0.06542998552322388 0.18101897835731506
0 0.34912100434303284 0.5641480088233948 0.06542998552322388 0.17926201224327087
0 0.4135740101337433 0.5641480088233948 0.06347697973251343 0.17926201224327087
0 0.4770509898662567 0.5641480088233948 0.06347697973251343 0.17926201224327087
0 0.5380859971046448 0.5641480088233948 0.0585939884185791 0.17926201224327087
0 0.5986329913139343 0.5615109801292419 0.0625 0.1739889681339264
0 0.6601560115814209 0.5623900294303894 0.06054699420928955 0.1722320318222046
0 0.7236329913139343 0.5650259852409363 0.0664060115814209 0.17750397324562073
0 0.7905269861221313 0.5615109801292419 0.0673830509185791 0.1845339834690094
0 0.8613280057907104 0.5615109801292419 0.0742189884185791 0.1845339834690094
0 0.9365230202674866 0.5588750243186951 0.07617199420928955 0.18980702757835388
0 0.9873047471046448 0.5606330037117004 0.02539050579071045 0.19683697819709778
