0 0.6142510771751404 0.2813383936882019 0.08718837797641754 0.16327379643917084
0 0.7006564736366272 0.27058494091033936 0.10137521475553513 0.17677009105682373
0 0.7990461587905884 0.2610660195350647 0.1043558269739151 0.16778774559497833
0 0.8056955933570862 0.42495450377464294 0.10614026337862015 0.16970296204090118
0 0.7114716172218323 0.4324294924736023 0.09738903492689133 0.16378504037857056
0 0.6257904171943665 0.44039443135261536 0.08922433853149414 0.17068183422088623
0 0.6364388465881348 0.5985770225524902 0.09526938945055008 0.1545461267232895
0 0.721228301525116 0.5897406935691833 0.08888917416334152 0.16335906088352203
0 0.8106442093849182 0.58892822265625 0.10452339053153992 0.17144863307476044
0 0.32310011982917786 0.3418033719062805 0.14228256046772003 0.14411738514900208
5 0.27120691537857056 0.6040396094322205 0.26339980959892273 0.1593209058046341
3 0.5537093281745911 0.4476766288280487 0.09686028212308884 0.44868943095207214
3 0.18874184787273407 0.3100058138370514 0.13849897682666779 0.2096814513206482
