0 0.03824345022439957 0.10613180696964264 0.07648690044879913 0.1861463338136673
0 0.04657353460788727 0.402883380651474 0.09314706921577454 0.4352177679538727
0 0.05599899962544441 0.796951413154602 0.11199799925088882 0.39856746792793274
0 0.23316018283367157 0.08851030468940735 0.17340320348739624 0.1770206093788147
0 0.2446703314781189 0.37527593970298767 0.1911231279373169 0.4325411319732666
0 0.25655120611190796 0.7769927978515625 0.19387716054916382 0.4015834331512451
0 0.4706600606441498 0.07813185453414917 0.18138587474822998 0.15626370906829834
0 0.47928881645202637 0.35727667808532715 0.1931198090314865 0.4327186048030853
0 0.4950203001499176 0.7550801634788513 0.19193781912326813 0.40282976627349854
0 0.7130090594291687 0.06388510018587112 0.1850968897342682 0.12777020037174225
0 0.7221082448959351 0.33140766620635986 0.1921214461326599 0.43262988328933716
0 0.7404477000236511 0.7318356037139893 0.1960417628288269 0.4060307443141937
0 0.9104799032211304 0.05017179250717163 0.09106916189193726 0.10034358501434326
0 0.9210488200187683 0.31015318632125854 0.10381456464529037 0.4375443756580353
0 0.9395563006401062 0.714850664138794 0.0971931740641594 0.3958258032798767
