0 0.10267335176467896 0.2171773761510849 0.2053467035293579 0.16491496562957764
0 0.2790377140045166 0.18163907527923584 0.23106954991817474 0.16638284921646118
0 0.47009629011154175 0.1458565592765808 0.23473574221134186 0.1635710895061493
0 0.12493360787630081 0.34485918283462524 0.223125159740448 0.15199771523475647
0 0.3150763511657715 0.3102057874202728 0.2333446443080902 0.15553836524486542
0 0.5098946690559387 0.2742406129837036 0.23247908055782318 0.15279021859169006
0 0.15933413803577423 0.4722648561000824 0.23376832902431488 0.1677256077528
0 0.35260793566703796 0.4394758343696594 0.23772412538528442 0.16583071649074554
0 0.5322940349578857 0.36556145548820496 0.2047578990459442 0.0864536389708519
0 0.6720101237297058 0.4738260805606842 0.19404573738574982 0.21865348517894745
0 0.2045815885066986 0.5977498888969421 0.223125159740448 0.15199773013591766
0 0.3950130343437195 0.5640131831169128 0.23392178118228912 0.15737082064151764
0 0.8306117057800293 0.4258972108364105 0.18620270490646362 0.320216566324234
0 0.9056342840194702 0.39597412943840027 0.18873144686222076 0.4223144054412842
0 0.7634225487709045 0.4489249885082245 0.13076139986515045 0.24896910786628723
