0 0.8195559978485107 0.21466699242591858 0.24000000953674316 0.2986670136451721
0 0.5773330330848694 0.2199999988079071 0.24444401264190674 0.2879999876022339
0 0.3324440121650696 0.21866700053215027 0.24533295631408691 0.28533297777175903
0 0.10488897562026978 0.21733301877975464 0.20977795124053955 0.2879999876022339
0 0.8213330507278442 0.5120000243186951 0.2399999499320984 0.29600000381469727
0 0.5791110396385193 0.5120000243186951 0.24444401264190674 0.29600000381469727
0 0.3320000171661377 0.5126670002937317 0.24977803230285645 0.2973330020904541
0 0.10355597734451294 0.5146669745445251 0.20711100101470947 0.2933329641819
0 0.8253329992294312 0.800000011920929 0.24266695976257324 0.2853330373764038
0 0.5808889865875244 0.8013330101966858 0.24622201919555664 0.28266704082489014
0 0.3360000252723694 0.8026670217514038 0.24355602264404297 0.2853330373764038
0 0.10755598545074463 0.8033329844474792 0.21511101722717285 0.284000039100647
