0 0.7088807821273804 0.2609182894229889 0.19387762248516083 0.16401387751102448
0 0.5475689172744751 0.2333238124847412 0.15393081307411194 0.1596655249595642
0 0.40553170442581177 0.20888978242874146 0.15533046424388885 0.15769119560718536
0 0.2639867961406708 0.18794454634189606 0.15170536935329437 0.15268975496292114
0 0.12163888663053513 0.16686756908893585 0.15693660080432892 0.1579546332359314
0 0.027881501242518425 0.14836090803146362 0.05576300248503685 0.14754702150821686
0 0.6863192915916443 0.40825697779655457 0.235887810587883 0.19073668122291565
0 0.46156632900238037 0.37025657296180725 0.2457309067249298 0.19455410540103912
0 0.24292826652526855 0.3366650640964508 0.2232450693845749 0.19086585938930511
0 0.07930225133895874 0.30439576506614685 0.15860450267791748 0.18217633664608002
0 0.6957419514656067 0.5358580350875854 0.2078283131122589 0.12663793563842773
0 0.5133112072944641 0.5604457855224609 0.16432282328605652 0.220865398645401
0 0.3665587902069092 0.5341030359268188 0.17276631295681 0.22665712237358093
0 0.21799282729625702 0.5097345113754272 0.177584707736969 0.22744745016098022
0 0.0796140804886818 0.4823363721370697 0.1592281609773636 0.23824554681777954
0 0.8463293313980103 0.6355106830596924 0.1802482008934021 0.17059290409088135
0 0.6756325960159302 0.5859342217445374 0.1870151311159134 0.2267913967370987
0 0.8312598466873169 0.7988412976264954 0.1711149364709854 0.20875801146030426
0 0.6452367305755615 0.7740073800086975 0.22950859367847443 0.20731854438781738
0 0.4182809889316559 0.7333740592002869 0.2566063106060028 0.20955942571163177
0 0.1917155385017395 0.6973469853401184 0.24033862352371216 0.2046881467103958
0 0.05154474079608917 0.6683682203292847 0.10308948159217834 0.1941504180431366
0 0.8084465861320496 0.9360021948814392 0.19935962557792664 0.12799562513828278
0 0.63990718126297 0.9223698973655701 0.16744448244571686 0.15526017546653748
0 0.48641955852508545 0.9105798006057739 0.17526865005493164 0.17884033918380737
0 0.32622140645980835 0.8829410672187805 0.17444288730621338 0.17625044286251068
0 0.16027502715587616 0.8613992929458618 0.1975480318069458 0.18665097653865814
0 0.03919155150651932 0.8297901153564453 0.07838310301303864 0.19033195078372955
