0 0.45319518054401364 0.27071843680601626 0.06862976779870167 0.07986537534248034
0 0.5228568550383835 0.262413664419777 0.07471803142060202 0.06777865233939201
0 0.5976250072174691 0.2532689314756604 0.07122711588390751 0.08130914573847095
0 0.4510646323455789 0.3370373824182836 0.07364886594710013 0.07592871053305816
0 0.5240524617547085 0.3334110134802266 0.07635215629338526 0.08146781273631126
0 0.6002252313455703 0.32900421426401555 0.08008931563252475 0.07749242674027801
0 0.45468105044727747 0.402495600718971 0.07194412004131279 0.05950960497755198
0 0.52494793979234 0.39280650968606434 0.08229826761253217 0.06392225551153252
0 0.6004978448147269 0.3891017570006923 0.08486031884772616 0.06400158162364844
0 0.978441571568432 0.21045978968178453 0.043116856863136044 0.09600679667081716
0 0.9795891461792929 0.29508684025070286 0.04082170764141402 0.08781711825585681
0 0.9819294658688031 0.3789910347003159 0.036141068262393605 0.0918321101949297
0 0.9817960205872187 0.47253061980349986 0.03640795882556269 0.1014666155967181
0 0.9836547281164707 0.5632798799122275 0.03269054376705871 0.09460171840957443
0 0.9842147617878021 0.649292212909996 0.03157047642439581 0.08099182701175289
0 0.5242189967476225 0.5629024641997966 0.21989625436499327 0.1377388898772935
