0 0.6628397227480498 0.625754274088941 0.21162775293520886 0.18730921879964846
0 0.47651319810188486 0.5880348729311774 0.1914242518211567 0.187880472245399
0 0.29255209847052316 0.5529347267588748 0.2038106952698366 0.20147109996747575
0 0.10660247620465554 0.5216939723560408 0.2132049524093111 0.1950139926542493
0 0.6652130338747639 0.48112346421387864 0.19419710892386044 0.16288192143322727
0 0.4928644774237638 0.4445023643219087 0.1840548829981316 0.1737867911443367
0 0.32082924847931277 0.4101254452417169 0.19203118421777773 0.17240478084926486
0 0.13385717400953348 0.37374474753970455 0.20840522867280784 0.18530465691412995
0 0.6692105739976861 0.35282743014973317 0.17988175880560742 0.15035694870780086
0 0.5008980997249998 0.31767248218531485 0.17499576408674034 0.15230065888663058
0 0.3369507409960699 0.2804011567339514 0.18632653123984438 0.15436395195228522
0 0.16805976707184703 0.24586927447973472 0.19702204481872315 0.16056183390225068
0 0.5803065777500542 0.19150402052502105 0.1875414630908806 0.17867199968552233
0 0.3951371082504763 0.15253834692395238 0.21212977877694628 0.1817326059194965
0 0.2040787174636136 0.10957915364706014 0.2266808758375762 0.18579906364805499
4 0.2941797843281297 0.784314969970751 0.06470878077959119 0.20872951401177675
4 0.012896403766016173 0.7305637710413393 0.025792807532032346 0.20630933672077234
4 0.524307834627937 0.8220264967980491 0.0655012125300874 0.21737490106243784
4 0.7415213276555479 0.8389381771999795 0.08717352500573372 0.22754631289491867
