1 0.4147610068321228 0.47476789355278015 0.06121793016791344 0.12391349673271179
1 0.9366823434829712 0.6766638159751892 0.12663534283638 0.14738371968269348
0 0.46133771538734436 0.34820806980133057 0.12835413217544556 0.1933070570230484
0 0.4897773563861847 0.5001769661903381 0.122709259390831 0.14581666886806488
0 0.5932029485702515 0.537643551826477 0.1229555681347847 0.14203663170337677
0 0.6944160461425781 0.5816712379455566 0.11877314746379852 0.14424917101860046
0 0.807066798210144 0.6295086145401001 0.14287693798542023 0.15643291175365448
0 0.5652552843093872 0.3888476490974426 0.1325341761112213 0.20143555104732513
0 0.6685584187507629 0.42998653650283813 0.13056565821170807 0.200651615858078
0 0.7703866362571716 0.47053804993629456 0.12958230078220367 0.2002600133419037
0 0.87135249376297 0.5100011229515076 0.1283523440361023 0.1984768658876419
0 0.9565884470939636 0.5330833196640015 0.08682314306497574 0.1674949824810028
0 0.46388542652130127 0.19369624555110931 0.11778806149959564 0.14902739226818085
0 0.4818146228790283 0.0892142802476883 0.11483980715274811 0.1375122219324112
0 0.5832729339599609 0.1288745105266571 0.12246426939964294 0.13925525546073914
0 0.5658358931541443 0.23652850091457367 0.12246008217334747 0.15476608276367188
0 0.6671714782714844 0.2768838405609131 0.12196876108646393 0.15198470652103424
0 0.6882967948913574 0.16325758397579193 0.12098628282546997 0.14642292261123657
0 0.7897557020187378 0.20589403808116913 0.12320113927125931 0.1434268206357956
0 0.7698596715927124 0.31554579734802246 0.1202467828989029 0.15259137749671936
0 0.8891239762306213 0.24844297766685486 0.1128729060292244 0.13155752420425415
0 0.8694737553596497 0.35670360922813416 0.12123110145330429 0.15298336744308472
0 0.9555881023406982 0.39427852630615234 0.08882375061511993 0.14742152392864227
0 0.9646755456924438 0.28453829884529114 0.0706489309668541 0.14842073619365692
0 0.331497460603714 0.4125871956348419 0.06981043517589569 0.1880902647972107
0 0.29312536120414734 0.38837701082229614 0.06538838148117065 0.16823190450668335
0 0.33144575357437134 0.18634659051895142 0.06243916600942612 0.15671636164188385
0 0.37448498606681824 0.1871151626110077 0.06391557306051254 0.1547195017337799
