0 0.5562368351422765 0.5975954450232879 0.1517621824317929 0.08821012988887855
0 0.4079722649539028 0.5627584471161784 0.1565331716200567 0.0931685224803207
0 0.25769530041056277 0.53019401523935 0.1548206255114147 0.10189569991543435
0 0.6005642912719715 0.7201772461447595 0.04880266948829204 0.1564964158905765
0 0.5685037960505153 0.7049327144508651 0.0466977953712403 0.16123385177260618
0 0.5346064551848878 0.6947162254823518 0.04774377074440772 0.17187229230016599
0 0.49571487880843407 0.6806781493280962 0.05728773372892537 0.1817896281760948
0 0.45100639945683757 0.6802986599216181 0.041887436760065344 0.1471607215469275
0 0.41741627652471586 0.6715090087425923 0.0548427680146405 0.16563773072915533
0 0.37622379669327677 0.653564329690338 0.06075119225019393 0.17344878412145914
0 0.3281619827107688 0.6463287177176497 0.06429425698391994 0.18333950537412802
0 0.2710147262970481 0.6404807535021197 0.07385006166490285 0.16724049852119527
0 0.21580911551769516 0.6194361363723122 0.06522237260554828 0.16663289472473664
0 0.1596219120605289 0.6083651733462134 0.0790536616259001 0.18530368400652597
2 0.03577134019273903 0.6210494554421078 0.04025179058706837 0.08695773673320906
2 0.09566293723926002 0.6444896434152111 0.031114048705541297 0.055016151652755196
2 0.10934378620986833 0.637325212643181 0.026159193432557876 0.06562810416903708
2 0.2262069950276958 0.6638576919822552 0.030669630445920554 0.06792692746060613
2 0.25628120821717426 0.6902116196949803 0.03693106964942394 0.07061299724472969
2 0.3203434670327365 0.6894381186153901 0.03754540397372197 0.06814697105794187
2 0.6305327403584841 0.7566996290753549 0.032813660221277186 0.0723031770157816
0 0.6868574713096087 0.7345116159809035 0.06294742449865431 0.1609256577057956
