0 0.1284654289484024 0.11752858757972717 0.11116185784339905 0.23505717515945435
0 0.22726719081401825 0.12044456601142883 0.13786521553993225 0.24088913202285767
0 0.3379485607147217 0.12329133599996567 0.13492216169834137 0.24658267199993134
0 0.4452466070652008 0.12800434231758118 0.13128024339675903 0.25600868463516235
0 0.547917366027832 0.13159318268299103 0.12603001296520233 0.26318636536598206
0 0.7018694877624512 0.13555032014846802 0.12417715042829514 0.27110064029693604
0 0.799867570400238 0.1381194144487381 0.12524037063121796 0.2762388288974762
0 0.9032965898513794 0.14142364263534546 0.13467760384082794 0.2828472852706909
0 0.9720526933670044 0.14274302124977112 0.055894576013088226 0.28548604249954224
0 0.10493750125169754 0.3703979253768921 0.12226925790309906 0.27407306432724
0 0.20396637916564941 0.3730725944042206 0.12539400160312653 0.2791379988193512
0 0.3043754994869232 0.37532326579093933 0.12484890222549438 0.27322617173194885
0 0.4107799828052521 0.38531216979026794 0.1373828947544098 0.26505225896835327
0 0.5190947651863098 0.3963898718357086 0.1290358603000641 0.27540504932403564
0 0.6771754026412964 0.40609535574913025 0.11692925542593002 0.2737954556941986
0 0.7753996849060059 0.4102124571800232 0.12912672758102417 0.27639082074165344
0 0.8741105198860168 0.41633594036102295 0.11826398968696594 0.27386486530303955
0 0.9536885023117065 0.4189886748790741 0.09049839526414871 0.2753622531890869
0 0.07625121623277664 0.6451410055160522 0.12166128307580948 0.28188616037368774
0 0.17647956311702728 0.6493633985519409 0.12985357642173767 0.2842732071876526
0 0.2834596335887909 0.660371720790863 0.13752877712249756 0.29545924067497253
0 0.3899085819721222 0.6698671579360962 0.1287914365530014 0.2871602475643158
0 0.49365559220314026 0.6722913980484009 0.1295810490846634 0.2813178300857544
0 0.6474713087081909 0.6773201823234558 0.113378144800663 0.2785131633281708
0 0.7489436268806458 0.682596743106842 0.1400815099477768 0.27990174293518066
0 0.8531309366226196 0.6875186562538147 0.1186273843050003 0.2778060734272003
0 0.9304795265197754 0.6925313472747803 0.0864022821187973 0.27416911721229553
0 0.05559585615992546 0.861886739730835 0.10906057059764862 0.15963122248649597
0 0.15688647329807281 0.8691338896751404 0.11403723806142807 0.15596769750118256
0 0.2595118284225464 0.8764504194259644 0.1190149113535881 0.15230433642864227
0 0.37032949924468994 0.8822128772735596 0.11598101258277893 0.14822424948215485
0 0.47607970237731934 0.8847413063049316 0.12186717987060547 0.15441380441188812
0 0.6294552087783813 0.8872714638710022 0.08305604010820389 0.15141451358795166
0 0.7225524187088013 0.896073579788208 0.12772536277770996 0.1458926796913147
0 0.8292285799980164 0.9031049609184265 0.11197564750909805 0.14801597595214844
0 0.9102330803871155 0.9048424363136292 0.0763801708817482 0.15106737613677979
