0 0.9527344703674316 0.3103867173194885 0.09453103691339493 0.13408267498016357
0 0.9454663991928101 0.44770684838294983 0.1090671569108963 0.12873366475105286
0 0.7741284966468811 0.28059840202331543 0.14972886443138123 0.15397267043590546
0 0.7537475228309631 0.4215039014816284 0.1436309963464737 0.1318351775407791
0 0.5683378577232361 0.2563728094100952 0.14890344440937042 0.14776964485645294
0 0.5465572476387024 0.3955133557319641 0.14725272357463837 0.1353636234998703
0 0.36052843928337097 0.2350350171327591 0.14486902952194214 0.1411396712064743
0 0.34019315242767334 0.363320916891098 0.14528170228004456 0.14424118399620056
0 0.9347367286682129 0.5985572934150696 0.13052651286125183 0.1512981355190277
0 0.7421684861183167 0.5698923468589783 0.14890344440937042 0.14776968955993652
0 0.5285599827766418 0.5430488586425781 0.137212872505188 0.1309812068939209
0 0.32561033964157104 0.5097320079803467 0.14207270741462708 0.14381417632102966
0 0.9254515171051025 0.7365736961364746 0.14909698069095612 0.15439970791339874
0 0.9049733877182007 0.8803661465644836 0.14445635676383972 0.13803820312023163
0 0.8892916440963745 0.9739065766334534 0.13950420916080475 0.05218682810664177
0 0.7173852324485779 0.707054615020752 0.15573418140411377 0.15172511339187622
0 0.6971638798713684 0.8590292930603027 0.15490882098674774 0.1455220878124237
0 0.6887266635894775 0.9608834981918335 0.12987709045410156 0.0782330334186554
0 0.5092097520828247 0.6761999130249023 0.15821024775505066 0.17033420503139496
0 0.4976307451725006 0.824588418006897 0.15046177804470062 0.13579061627388
0 0.48034387826919556 0.9422319531440735 0.13753317296504974 0.10969763994216919
0 0.30823230743408203 0.6526137590408325 0.14528170228004456 0.1442411243915558
0 0.28883641958236694 0.798384428024292 0.14445635676383972 0.13803820312023163
2 0.28947433829307556 0.9524801969528198 0.060103319585323334 0.09503965079784393
