0 0.22363299131393433 0.181085005402565 0.0781249850988388 0.1686219871044159
0 0.22509799897670746 0.45014700293540955 0.08105501532554626 0.37243396043777466
0 0.3515619933605194 0.1972140073776245 0.08398401737213135 0.18621701002120972
0 0.4370119869709015 0.20014700293540955 0.08691400289535522 0.18035201728343964
0 0.5249019861221313 0.20234599709510803 0.08886697888374329 0.1847509890794754
0 0.6123049855232239 0.20161299407482147 0.0859379768371582 0.18621698021888733
0 0.6889650225639343 0.20161299407482147 0.0673830509185791 0.18621698021888733
0 0.3471679985523224 0.4457480013370514 0.07519501447677612 0.3079180121421814
0 0.4335939884185791 0.3929620087146759 0.08007800579071045 0.1935480237007141
0 0.4384770095348358 0.5447210073471069 0.0859379768371582 0.11290299892425537
0 0.5263670086860657 0.45014700293540955 0.09570300579071045 0.31084996461868286
0 0.6142579913139343 0.3856300115585327 0.08398401737213135 0.19061601161956787
0 0.6162109971046448 0.5432549715042114 0.08398401737213135 0.11876797676086426
0 0.6909180283546448 0.449413001537323 0.05956995487213135 0.30938398838043213
