0 0.8867189884185791 0.15519799292087555 0.22460895776748657 0.3074670135974884
0 0.65283203125 0.15446600317955017 0.24707001447677612 0.30600303411483765
0 0.4038090407848358 0.1566619873046875 0.24902302026748657 0.3103950023651123
0 0.13915997743606567 0.15519799292087555 0.27831995487213135 0.3074670135974884
0 0.8876950144767761 0.4590040147304535 0.2226560115814209 0.30307501554489136
0 0.6459959745407104 0.4568080008029938 0.24511700868606567 0.3016110062599182
0 0.40039098262786865 0.4582720100879669 0.25 0.3016110062599182
0 0.13769525289535522 0.4560759961605072 0.27539050579071045 0.2972180247306824
0 0.8862299919128418 0.6991220116615295 0.22558599710464478 0.1742309331893921
0 0.6499019861221313 0.7115669846534729 0.2451169490814209 0.20204997062683105
0 0.4013670086860657 0.7166910171508789 0.24804699420928955 0.20937001705169678
0 0.13720697164535522 0.7276719808578491 0.27441394329071045 0.23426103591918945
