0 0.1304815262556076 0.26658695936203003 0.24191932380199432 0.4176056385040283
0 0.32185348868370056 0.3250831961631775 0.24445611238479614 0.4170724153518677
0 0.5163101553916931 0.38525161147117615 0.24263890087604523 0.41651013493537903
0 0.7065834999084473 0.4448433816432953 0.2360885590314865 0.4131651818752289
0 0.8686880469322205 0.49571919441223145 0.18630024790763855 0.3990779519081116
0 0.09971791505813599 0.5177209973335266 0.19943583011627197 0.20556028187274933
0 0.28716790676116943 0.5770605206489563 0.21564637124538422 0.20778067409992218
0 0.4817005395889282 0.6401233077049255 0.21549539268016815 0.2130066305398941
0 0.675153374671936 0.7006988525390625 0.2134886234998703 0.21106752753257751
0 0.8369933366775513 0.7500573396682739 0.15188784897327423 0.19332529604434967
