0 0.6908391118049622 0.22874605655670166 0.1676318496465683 0.31147319078445435
0 0.5811645984649658 0.2620484232902527 0.14531837403774261 0.2909786105155945
0 0.4995826780796051 0.28200963139533997 0.13279253244400024 0.2681313753128052
0 0.6424481868743896 0.46600577235221863 0.1601811647415161 0.2830166220664978
0 0.5331557393074036 0.47388747334480286 0.1468491107225418 0.26670515537261963
0 0.4452100098133087 0.4863971769809723 0.13351799547672272 0.2503938376903534
0 0.5990307331085205 0.6946289539337158 0.17814520001411438 0.29138490557670593
0 0.48212528228759766 0.6899303793907166 0.15369628369808197 0.2704264521598816
0 0.3923878073692322 0.6826200485229492 0.13557156920433044 0.2396547943353653
0 0.5625403523445129 0.9037121534347534 0.17411798238754272 0.1925756335258484
0 0.4423733949661255 0.8816990256309509 0.1385532170534134 0.17990629374980927
0 0.3463117182254791 0.8608728051185608 0.12485888600349426 0.17246368527412415
