0 0.4458329975605011 0.5944439768791199 0.15463000535964966 0.05833303928375244
0 0.6027780175209045 0.5923609733581543 0.15925896167755127 0.0625
0 0.7615739703178406 0.5930560231208801 0.15648102760314941 0.07222199440002441
0 0.38749998807907104 0.7097219824790955 0.03611099720001221 0.15555596351623535
0 0.42222198843955994 0.7013890147209167 0.033333003520965576 0.1611109972000122
0 0.45833298563957214 0.6986110210418701 0.033333003520965576 0.17222201824188232
0 0.5 0.6930559873580933 0.04259300231933594 0.180556058883667
0 0.5462960004806519 0.7027779817581177 0.029629945755004883 0.14722204208374023
0 0.5819439888000488 0.7013890147209167 0.04166698455810547 0.1638890504837036
0 0.6263890266418457 0.6923609972000122 0.047222018241882324 0.17083299160003662
0 0.6768519878387451 0.6958330273628235 0.04999995231628418 0.18055593967437744
0 0.7365739941596985 0.7027779817581177 0.062036991119384766 0.1611109972000122
0 0.7958329916000366 0.6937500238418579 0.052778005599975586 0.1625000238418579
0 0.8550930023193359 0.6951389908790588 0.06574106216430664 0.1791670322418213
2 0.9819440245628357 0.7361109852790833 0.03425896167755127 0.08333301544189453
2 0.9175930023193359 0.7465280294418335 0.027778029441833496 0.05138897895812988
2 0.9041669964790344 0.7361109852790833 0.021296024322509766 0.0638890266418457
2 0.7805560231208801 0.7368059754371643 0.02592599391937256 0.0652780532836914
2 0.7467589974403381 0.7569440007209778 0.03240704536437988 0.06666696071624756
2 0.6805559992790222 0.7416669726371765 0.0333329439163208 0.0638890266418457
2 0.35277798771858215 0.7402780055999756 0.02777796983718872 0.06944394111633301
0 0.2967590093612671 0.7048609852790833 0.05092597007751465 0.15694403648376465
