0 0.06334631145000458 0.2639784812927246 0.12669262290000916 0.5279569625854492
0 0.6483328938484192 0.09243852645158768 0.44125163555145264 0.10931788384914398
0 0.2684125602245331 0.18320249021053314 0.17164339125156403 0.3664049804210663
0 0.4440367817878723 0.2579803764820099 0.14857040345668793 0.1779978722333908
0 0.5617684721946716 0.2638992965221405 0.09626738727092743 0.11562998592853546
0 0.6502525210380554 0.26640942692756653 0.08744680881500244 0.0924057587981224
0 0.7430373430252075 0.2772005796432495 0.083299420773983 0.0884944349527359
0 0.8207840323448181 0.2888631820678711 0.07674966752529144 0.073001429438591
4 0.8721600770950317 0.2636847198009491 0.0640147253870964 0.17030088603496552
5 0.48834729194641113 0.4672636389732361 0.6032070517539978 0.15025867521762848
