0 0.385049045085907 0.24097546935081482 0.190907821059227 0.2768801152706146
0 0.5087170004844666 0.4533586800098419 0.10406152158975601 0.37196609377861023
0 0.5978941321372986 0.418592631816864 0.08927828073501587 0.29322493076324463
0 0.6652186512947083 0.43116286396980286 0.0829712375998497 0.293435662984848
0 0.730341374874115 0.44629210233688354 0.08567232638597488 0.298343300819397
0 0.5749399065971375 0.6992995142936707 0.07777762413024902 0.2632474899291992
0 0.637961208820343 0.7155108451843262 0.0788823738694191 0.25617581605911255
0 0.7015822529792786 0.7288451790809631 0.08138449490070343 0.2581293284893036
0 0.312877357006073 0.48124954104423523 0.07458493113517761 0.23928791284561157
0 0.37009197473526 0.49331653118133545 0.07048063725233078 0.23701755702495575
0 0.4242017865180969 0.503272533416748 0.06797853857278824 0.23506514728069305
0 0.3394514322280884 0.7073673605918884 0.20524926483631134 0.21993841230869293
0 0.4904686212539673 0.7364943027496338 0.09241364151239395 0.2224029004573822
