0 0.821721076965332 0.2839260697364807 0.2949244976043701 0.5497162342071533
0 0.20732775330543518 0.19713541865348816 0.41465550661087036 0.148102805018425
0 0.5761967301368713 0.23153100907802582 0.24589687585830688 0.392938494682312
0 0.4338611960411072 0.3348207473754883 0.17927107214927673 0.18867890536785126
0 0.32433021068573 0.3549833297729492 0.11622441560029984 0.12254587560892105
0 0.24146206676959991 0.36823326349258423 0.1028226763010025 0.0989006906747818
0 0.15687069296836853 0.39014047384262085 0.09804875403642654 0.09467338770627975
0 0.08672968298196793 0.41107070446014404 0.08847913146018982 0.0788382813334465
4 0.039956483989953995 0.39260372519493103 0.07991296797990799 0.1733265072107315
5 0.45112159848213196 0.5457669496536255 0.6030949354171753 0.20326530933380127
