0 0.3588870167732239 0.3989750146865845 0.1083979606628418 0.3323569595813751
0 0.04638701677322388 0.38360199332237244 0.0927729606628418 0.4041000008583069
0 0.7480469942092896 0.41874098777770996 0.08789098262786865 0.24304497241973877
0 0.6474609971046448 0.4062960147857666 0.1132810115814209 0.26793599128723145
0 0.5449219942092896 0.40775999426841736 0.08789098262786865 0.2884330153465271
0 0.4575200080871582 0.47144898772239685 0.0869140625 0.17569500207901
1 0.18798798322677612 0.434114009141922 0.18456995487213135 0.30600303411483765
1 0.9023439884185791 0.4421669840812683 0.06445300579071045 0.16691097617149353
1 0.9609379768371582 0.44655901193618774 0.05664104223251343 0.16105401515960693
0 0.234375 0.43264999985694885 0.0664060115814209 0.27671998739242554
0 0.14648401737213135 0.43264999985694885 0.06835901737213135 0.27964895963668823
