0 0.867838978767395 0.09472700953483582 0.21223998069763184 0.13867199420928955
0 0.6595050096511841 0.09326200187206268 0.20442700386047363 0.14160200953483582
0 0.4524739980697632 0.09130900353193283 0.20963501930236816 0.13769499957561493
0 0.8697919845581055 0.2304689884185791 0.20052099227905273 0.12695299088954926
0 0.6640620231628418 0.22949199378490448 0.21093803644180298 0.1289059817790985
0 0.453125 0.22802700102329254 0.2109379768371582 0.12597700953483582
0 0.8756510019302368 0.36523398756980896 0.2070310115814209 0.14257800579071045
0 0.6673179864883423 0.3666990101337433 0.21223998069763184 0.13964802026748657
0 0.45963501930236816 0.3242189884185791 0.203125 0.05664098262786865
0 0.3515620231628418 0.45849600434303284 0.14322900772094727 0.20800799131393433
0 0.8697919845581055 0.5 0.20052099227905273 0.12695300579071045
0 0.6640620231628418 0.5 0.21093803644180298 0.13085901737213135
0 0.17382800579071045 0.4384770393371582 0.0976560115814209 0.3242190182209015
0 0.06119799613952637 0.4262700080871582 0.12239599227905273 0.4287109673023224
0 0.25 0.4497070014476776 0.059895992279052734 0.2548829913139343
