0 0.35116046667099 0.3487248420715332 0.11729533970355988 0.254634290933609
0 0.44826048612594604 0.3289341330528259 0.11575765907764435 0.2586512267589569
0 0.5454776287078857 0.31059741973876953 0.11752937734127045 0.257540225982666
0 0.6217998266220093 0.294569194316864 0.07443785667419434 0.25403544306755066
0 0.43622687458992004 0.7446461319923401 0.1333509236574173 0.25754085183143616
0 0.5292981266975403 0.6629295945167542 0.0873987078666687 0.12607862055301666
0 0.6056923270225525 0.7132299542427063 0.08105655014514923 0.2437785118818283
0 0.6929929256439209 0.6966884136199951 0.07621710002422333 0.2414695769548416
0 0.7452912330627441 0.685746431350708 0.06582867354154587 0.2395889163017273
0 0.7915098071098328 0.6766421794891357 0.0638229250907898 0.23779401183128357
0 0.8376699686050415 0.666811466217041 0.06594578176736832 0.24104294180870056
0 0.8811711072921753 0.6596733331680298 0.058507874608039856 0.24112820625305176
4 0.360857218503952 0.7487087249755859 0.06309594959020615 0.26343730092048645
4 0.6474313735961914 0.6960917711257935 0.057554446160793304 0.2524106800556183
4 0.3305590748786926 0.3546656370162964 0.0557827390730381 0.25352177023887634
4 0.6155993938446045 0.3008522093296051 0.06250310689210892 0.2676253318786621
