0 0.2662241458892822 0.18406835198402405 0.03834099695086479 0.18706871569156647
0 0.26727479696273804 0.34420785307884216 0.038282494992017746 0.13933254778385162
0 0.22714751958847046 0.17080368101596832 0.04256512597203255 0.15111882984638214
0 0.23220504820346832 0.35248905420303345 0.043953076004981995 0.21338705718517303
0 0.19197742640972137 0.1972115933895111 0.03623196855187416 0.18262402713298798
0 0.19300948083400726 0.37909767031669617 0.04009498283267021 0.17558488249778748
0 0.6093822121620178 0.11286129802465439 0.10302095860242844 0.22572259604930878
0 0.8260822296142578 0.10185103863477707 0.11986704170703888 0.20370207726955414
0 0.9665858149528503 0.09115051478147507 0.06682836264371872 0.18230102956295013
0 0.8299446702003479 0.3486346900463104 0.1215454638004303 0.3127412796020508
0 0.615450382232666 0.3738783001899719 0.096197709441185 0.3027931749820709
0 0.9689098000526428 0.33430400490760803 0.06218038126826286 0.3331519067287445
