0 0.9755859971046448 0.3901579976081848 0.046875 0.20035099983215332
0 0.91845703125 0.39279401302337646 0.06542998552322388 0.20562398433685303
0 0.8574219942092896 0.38927900791168213 0.0625 0.19156396389007568
0 0.7939450144767761 0.3919160068035126 0.06445300579071045 0.19683700799942017
0 0.73095703125 0.3919160068035126 0.06152302026748657 0.19683700799942017
0 0.6694340109825134 0.38927900791168213 0.06152307987213135 0.19156396389007568
0 0.60595703125 0.38927900791168213 0.06542998552322388 0.19156396389007568
0 0.5419920086860657 0.38927900791168213 0.0625 0.19156396389007568
0 0.4819340407848358 0.3910369873046875 0.057617008686065674 0.18804901838302612
0 0.3671879768371582 0.3954310119152069 0.1523439884185791 0.17574697732925415
0 0.22558599710464478 0.39982399344444275 0.12695300579071045 0.1845340132713318
0 0.09521502256393433 0.3963089883327484 0.13183605670928955 0.18101900815963745
0 0.014648258686065674 0.3963089883327484 0.029296517372131348 0.18804901838302612
