4 0.6142579913139343 0.4546230435371399 0.04101598262786865 0.21746602654457092
4 0.5898439884185791 0.5025680065155029 0.015625 0.1215749979019165
4 0.5297849774360657 0.5059930086135864 0.016602039337158203 0.1318490207195282
4 0.4658200144767761 0.5042809844017029 0.01757800579071045 0.125
4 0.4028320014476776 0.5017120242118835 0.016601979732513428 0.13356196880340576
4 0.3408200144767761 0.49743199348449707 0.011718988418579102 0.1215749979019165
4 0.27978500723838806 0.4957190155982971 0.018554985523223877 0.12157502770423889
4 0.39257800579071045 0.4520550072193146 0.03320300579071045 0.20205503702163696
0 0.6479489803314209 0.2148970067501068 0.12206995487213135 0.22088998556137085
0 0.5253909826278687 0.21318499743938446 0.1171879768371582 0.22431501746177673
0 0.4086909890174866 0.21660999953746796 0.11621099710464478 0.22089001536369324
0 0.2890619933605194 0.2183219939470291 0.12304699420928955 0.22431501746177673
0 0.16699199378490448 0.2183219939470291 0.12304699420928955 0.22774001955986023
0 0.05371100455522537 0.2217469960451126 0.10351599752902985 0.23458901047706604
0 0.05224600434303284 0.05393800139427185 0.10253900289535522 0.10445199906826019
0 0.1635739952325821 0.05565100163221359 0.12011700868606567 0.10787700116634369
0 0.28710898756980896 0.054795000702142715 0.125 0.10616400092840195
0 0.4091799855232239 0.05051400139927864 0.11914098262786865 0.09760300070047379
0 0.5297849774360657 0.05650699883699417 0.11816397309303284 0.10958899557590485
0 0.6435549855232239 0.05565100163221359 0.1132810115814209 0.10787700116634369
