0 0.08292623609304428 0.12216890603303909 0.16585247218608856 0.24433781206607819
0 0.22297050058841705 0.14433561265468597 0.2049064338207245 0.28867122530937195
0 0.38006433844566345 0.16614606976509094 0.19325734674930573 0.3322921395301819
0 0.5365450978279114 0.1884479969739914 0.20138078927993774 0.3768959939479828
0 0.6941240429878235 0.22890834510326385 0.19811168313026428 0.3830183744430542
0 0.8501197099685669 0.2708449959754944 0.19678302109241486 0.37984609603881836
0 0.9535295963287354 0.3031485676765442 0.09294084459543228 0.35794979333877563
0 0.06308184564113617 0.30139976739883423 0.12616369128227234 0.18583127856254578
0 0.19498425722122192 0.3397725224494934 0.1753184050321579 0.19032683968544006
0 0.3532279431819916 0.3838352859020233 0.17337685823440552 0.18978622555732727
0 0.5074089765548706 0.4282669723033905 0.17107798159122467 0.18634380400180817
0 0.6645931005477905 0.47278478741645813 0.172840878367424 0.1854339987039566
0 0.8202813863754272 0.5131346583366394 0.1754971295595169 0.1917782872915268
0 0.9400335550308228 0.5232210159301758 0.08779574930667877 0.12672582268714905
