0 0.9423829913139343 0.28519099950790405 0.1132810115814209 0.17448699474334717
0 0.8154299855232239 0.28005900979042053 0.1367189884185791 0.17302101850509644
0 0.6772459745407104 0.2807919979095459 0.13964802026748657 0.17155398428440094
0 0.5449219942092896 0.2807919979095459 0.125 0.17155398428440094
0 0.4204099774360657 0.28005900979042053 0.1240229606628418 0.17302101850509644
0 0.29492199420928955 0.28005900979042053 0.12695300579071045 0.17302101850509644
0 0.1679689884185791 0.28005900979042053 0.12695300579071045 0.17302101850509644
0 0.05224597454071045 0.2829909920692444 0.1044919490814209 0.17888599634170532
0 0.3632810115814209 0.04838699847459793 0.1367189884185791 0.09384199976921082
0 0.2304689884185791 0.04912000149488449 0.12695300579071045 0.09530799090862274
0 0.1137700080871582 0.05132000148296356 0.10644495487213135 0.09970700740814209
0 0.02929699420928955 0.04838699847459793 0.0585939884185791 0.09384199976921082
