0 0.8465582728385925 0.4763230085372925 0.059367477893829346 0.1980898529291153
0 0.8031530380249023 0.4895683228969574 0.0646820142865181 0.20307563245296478
0 0.7456071376800537 0.5106919407844543 0.08366002142429352 0.19877469539642334
0 0.6786720156669617 0.5302274227142334 0.08349683880805969 0.19704338908195496
0 0.6128167510032654 0.5503234267234802 0.08150134235620499 0.19643445312976837
0 0.5479587316513062 0.5701151490211487 0.08150134235620499 0.19643445312976837
0 0.48559579253196716 0.5891454219818115 0.07651211321353912 0.19491197168827057
0 0.4234866499900818 0.6054250597953796 0.08001353591680527 0.19093383848667145
0 0.36070671677589417 0.6254737377166748 0.07785491645336151 0.18859364092350006
0 0.2960934042930603 0.6478628516197205 0.08433087915182114 0.19561535120010376
0 0.22741767764091492 0.6652563214302063 0.08598186075687408 0.20284727215766907
0 0.155076265335083 0.6873316168785095 0.09296652674674988 0.20497867465019226
0 0.0780005156993866 0.7081794738769531 0.09545159339904785 0.21078360080718994
0 0.02627716027200222 0.7257451415061951 0.044217951595783234 0.20187751948833466
