0 0.5854622721672058 0.3356183171272278 0.07711490988731384 0.1281113475561142
0 0.514787495136261 0.3085483908653259 0.08354153484106064 0.1428946703672409
0 0.563493549823761 0.45636990666389465 0.0739036574959755 0.13304273784160614
0 0.49388810992240906 0.43669092655181885 0.08032631874084473 0.12318091094493866
0 0.5420597195625305 0.5738350749015808 0.06961958855390549 0.13140182197093964
0 0.4735259711742401 0.5475851893424988 0.0781867504119873 0.13468323647975922
0 0.5270509123802185 0.6937612891197205 0.07604322582483292 0.12154045701026917
0 0.45798230171203613 0.6707977056503296 0.07711490988731384 0.1281113475561142
0 0.5066872835159302 0.818618893623352 0.07818674296140671 0.13468320667743683
0 0.43654847145080566 0.7882629632949829 0.08139800280332565 0.12975186109542847
5 0.612150251865387 0.944620668888092 0.18205450475215912 0.11075863242149353
5 0.434928297996521 0.8958621621131897 0.1702762246131897 0.1576337218284607
