0 0.0881640836596489 0.23003487288951874 0.1763281673192978 0.337324321269989
0 0.2533538043498993 0.22167038917541504 0.19715183973312378 0.34645751118659973
0 0.42469677329063416 0.2122800201177597 0.18900300562381744 0.34266072511672974
0 0.5951517820358276 0.20129865407943726 0.19218949973583221 0.34286603331565857
0 0.7661743760108948 0.18616066873073578 0.18695054948329926 0.33434754610061646
0 0.9207345247268677 0.17435863614082336 0.15853095054626465 0.336195170879364
0 0.10360650718212128 0.5600719451904297 0.1827227920293808 0.34389156103134155
0 0.2718558609485626 0.5525291562080383 0.19032076001167297 0.33783748745918274
0 0.44085535407066345 0.5441133379936218 0.1842242330312729 0.34235289692878723
0 0.6104224324226379 0.5315409302711487 0.192373126745224 0.3461496829986572
0 0.784017026424408 0.5195336937904358 0.19228127598762512 0.3445073664188385
0 0.9308048486709595 0.5091164112091064 0.13839025795459747 0.3429686427116394
0 0.12080638110637665 0.8600053787231445 0.17684221267700195 0.27998921275138855
0 0.288167804479599 0.8560028076171875 0.19258803129196167 0.2879943549633026
0 0.46017012000083923 0.8505632281303406 0.18612422049045563 0.2988736033439636
0 0.6299198269844055 0.8467145562171936 0.18753384053707123 0.3065708577632904
0 0.7996246814727783 0.8412749767303467 0.18603236973285675 0.31745004653930664
0 0.9378271698951721 0.8319697976112366 0.12434560805559158 0.3152596950531006
