0 0.23226676881313324 0.21324387192726135 0.10740391165018082 0.10587707906961441
0 0.31281834840774536 0.19679783284664154 0.0767044723033905 0.10054395347833633
0 0.3251346945762634 0.3165968656539917 0.08421999216079712 0.18382786214351654
0 0.33711308240890503 0.4243142306804657 0.06590821593999863 0.060636043548583984
0 0.1352701187133789 0.6729666590690613 0.07728870213031769 0.18674996495246887
0 0.19668379426002502 0.6612950563430786 0.07940544188022614 0.1942559778690338
0 0.26513707637786865 0.6442175507545471 0.07498880475759506 0.19315412640571594
0 0.32696542143821716 0.6287928223609924 0.07204477488994598 0.19241966307163239
0 0.39784061908721924 0.6135439276695251 0.07498880475759506 0.19315412640571594
0 0.45934686064720154 0.5945498943328857 0.07814765721559525 0.19626891613006592
0 0.5287505984306335 0.5796680450439453 0.07814762741327286 0.19626890122890472
0 0.5903642773628235 0.5618640780448914 0.07477410137653351 0.19077490270137787
0 0.6605037450790405 0.5467987060546875 0.08256428688764572 0.1973707526922226
0 0.721274197101593 0.5279881954193115 0.08130647987127304 0.19938260316848755
0 0.7831025719642639 0.5125634670257568 0.07247427105903625 0.1971791684627533
0 0.8373556137084961 0.4965957701206207 0.0691007450222969 0.19168522953987122
4 0.8978955745697021 0.4668937623500824 0.04438205435872078 0.23668994009494781
4 0.6457257866859436 0.7499997019767761 0.03790976107120514 0.14901500940322876
4 0.7517328262329102 0.732068657875061 0.047570277005434036 0.14444702863693237
3 0.1528225988149643 0.3753993809223175 0.299423485994339 0.2724049389362335
