0 0.9327179193496704 0.25987154245376587 0.06310242414474487 0.20244431495666504
0 0.8744285106658936 0.2774322032928467 0.08249661326408386 0.2123384326696396
0 0.8116761445999146 0.2901866137981415 0.07843639701604843 0.19822628796100616
0 0.7468878030776978 0.3094215989112854 0.08083360642194748 0.203744038939476
0 0.6824011206626892 0.3260257840156555 0.07783390581607819 0.2029716670513153
0 0.6192153692245483 0.3397418260574341 0.07743623107671738 0.1979687660932541
0 0.5542280673980713 0.356474906206131 0.08143609017133713 0.19899865984916687
0 0.4887411892414093 0.3733366131782532 0.07843639701604843 0.19822628796100616
0 0.4273868799209595 0.39083632826805115 0.07317209988832474 0.19360420107841492
0 0.3102421164512634 0.425253301858902 0.16922497749328613 0.20690318942070007
0 0.16560237109661102 0.4667487144470215 0.14389266073703766 0.20854681730270386
0 0.053088873624801636 0.4977806508541107 0.10617774724960327 0.20649908483028412
