0 0.93976229429245 0.2360163778066635 0.12047544121742249 0.3339290916919708
0 0.8050191402435303 0.23164460062980652 0.17978158593177795 0.34273451566696167
0 0.6445400714874268 0.2263212949037552 0.17219629883766174 0.3391217589378357
0 0.4848687946796417 0.21938557922840118 0.17518119513988495 0.33925142884254456
0 0.3246057629585266 0.20830591022968292 0.17039373517036438 0.3308338522911072
0 0.16496548056602478 0.20054827630519867 0.17344066500663757 0.33260834217071533
0 0.9334688186645508 0.5665576457977295 0.13306237757205963 0.34050634503364563
0 0.7925251722335815 0.5630087852478027 0.17350268363952637 0.334253191947937
0 0.6342533230781555 0.5586045980453491 0.16771985590457916 0.33892735838890076
0 0.4753897786140442 0.5500564575195312 0.17530520260334015 0.34254011511802673
0 0.312765508890152 0.5421692132949829 0.17524318397045135 0.34089526534080505
0 0.14933253824710846 0.5358933806419373 0.17667268216609955 0.3393162488937378
0 0.9290708303451538 0.864310085773468 0.1418583244085312 0.27137985825538635
0 0.7819267511367798 0.8623895645141602 0.17586660385131836 0.2752209007740021
0 0.6207939982414246 0.8589538335800171 0.16983576118946075 0.28209227323532104
0 0.46180737018585205 0.8571305871009827 0.17120420932769775 0.28573888540267944
0 0.30285078287124634 0.8536949157714844 0.16977371275424957 0.29261019825935364
0 0.1401326060295105 0.85170978307724 0.17860348522663116 0.2965804934501648
