0 0.7978074550628662 0.34078821539878845 0.15664663910865784 0.14601737260818481
0 0.6631868481636047 0.2857922911643982 0.1453222930431366 0.14405128359794617
0 0.5708227157592773 0.2446807473897934 0.07213373482227325 0.10733407735824585
0 0.7439133524894714 0.425929456949234 0.09136898815631866 0.13020551204681396
0 0.6515225768089294 0.38772761821746826 0.12999227643013 0.1481027603149414
0 0.7286983132362366 0.5176928043365479 0.09211361408233643 0.11527974158525467
0 0.6341294050216675 0.48081523180007935 0.1268637329339981 0.13036751747131348
0 0.7134435176849365 0.6014113426208496 0.09192705154418945 0.11901121586561203
0 0.6185421347618103 0.5636707544326782 0.12819865345954895 0.12836183607578278
0 0.6958104372024536 0.6958642601966858 0.09094182401895523 0.13257300853729248
0 0.6035125851631165 0.6598888039588928 0.12841668725013733 0.14874441921710968
0 0.6776687502861023 0.7959533929824829 0.09053803235292435 0.11592146754264832
0 0.5839147567749023 0.7572094202041626 0.12862589955329895 0.12599439918994904
0 0.6611841320991516 0.8894023299217224 0.09462916851043701 0.13911345601081848
0 0.5662818551063538 0.8516613245010376 0.1336796134710312 0.15464313328266144
0 0.6434575319290161 0.9631267786026001 0.08709147572517395 0.07374642044305801
0 0.548916220664978 0.939872682094574 0.1240849569439888 0.12025465816259384
0 0.5299973487854004 0.2970614731311798 0.09269504994153976 0.0850663110613823
0 0.44429731369018555 0.26225024461746216 0.09747681021690369 0.08823706954717636
0 0.3577824831008911 0.2293044477701187 0.09432463347911835 0.08952005952596664
0 0.27435243129730225 0.19539593160152435 0.09456539899110794 0.09088493883609772
0 0.1922847032546997 0.1620292067527771 0.089784637093544 0.08771458268165588
0 0.5207986235618591 0.354719340801239 0.0945112481713295 0.08578858524560928
0 0.43473750352859497 0.32195496559143066 0.09493762999773026 0.08342158794403076
0 0.34961172938346863 0.28664129972457886 0.0944562554359436 0.08069276809692383
0 0.2625492513179779 0.2512882351875305 0.09058324992656708 0.0778842344880104
0 0.18205712735652924 0.2200077325105667 0.0900254100561142 0.08907946944236755
0 0.5115060806274414 0.4101504385471344 0.09288088977336884 0.0813354030251503
0 0.425565242767334 0.37670406699180603 0.09584622830152512 0.08378291875123978
0 0.34010595083236694 0.3405279517173767 0.0946970283985138 0.0820576474070549
0 0.25349730253219604 0.30535534024238586 0.09317641705274582 0.08779513090848923
0 0.1704007387161255 0.2723093032836914 0.08815405517816544 0.0832604393362999
0 0.49558427929878235 0.49214401841163635 0.1036560907959938 0.13762928545475006
0 0.4097363352775574 0.46092408895492554 0.1036560907959938 0.13762931525707245
0 0.32164591550827026 0.42589205503463745 0.10002370178699493 0.13618476688861847
0 0.2375480830669403 0.3902573585510254 0.10208050161600113 0.1382710039615631
0 0.15502655506134033 0.35671013593673706 0.09783438593149185 0.1429254710674286
0 0.4750634431838989 0.6029672622680664 0.10208055377006531 0.1382710039615631
0 0.3887883126735687 0.5686571002006531 0.09978310018777847 0.1348208338022232
0 0.4528297185897827 0.726248025894165 0.10622567683458328 0.1665584146976471
0 0.30151283740997314 0.531758725643158 0.10237525403499603 0.1447312831878662
0 0.2180287092924118 0.5036683082580566 0.11084423959255219 0.1544414907693863
0 0.1355336755514145 0.4672123193740845 0.10291146486997604 0.15255507826805115
0 0.3671022355556488 0.6943451762199402 0.11554821580648422 0.17153412103652954
0 0.2801600694656372 0.6583101153373718 0.10694761574268341 0.17065125703811646
0 0.1954614520072937 0.6260865926742554 0.11009862273931503 0.16936691105365753
0 0.11167047917842865 0.5942240357398987 0.1005365252494812 0.16302762925624847
0 0.42782947421073914 0.8652175068855286 0.10809680074453354 0.17237646877765656
0 0.34112808108329773 0.8278176188468933 0.11402677744626999 0.17727215588092804
0 0.2549741566181183 0.7928258180618286 0.10967238992452621 0.1717347502708435
0 0.1691262125968933 0.7616059184074402 0.11148858070373535 0.1724570095539093
0 0.08576257526874542 0.7328325510025024 0.10059051960706711 0.1681230366230011
0 0.9125202894210815 0.660142719745636 0.07889550179243088 0.12651418149471283
0 0.8396540880203247 0.6297044157981873 0.10485928505659103 0.14445002377033234
0 0.7763242125511169 0.6030596494674683 0.059342727065086365 0.11620093882083893
0 0.8921190500259399 0.7702826261520386 0.07804189622402191 0.13124868273735046
0 0.8208290934562683 0.7419318556785583 0.10256188362836838 0.14099985361099243
0 0.8708876967430115 0.8961514830589294 0.08381742984056473 0.16398929059505463
0 0.7765869498252869 0.8550006151199341 0.1493907868862152 0.1862618625164032
0 0.8477850556373596 0.9764730930328369 0.08274585008621216 0.04705379158258438
0 0.7491027116775513 0.9491051435470581 0.15029843151569366 0.10178976505994797
0 0.9451164603233337 0.4643366038799286 0.06793452054262161 0.07395122945308685
0 0.8528186678886414 0.428361177444458 0.13858400285243988 0.10585299134254456
0 0.9341943264007568 0.5234995484352112 0.06363412737846375 0.07350929081439972
0 0.8654150366783142 0.494687557220459 0.09087885171175003 0.0843440443277359
0 0.9226317405700684 0.5780279040336609 0.07113968580961227 0.07776325196027756
0 0.8541206121444702 0.5449426174163818 0.0910646915435791 0.0806131362915039
0 0.7975177764892578 0.46914568543434143 0.051346249878406525 0.0660860538482666
0 0.7920982241630554 0.5246573686599731 0.05757182091474533 0.07744154334068298
