0 0.4309574365615845 0.40400663018226624 0.12712842226028442 0.09888415783643723
0 0.5536577105522156 0.3911067247390747 0.14056268334388733 0.1179293841123581
0 0.6944835782051086 0.36633914709091187 0.16236548125743866 0.11925992369651794
0 0.41632676124572754 0.4902247190475464 0.13308610022068024 0.10289238393306732
0 0.5482173562049866 0.47047269344329834 0.139042928814888 0.1069016382098198
0 0.6922138929367065 0.4625789225101471 0.1504509299993515 0.11124250292778015
0 0.4068949222564697 0.5786144137382507 0.12864814698696136 0.10991194099187851
0 0.5352995991706848 0.5642093420028687 0.13954944908618927 0.11057720333337784
0 0.6763176321983337 0.5579881072044373 0.1548888236284256 0.10422294586896896
0 0.3979685604572296 0.6633284687995911 0.13105988502502441 0.08818908035755157
0 0.5221285820007324 0.6597838401794434 0.13954944908618927 0.11057716608047485
0 0.6606747508049011 0.651558518409729 0.17276032269001007 0.11624965071678162
0 0.38086605072021484 0.7475424408912659 0.13105985522270203 0.08818907290697098
0 0.5104771852493286 0.7443315386772156 0.1365099996328354 0.08852167427539825
0 0.6532071828842163 0.7456278204917908 0.15932603180408478 0.09720436483621597
