2 0.4559660232106437 0.5591589777546202 0.08458734407631557 0.17926559158062721
2 0.09159642953768243 0.5090452634748014 0.03853291442909269 0.09553542318711622
0 0.28660523888417333 0.10243687710248686 0.23885673047130104 0.20487375420497372
0 0.2804342253049088 0.3841678861583002 0.24283042942260508 0.417659857643544
0 0.45938939501848786 0.10703556124833072 0.11597857099650244 0.21407112249666144
0 0.4497022414180323 0.4003407723526441 0.11656991034637176 0.3911777101317666
0 0.5721292798876207 0.11249425967922212 0.1228684647618623 0.22498851935844424
0 0.6422920252743415 0.41293557641176726 0.05763452479875375 0.3432685657567247
0 0.697372379822004 0.12197480993508393 0.05440630948774594 0.24394961987016786
0 0.6450050760601285 0.12533054380348083 0.04489224156686844 0.25066108760696165
0 0.765575399896369 0.1268262433433865 0.092278880784329 0.253652486686773
0 0.7612835178188071 0.4232153223627574 0.09439799533960891 0.3432892176358624
0 0.6916290278057815 0.41727142507472975 0.055613962178443055 0.3386391509279504
0 0.8503310972542064 0.4284510559141107 0.09417331988453637 0.331160504096862
0 0.8564600207257766 0.135590079738086 0.09640426260287815 0.271180159476172
0 0.9377483444074188 0.13933991276086197 0.07518728508130268 0.27867982552172393
0 0.9287145320818948 0.4340009644219303 0.08036547146869022 0.31694883291436937
