1 0.3670048713684082 0.4432395398616791 0.06874245405197144 0.1469009667634964
0 0.32765811681747437 0.42993977665901184 0.04866671934723854 0.13842274248600006
0 0.41018155217170715 0.45127472281455994 0.046239223331213 0.1230819821357727
0 0.2503701150417328 0.3250177204608917 0.07157818228006363 0.14791253209114075
0 0.3027639389038086 0.3473919630050659 0.07425729185342789 0.14228828251361847
0 0.38601353764533997 0.3483600318431854 0.11386886984109879 0.10509984940290451
0 0.4586865305900574 0.4066982567310333 0.07031723111867905 0.13430359959602356
0 0.5095999240875244 0.42265015840530396 0.0681426152586937 0.13747566938400269
0 0.5621843338012695 0.4406721591949463 0.07454010844230652 0.13844133913516998
0 0.613995373249054 0.4635750353336334 0.06892992556095123 0.13117648661136627
0 0.6657441854476929 0.4805624485015869 0.07176654785871506 0.13218840956687927
0 0.7181852459907532 0.49632275104522705 0.0688677504658699 0.13641782104969025
0 0.7693825364112854 0.5167960524559021 0.07236644625663757 0.14161375164985657
0 0.813740611076355 0.536303699016571 0.055189844220876694 0.12890715897083282
0 0.8825870752334595 0.5336067080497742 0.10280686616897583 0.09720589220523834
0 0.8471771478652954 0.5806450247764587 0.04409252107143402 0.06441708654165268
1 0.8889493942260742 0.6228032112121582 0.06921393424272537 0.12733089923858643
0 0.3154606223106384 0.1332521140575409 0.09245073795318604 0.2665042281150818
0 0.38651278614997864 0.14866620302200317 0.09973093867301941 0.29733240604400635
0 0.46008554100990295 0.16114948689937592 0.10007712244987488 0.3054591119289398
0 0.5316101312637329 0.1888742297887802 0.11019311845302582 0.3130147159099579
0 0.5995728373527527 0.21385525166988373 0.10852310061454773 0.3137355446815491
0 0.672563910484314 0.23547333478927612 0.10625406354665756 0.3050304353237152
0 0.7435197234153748 0.2762557566165924 0.10427004098892212 0.33195656538009644
0 0.8154546022415161 0.2982335686683655 0.10411142557859421 0.32531997561454773
