0 0.8686519861221313 0.3023430109024048 0.2607420086860657 0.3704249858856201
0 0.5874019861221313 0.3001460134983063 0.3037109375 0.3660320043563843
0 0.2822269797325134 0.3023430109024048 0.30273401737213135 0.3733530044555664
0 0.8691409826278687 0.057833001017570496 0.2597660422325134 0.1127379983663559
0 0.5869140028953552 0.059296995401382446 0.3046879768371582 0.11566600203514099
0 0.2836909890174866 0.06002900004386902 0.30175793170928955 0.11712999641895294
0 0.8686519861221313 0.6720349788665771 0.2607420086860657 0.37188899517059326
0 0.5859379768371582 0.6734989881515503 0.3007810115814209 0.37481701374053955
0 0.2827150225639343 0.6727669835090637 0.30566394329071045 0.3762810230255127
0 0.06494125723838806 0.6713029742240906 0.12988251447677612 0.3733530044555664
0 0.8701169490814209 0.9282577633857727 0.257811963558197 0.1434844732284546
0 0.5869140028953552 0.9275257587432861 0.3085939884185791 0.14494848251342773
0 0.2822269797325134 0.9304540157318115 0.30664098262786865 0.13909196853637695
0 0.0664060115814209 0.9304540157318115 0.1328120231628418 0.13909196853637695
