0 0.45212799310684204 0.2216310054063797 0.16666698455810547 0.13829800486564636
0 0.6710990071296692 0.23167799413204193 0.2606379985809326 0.07565000653266907
0 0.4539009928703308 0.36702099442481995 0.17730498313903809 0.14538997411727905
0 0.625 0.3865250051021576 0.16843998432159424 0.09219902753829956
0 0.656915009021759 0.410165011882782 0.2322700023651123 0.052008986473083496
0 0.45124101638793945 0.5177299976348877 0.1648939847946167 0.14893603324890137
0 0.6453900337219238 0.5277780294418335 0.12765997648239136 0.1075650155544281
0 0.6515960097312927 0.5620570182800293 0.23581600189208984 0.0508270263671875
0 0.4494680166244507 0.6719859838485718 0.16843998432159424 0.1524820327758789
0 0.6489360332489014 0.7121750116348267 0.23049598932266235 0.0508270263671875
0 0.6453900337219238 0.6725770235061646 0.1312059760093689 0.11347496509552002
0 0.3812059760093689 0.8770689964294434 0.0851060152053833 0.13238799571990967
0 0.29964500665664673 0.8758869767189026 0.09219896793365479 0.13238799571990967
0 0.21276599168777466 0.8776599764823914 0.07446801662445068 0.13356995582580566
0 0.19592201709747314 0.16253000497817993 0.05141794681549072 0.043734997510910034
0 0.1985819935798645 0.30792000889778137 0.05319094657897949 0.04846298694610596
0 0.193261981010437 0.4432620108127594 0.04964494705200195 0.04491698741912842
0 0.18971598148345947 0.5791959762573242 0.05673801898956299 0.05673801898956299
