0 0.7211880087852478 0.8600000143051147 0.1374109983444214 0.1413329839706421
0 0.5886520147323608 0.8619999885559082 0.12766003608703613 0.13733303546905518
0 0.46276599168777466 0.8659999966621399 0.12411296367645264 0.14533305168151855
0 0.3630319833755493 0.8679999709129333 0.07535505294799805 0.1413329839706421
0 0.7109929919242859 0.7319999933242798 0.13120603561401367 0.12266695499420166
0 0.5855500102043152 0.734000027179718 0.11968100070953369 0.12666702270507812
0 0.4658690094947815 0.7386670112609863 0.11613500118255615 0.12000000476837158
0 0.37101101875305176 0.7406669855117798 0.08599305152893066 0.11599993705749512
0 0.7016839981079102 0.619333028793335 0.11790800094604492 0.10533297061920166
0 0.5833330154418945 0.6213330030441284 0.1187940239906311 0.10933303833007812
0 0.4698580205440521 0.6253330111503601 0.10815602540969849 0.10133302211761475
0 0.37810301780700684 0.6299999952316284 0.07535505294799805 0.11066699028015137
0 0.693261981010437 0.515999972820282 0.1187940239906311 0.09866702556610107
0 0.5806739926338196 0.515999972820282 0.10638296604156494 0.09866702556610107
0 0.4769499897956848 0.5220000147819519 0.10106396675109863 0.08666697144508362
0 0.38962799310684204 0.5306670069694519 0.07358205318450928 0.10399997234344482
0 0.6888300180435181 0.41999998688697815 0.11170202493667603 0.0906670093536377
0 0.5820040106773376 0.422666996717453 0.10372292995452881 0.09866702556610107
0 0.47961002588272095 0.4306670129299164 0.10106396675109863 0.08266699314117432
0 0.3962770104408264 0.4353330135345459 0.06560301780700684 0.09200000762939453
0 0.6839540004730225 0.335999995470047 0.10372304916381836 0.08266699314117432
0 0.5806739926338196 0.3393329977989197 0.1028369665145874 0.08933299779891968
0 0.4831560254096985 0.3499999940395355 0.09397196769714355 0.086667001247406
0 0.4020389914512634 0.3580000102519989 0.06648898124694824 0.086667001247406
0 0.6755319833755493 0.2553330063819885 0.0957450270652771 0.07599999010562897
0 0.577127993106842 0.2593330144882202 0.10106396675109863 0.08399999141693115
0 0.4831560254096985 0.2726669907569885 0.0975179672241211 0.08933299779891968
0 0.4082450270652771 0.28200000524520874 0.061169981956481934 0.0813329815864563
0 0.6710990071296692 0.18666699528694153 0.09219896793365479 0.07466700673103333
0 0.5775710344314575 0.18799999356269836 0.09485799074172974 0.077333003282547
0 0.48581600189208984 0.20133300125598907 0.09397196769714355 0.08266699314117432
0 0.4148939847946167 0.2106669843196869 0.05851101875305176 0.08799998462200165
0 0.6640070080757141 0.11266700178384781 0.08687901496887207 0.07599999010562897
0 0.5726950168609619 0.12266699969768524 0.08687901496887207 0.08266699314117432
0 0.4875890016555786 0.13600000739097595 0.0851060152053833 0.077333003282547
0 0.4215430021286011 0.1379999965429306 0.054077982902526855 0.08133300393819809
0 0.4268620014190674 0.0860000029206276 0.04521298408508301 0.06533299386501312
0 0.49157798290252686 0.07933299988508224 0.08599305152893066 0.08133299648761749
0 0.577127993106842 0.06533300131559372 0.08687901496887207 0.06399999558925629
0 0.6595739722251892 0.053999997675418854 0.07446801662445068 0.06266699731349945
0 0.7229610085487366 0.9666667580604553 0.14095699787139893 0.06666648387908936
0 0.5908690094947815 0.9613329768180847 0.13386499881744385 0.0559999942779541
0 0.4587770104408264 0.9660000205039978 0.12854599952697754 0.0679999589920044
0 0.36125898361206055 0.9653329849243164 0.07358205318450928 0.06400001049041748
