0 0.4211331307888031 0.48545706272125244 0.16816692054271698 0.2584207355976105
0 0.6064271926879883 0.42407721281051636 0.17670252919197083 0.24370908737182617
0 0.6980794668197632 0.3944452702999115 0.07575136423110962 0.21302735805511475
0 0.7759853601455688 0.3626211881637573 0.1345326155424118 0.2338428944349289
0 0.5104166865348816 0.4524286985397339 0.07569381594657898 0.21807390451431274
0 0.35008299350738525 0.7463968992233276 0.05673706531524658 0.18096032738685608
0 0.4229663610458374 0.7572949528694153 0.08441747725009918 0.2642301321029663
0 0.5102325677871704 0.7292162179946899 0.1663617640733719 0.30084845423698425
0 0.6377080678939819 0.679839551448822 0.16595178842544556 0.2981697916984558
0 0.7262166738510132 0.6477913856506348 0.08544248342514038 0.27092719078063965
0 0.7937924861907959 0.5786817669868469 0.05793452262878418 0.17251774668693542
