0 0.7065597772598267 0.4573487341403961 0.11623788625001907 0.13603100180625916
0 0.7211618423461914 0.583098292350769 0.1081007644534111 0.12767067551612854
0 0.7388383746147156 0.7090920209884644 0.10471341758966446 0.13489307463169098
0 0.6104146242141724 0.6921486258506775 0.14676159620285034 0.19949783384799957
0 0.5863489508628845 0.5013934373855591 0.12603144347667694 0.1346527487039566
0 0.4762207865715027 0.32891032099723816 0.08310263603925705 0.16767644882202148
0 0.4103332459926605 0.3067229390144348 0.08343499153852463 0.18204042315483093
0 0.33432096242904663 0.27642178535461426 0.09554851055145264 0.19965213537216187
0 0.24089354276657104 0.25310268998146057 0.11355270445346832 0.21888872981071472
0 0.13949507474899292 0.23307056725025177 0.1430068016052246 0.2270084023475647
0 0.49010390043258667 0.43631911277770996 0.07610622048377991 0.14535728096961975
0 0.4197809398174286 0.43389448523521423 0.08752109855413437 0.16889448463916779
0 0.3416329324245453 0.41726815700531006 0.09867708384990692 0.19032035768032074
0 0.24967868626117706 0.39354291558265686 0.11476705968379974 0.21718443930149078
0 0.14030821621418 0.3767990469932556 0.13571763038635254 0.2372322976589203
