0 0.6984663551075991 0.21657690346876046 0.1782220543502835 0.31588756535770335
0 0.582442891663442 0.24720190020947644 0.1545942983912756 0.294769716265396
0 0.4961584218376519 0.26512798409171534 0.1412790802744836 0.27159192795558035
0 0.6463415834864688 0.4546713549635761 0.17023424982138324 0.2872596946649938
0 0.5308283475380349 0.45965583433646906 0.15609836604717847 0.2705827025335461
0 0.43785103035838135 0.46989003993188716 0.14196353888355445 0.25390595653878073
0 0.5995081675978571 0.6841861605688235 0.18921932950667075 0.29614356855839363
0 0.47600359841660933 0.6762696103076843 0.16333715552135725 0.27449962993749133
0 0.38121610980522425 0.6664555774257006 0.14408062424915963 0.24324573854265596
0 0.5600487386715888 0.8977749924575374 0.18458105165959998 0.2044500150849251
0 0.4331976580049733 0.8686956070691921 0.1469536207733887 0.1836868390708397
0 0.3317845266804721 0.8450714903741965 0.1324760418250313 0.17585298426294937
