0 0.2606379985809326 0.23076899349689484 0.26950401067733765 0.05917200446128845
0 0.2615250051021576 0.3786979913711548 0.2783690094947815 0.05621302127838135
0 0.250887006521225 0.5258880257606506 0.2783690094947815 0.06065097451210022
0 0.25 0.6826919913291931 0.2907800078392029 0.06065094470977783
0 0.25 0.6627219915390015 0.170212984085083 0.08875703811645508
5 0.8705670237541199 0.8868340253829956 0.25886499881744385 0.09615397453308105
0 0.7171990275382996 0.36168599128723145 0.08687901496887207 0.1346150040626526
0 0.7216309905052185 0.48076900839805603 0.0851060152053833 0.1301780343055725
0 0.7269499897956848 0.5954139828681946 0.09929096698760986 0.13461506366729736
0 0.725176990032196 0.6960060000419617 0.09219896793365479 0.11094701290130615
0 0.5966309905052185 0.6886090040206909 0.08687901496887207 0.08136105537414551
0 0.5115249752998352 0.6841719746589661 0.030141979455947876 0.08136105537414551
0 0.5939720273017883 0.5606510043144226 0.08156001567840576 0.07396399974822998
0 0.5921990275382996 0.4452660083770752 0.08156001567840576 0.06804698705673218
0 0.5939720273017883 0.32470399141311646 0.07092201709747314 0.06656801700592041
