0 0.8295577764511108 0.12756222486495972 0.21919536590576172 0.09023353457450867
0 0.7802908420562744 0.2781079337000847 0.2412736415863037 0.12678875029087067
0 0.726154625415802 0.44353242218494415 0.30026328563690186 0.13703593611717224
0 0.668972373008728 0.6140148043632507 0.31411170959472656 0.1407175064086914
0 0.6102531552314758 0.7934436798095703 0.3093743324279785 0.14169490337371826
0 0.556481122970581 0.9488239884376526 0.31296586990356445 0.10235202312469482
0 0.5535917282104492 0.09109173901379108 0.22945308685302734 0.09839394316077232
0 0.4984421133995056 0.24261486530303955 0.23445403575897217 0.12913155555725098
0 0.4383443593978882 0.40075424313545227 0.17489230632781982 0.11713379621505737
0 0.30538296699523926 0.5647997707128525 0.31562137603759766 0.13760235905647278
0 0.24931836128234863 0.7446147203445435 0.3226507902145386 0.14362597465515137
0 0.19687402248382568 0.9176203012466431 0.31182003021240234 0.13371491432189941
0 0.23295485973358154 0.05173468962311745 0.24179279804229736 0.1034693792462349
0 0.2049884796142578 0.13208109512925148 0.23554480075836182 0.10928308218717575
0 0.18347907066345215 0.21055835485458374 0.24293828010559082 0.10869109630584717
0 0.1559036374092102 0.286320298910141 0.22643375396728516 0.10462415218353271
0 0.11703014373779297 0.36685696244239807 0.21201157569885254 0.09919178485870361
0 0.09654611349105835 0.4434933066368103 0.1930922269821167 0.10192078351974487
0 0.08849889039993286 0.522652804851532 0.17699778079986572 0.1139686107635498
0 0.07446354627609253 0.6040520668029785 0.14892709255218506 0.10521531105041504
0 0.05701780319213867 0.6848729252815247 0.11403560638427734 0.10230684280395508
0 0.046601712703704834 0.7570306658744812 0.09320342540740967 0.10230684280395508
0 0.03561282157897949 0.836679220199585 0.07122564315795898 0.1118316650390625
0 0.019781291484832764 0.9133155941963196 0.03956258296966553 0.10405659675598145
