0 0.2940763235092163 0.12334571033716202 0.04256949946284294 0.11254127323627472
0 0.2507184147834778 0.12695693969726562 0.048059239983558655 0.11664261668920517
0 0.29113689064979553 0.2296399623155594 0.052027616649866104 0.1109577864408493
0 0.24579483270645142 0.2362501323223114 0.05070515349507332 0.11285337060689926
0 0.2860816717147827 0.33114561438560486 0.05480624735355377 0.1149560734629631
0 0.24077172577381134 0.33970245718955994 0.050638847053050995 0.1089591458439827
0 0.2810917794704437 0.4365455210208893 0.05473994091153145 0.11106183379888535
0 0.23369914293289185 0.44225943088531494 0.04660416394472122 0.1107497289776802
0 0.8827381730079651 0.15044467151165009 0.08841009438037872 0.17850954830646515
0 0.8097308278083801 0.1659087836742401 0.082820825278759 0.16856636106967926
0 0.7339118123054504 0.17563699185848236 0.08007539808750153 0.16651470959186554
0 0.6629549860954285 0.19199733436107635 0.07600757479667664 0.16635864973068237
0 0.5932387709617615 0.20149047672748566 0.08010856062173843 0.16846230626106262
0 0.5303845405578613 0.21559111773967743 0.07862032204866409 0.16062180697917938
0 0.8821333646774292 0.31412437558174133 0.08427590131759644 0.17445923388004303
0 0.8050239682197571 0.32779791951179504 0.0841764509677887 0.1686183661222458
0 0.7297672629356384 0.33068493008613586 0.08288713544607162 0.17246060073375702
0 0.6608287692070007 0.34599390625953674 0.07736319303512573 0.1664106547832489
0 0.590416669845581 0.35453978180885315 0.08285391330718994 0.17051298916339874
0 0.5227178335189819 0.36298155784606934 0.07458565384149551 0.16241338849067688
0 0.8801884651184082 0.47883036732673645 0.09102290868759155 0.17277270555496216
0 0.8035750985145569 0.4817694425582886 0.08682240545749664 0.16482818126678467
0 0.7284840941429138 0.4943915903568268 0.08282088488340378 0.16856636106967926
0 0.6546502709388733 0.5011208653450012 0.07875293493270874 0.16841033101081848
0 0.5855616331100464 0.507667064666748 0.08146430552005768 0.16851434111595154
0 0.51854008436203 0.5160837769508362 0.0745524913072586 0.16046573221683502
0 0.881600022315979 0.6414587497711182 0.09363570809364319 0.16703490912914276
0 0.801598072052002 0.644527792930603 0.08576419949531555 0.18229970335960388
0 0.7258619070053101 0.65912264585495 0.08556521683931351 0.17061693966388702
0 0.6546564698219299 0.6608803272247314 0.08411020040512085 0.16472412645816803
0 0.5814005136489868 0.661742627620697 0.0814642459154129 0.16851437091827393
0 0.5130895972251892 0.6741046905517578 0.07448618859052658 0.15657155215740204
0 0.8764479160308838 0.8170031905174255 0.09105611592531204 0.17471933364868164
0 0.7976855635643005 0.8132051229476929 0.08275458216667175 0.1646721214056015
0 0.7211229205131531 0.8190650939941406 0.08136479556560516 0.1626734435558319
0 0.6479166746139526 0.8228473663330078 0.0841764509677887 0.16861842572689056
0 0.5779839754104614 0.8196854591369629 0.07448618859052658 0.15657155215740204
0 0.5103835463523865 0.8339682221412659 0.0742872804403305 0.144889697432518
