0 0.953125 0.28527599573135376 0.09179699420928955 0.4478529691696167
0 0.8574219942092896 0.2829749882221222 0.0976560115814209 0.4524540305137634
0 0.7568359971046448 0.2860429883003235 0.1015620231628418 0.45858895778656006
0 0.6572270393371582 0.2898769974708557 0.0976560115814209 0.4509199857711792
0 0.5585939884185791 0.2921779826283455 0.09960901737213135 0.45552097260951996
0 0.4580079913139343 0.29064399003982544 0.1015620231628418 0.45858895778656006
0 0.3583980202674866 0.29141101241111755 0.0976560115814209 0.4601230025291443
0 0.23388701677322388 0.30598199367523193 0.02441394329071045 0.1947849988937378
0 0.14306598901748657 0.30368098616600037 0.02441394329071045 0.18711698055267334
0 0.05224597454071045 0.30674800276756287 0.030272960662841797 0.19938701391220093
