0 0.6486263275146484 0.662827730178833 0.20262286067008972 0.18854017555713654
0 0.4675934910774231 0.6296980381011963 0.1830240935087204 0.18981271982192993
0 0.2888883948326111 0.5992222428321838 0.19484715163707733 0.20359188318252563
0 0.1051679477095604 0.5729482769966125 0.2103358954191208 0.19631707668304443
0 0.6489289402961731 0.5118386149406433 0.18605823814868927 0.1636122465133667
0 0.4814530313014984 0.4793877601623535 0.17607292532920837 0.17534023523330688
0 0.3143116533756256 0.44926801323890686 0.18382644653320312 0.17363005876541138
0 0.13267187774181366 0.4175567328929901 0.19952577352523804 0.18655455112457275
0 0.6510306000709534 0.3778391480445862 0.17235007882118225 0.1510104387998581
0 0.48748505115509033 0.34678319096565247 0.1675853133201599 0.15320385992527008
0 0.32813921570777893 0.3133730888366699 0.1785440444946289 0.1549796462059021
0 0.16404183208942413 0.282986581325531 0.18882961571216583 0.16109474003314972
0 0.562673807144165 0.21248333156108856 0.17938628792762756 0.18032550811767578
0 0.382744699716568 0.1780146062374115 0.2031867504119873 0.18269941210746765
0 0.19705531001091003 0.1395757794380188 0.21724046766757965 0.1864595115184784
4 0.293659508228302 0.8405932188034058 0.05986262485384941 0.21582558751106262
4 0.01574796251952648 0.7940701842308044 0.03149592503905296 0.2142777442932129
4 0.5171269178390503 0.8722507953643799 0.06051154434680939 0.22482798993587494
4 0.7277956604957581 0.8826371431350708 0.08138622343540192 0.23472575843334198
