0 0.08270114660263062 0.08587238006293774 0.13130605220794678 0.11231091991066933
0 0.21320849657058716 0.0662879403680563 0.13151276111602783 0.11519311740994453
0 0.09810221195220947 0.26702093333005905 0.14635515213012695 0.28277768194675446
0 0.22400426864624023 0.2503659203648567 0.14223802089691162 0.27784202992916107
0 0.11153322458267212 0.48783738911151886 0.13518965244293213 0.19268497824668884
0 0.24294018745422363 0.46737924218177795 0.14290738105773926 0.195354163646698
0 0.39517658948898315 0.04288743808865547 0.12994050979614258 0.08577487617731094
0 0.5215035378932953 0.03571656718850136 0.13320976495742798 0.07143313437700272
0 0.4057666063308716 0.21377302706241608 0.14803087711334229 0.2930164635181427
0 0.5337271988391876 0.1989719718694687 0.14530056715011597 0.2811836898326874
0 0.420728862285614 0.43579982221126556 0.14861810207366943 0.19627490639686584
0 0.5499106645584106 0.4178863614797592 0.1339273452758789 0.18820956349372864
0 0.7042582631111145 0.020907055586576462 0.13130617141723633 0.041814111173152924
0 0.8294778764247894 0.011498555541038513 0.13045722246170044 0.022997111082077026
0 0.7153239846229553 0.1667775809764862 0.14190685749053955 0.2863333225250244
0 0.8416499495506287 0.14932554960250854 0.14815545082092285 0.28164398670196533
0 0.7315073609352112 0.38569292426109314 0.1400514841079712 0.1948937177658081
0 0.8580400943756104 0.3711221516132355 0.139306902885437 0.19762158393859863
