0 0.171875 0.059244997799396515 0.3320310115814209 0.1132809966802597
0 0.5048829913139343 0.05989599972963333 0.3359379768371582 0.1171879917383194
0 0.8315430283546448 0.061197999864816666 0.32324206829071045 0.1171879991889
0 0.1679689884185791 0.4570310115814209 0.328125 0.6901040077209473
0 0.5029299855232239 0.4524739980697632 0.3359379768371582 0.6783850193023682
0 0.8320310115814209 0.4537760019302368 0.32226598262786865 0.6757810115814209
0 0.05566399544477463 0.484375 0.10351599752902985 0.328125
0 0.1875 0.47395798563957214 0.16210901737213135 0.320311963558197
0 0.3447270095348358 0.475911021232605 0.1523439884185791 0.3164060413837433
0 0.5014650225639343 0.4414060115814209 0.1611330211162567 0.24739599227905273
0 0.6577150225639343 0.48177099227905273 0.14941394329071045 0.328125
0 0.8105469942092896 0.47786498069763184 0.1445310115814209 0.32552096247673035
