0 0.7266944050788879 0.2949998080730438 0.11480450630187988 0.15880276262760162
0 0.6249556541442871 0.270942360162735 0.10923599451780319 0.1593226194381714
0 0.5240757465362549 0.25455236434936523 0.11408194899559021 0.16161221265792847
0 0.4349733591079712 0.24091577529907227 0.09347955137491226 0.16104458272457123
0 0.7174224257469177 0.43032678961753845 0.11669779568910599 0.159124493598938
0 0.6167109608650208 0.41170892119407654 0.11241329461336136 0.16426195204257965
0 0.5131278038024902 0.3993724286556244 0.11631208658218384 0.1663905382156372
0 0.4237207770347595 0.3834276497364044 0.09375286102294922 0.15229326486587524
0 0.7065545320510864 0.5804265141487122 0.11619992554187775 0.1649053692817688
0 0.5504858493804932 0.5584191083908081 0.11024663597345352 0.17269150912761688
0 0.4376359283924103 0.5354822278022766 0.140926793217659 0.17057323455810547
1 0.6292308568954468 0.5695436000823975 0.06090604141354561 0.16284014284610748
0 0.32652440667152405 0.4007609784603119 0.0908014103770256 0.7808167934417725
0 0.2845500707626343 0.4789005219936371 0.13113613426685333 0.9578010439872742
0 0.18739229440689087 0.4883459806442261 0.21563276648521423 0.9766919612884521
0 0.08461934328079224 0.47694292664527893 0.135274738073349 0.9538858532905579
