0 0.7940508127212524 0.023692257702350616 0.15084053575992584 0.04738451540470123
0 0.66649329662323 0.04623344913125038 0.15515334904193878 0.09246689826250076
0 0.5379740595817566 0.0706595778465271 0.14802348613739014 0.1413191556930542
0 0.4136215150356293 0.09736090898513794 0.14872299134731293 0.190470889210701
0 0.2873651087284088 0.14726869761943817 0.1518310159444809 0.187733992934227
0 0.1620611995458603 0.19681774079799652 0.1468193084001541 0.18975184857845306
0 0.05633608624339104 0.24531061947345734 0.11267217248678207 0.18840660154819489
0 0.820898711681366 0.09967152774333954 0.15132643282413483 0.19536596536636353
0 0.6937003135681152 0.14697563648223877 0.1525108814239502 0.1971169263124466
0 0.5654236078262329 0.19690662622451782 0.1520446091890335 0.19433359801769257
0 0.43881842494010925 0.2447265386581421 0.15014082193374634 0.19361451268196106
0 0.31245481967926025 0.2909754514694214 0.1506267786026001 0.1911899745464325
0 0.1872766613960266 0.3382563292980194 0.14777065813541412 0.1901111900806427
0 0.06905551254749298 0.3867260217666626 0.13811102509498596 0.1935681253671646
0 0.008132566697895527 0.42645081877708435 0.016265133395791054 0.15870249271392822
0 0.8449100852012634 0.24600519239902496 0.1494412124156952 0.18943853676319122
0 0.7175857424736023 0.2955764830112457 0.15278230607509613 0.18809330463409424
0 0.5902604460716248 0.34514814615249634 0.1494412124156952 0.18943853676319122
0 0.4648490846157074 0.39103737473487854 0.1489563137292862 0.1918635070323944
0 0.3369418680667877 0.4371294379234314 0.15396779775619507 0.18984466791152954
0 0.20997656881809235 0.48582521080970764 0.14707115292549133 0.18593615293502808
0 0.08680940419435501 0.5360459089279175 0.14823713898658752 0.19289547204971313
0 0.018588948994874954 0.5693275332450867 0.03717789798974991 0.1687590628862381
0 0.8693971633911133 0.3921591639518738 0.15324868261814117 0.19087664783000946
0 0.7420819997787476 0.4387664794921875 0.1489563137292862 0.1918635070323944
0 0.6148836016654968 0.4860706031322479 0.1534818559885025 0.19226835668087006
0 0.48696598410606384 0.5351260304450989 0.150393545627594 0.1897982358932495
0 0.3579804003238678 0.5838450789451599 0.15515334904193878 0.19159606099128723
0 0.23197682201862335 0.6292181015014648 0.14442968368530273 0.19145740568637848
0 0.11059696972370148 0.6780248880386353 0.15107370913028717 0.19918222725391388
0 0.030239729210734367 0.7163805961608887 0.060479458421468735 0.16705447435379028
0 0.8930484652519226 0.539368748664856 0.15488111972808838 0.20062032341957092
0 0.7656075358390808 0.5882441401481628 0.15084053575992584 0.19779051840305328
0 0.6392448544502258 0.6344926953315735 0.15132631361484528 0.19536586105823517
0 0.5131143927574158 0.6821333169937134 0.15037404000759125 0.19500617682933807
0 0.3854401111602783 0.729616105556488 0.1539483517408371 0.19505269825458527
0 0.2587173879146576 0.7767406105995178 0.14847029745578766 0.19428712129592896
0 0.13532638549804688 0.8226065635681152 0.1472858041524887 0.19253619015216827
0 0.044894006103277206 0.8567636609077454 0.08255412429571152 0.1680864542722702
0 0.9189635515213013 0.6849833130836487 0.15016044676303864 0.18840666115283966
0 0.7909303903579712 0.7333425879478455 0.15301546454429626 0.18948502838611603
0 0.6623038649559021 0.7811861038208008 0.15087862312793732 0.1873742789030075
0 0.5360566973686218 0.8281298875808716 0.14872299134731293 0.190470889210701
0 0.4093339145183563 0.8752543330192566 0.15229733288288116 0.19051732122898102
0 0.28106755018234253 0.9128754734992981 0.15181145071983337 0.17424900829792023
0 0.1586381047964096 0.93696528673172 0.1392229050397873 0.12606945633888245
0 0.07082764804363251 0.957506000995636 0.08257368952035904 0.08498799800872803
