0 0.7275692820549011 0.26472440361976624 0.12383414804935455 0.11433214694261551
0 0.7627843618392944 0.47181692719459534 0.12999306619167328 0.15997521579265594
0 0.7860802412033081 0.6294662356376648 0.116814523935318 0.10800682008266449
0 0.8817735910415649 0.4573609530925751 0.07377919554710388 0.13707594573497772
0 0.59685218334198 0.4925667643547058 0.10968001931905746 0.17953628301620483
0 0.5686818361282349 0.3094649016857147 0.10636715590953827 0.07940221577882767
0 0.43471217155456543 0.36045584082603455 0.09961623698472977 0.06920600682497025
0 0.3993546664714813 0.5634960532188416 0.10298346728086472 0.16407769918441772
0 0.6369475722312927 0.662865161895752 0.07147926092147827 0.0940539613366127
5 0.6076533794403076 0.7620734572410583 0.16519851982593536 0.1810767501592636
5 0.3422866761684418 0.8558662533760071 0.1638050079345703 0.1832476258277893
