0 0.1989576667547226 0.2916354835033417 0.11706609278917313 0.12662531435489655
0 0.33373841643333435 0.29154688119888306 0.11102704703807831 0.122499018907547
0 0.438597708940506 0.2935773432254791 0.10923250764608383 0.1112782210111618
0 0.5352963805198669 0.29618576169013977 0.10439110547304153 0.11463391780853271
0 0.6241345405578613 0.30124202370643616 0.1031946986913681 0.10715305060148239
0 0.7023913264274597 0.30893880128860474 0.10498923063278198 0.11837384104728699
0 0.7851906418800354 0.31064045429229736 0.10379282385110855 0.11089298874139786
0 0.22495080530643463 0.471363365650177 0.1140180379152298 0.14120078086853027
0 0.37210649251937866 0.47985512018203735 0.13392828404903412 0.164798304438591
0 0.4736476540565491 0.47833725810050964 0.12788940966129303 0.16067305207252502
0 0.5688518285751343 0.4715947210788727 0.12244971841573715 0.1602877974510193
0 0.6655505299568176 0.4742031395435333 0.12609486281871796 0.14945219457149506
0 0.7586320042610168 0.47139325737953186 0.11401800811290741 0.14120078086853027
0 0.8329726457595825 0.47180283069610596 0.10917644947767258 0.14455546438694
0 0.4014466106891632 0.6461058855056763 0.13028207421302795 0.1756337732076645
0 0.5126709342002869 0.6363376379013062 0.13512466847896576 0.17227914929389954
0 0.6111931204795837 0.6331424713134766 0.11216741055250168 0.1632571667432785
0 0.7088181376457214 0.6243373155593872 0.13333016633987427 0.16105836629867554
0 0.7955617308616638 0.6163028478622437 0.1218515932559967 0.15654785931110382
0 0.8829043507575989 0.612008273601532 0.12125331163406372 0.15280695259571075
