0 0.1600223034620285 0.2700522541999817 0.11453660577535629 0.172410786151886
0 0.23651103675365448 0.23607608675956726 0.04743516445159912 0.1334422081708908
0 0.3478530943393707 0.22602026164531708 0.11118897795677185 0.09786337614059448
0 0.41538485884666443 0.22540539503097534 0.028036339208483696 0.09189558029174805
0 0.5074313282966614 0.34087318181991577 0.07585059106349945 0.09180285036563873
0 0.5847570300102234 0.3255341351032257 0.07424867898225784 0.09164022654294968
0 0.5139979720115662 0.4512890875339508 0.07409833371639252 0.12378130108118057
0 0.5892016291618347 0.442406564950943 0.08016831427812576 0.11697670072317123
0 0.7508355975151062 0.40602734684944153 0.10976694524288177 0.24366122484207153
0 0.8488101363182068 0.38484758138656616 0.11356654018163681 0.22178436815738678
0 0.45303937792778015 0.45498108863830566 0.04482991248369217 0.11091510951519012
0 0.26971638202667236 0.4561190605163574 0.07975617796182632 0.1787746399641037
0 0.17038288712501526 0.46495574712753296 0.1157640665769577 0.19974486529827118
