0 0.4806387722492218 0.20018261671066284 0.09957542270421982 0.06351020187139511
0 0.3866010904312134 0.1923365294933319 0.09291774779558182 0.05909274145960808
0 0.3190288245677948 0.19056367874145508 0.04963814839720726 0.05981015786528587
0 0.47030121088027954 0.26881858706474304 0.10165009647607803 0.06360706686973572
0 0.3819819688796997 0.26607707142829895 0.09928648173809052 0.06075965613126755
0 0.3129129707813263 0.2587052583694458 0.051857296377420425 0.06128229573369026
0 0.4614655375480652 0.37277400493621826 0.09580796211957932 0.08660545945167542
0 0.3670666813850403 0.3683665990829468 0.1067594587802887 0.09259191900491714
0 0.29638224840164185 0.3664494752883911 0.04837888851761818 0.0871291384100914
0 0.13874129951000214 0.2892792224884033 0.12528730928897858 0.09208843857049942
0 0.8103815913200378 0.4153301417827606 0.21416914463043213 0.05380359664559364
0 0.6031283140182495 0.4035801589488983 0.16423170268535614 0.05010250210762024
