0 0.1885789422950693 0.052470971551155474 0.22978933875013446 0.1018948589476914
0 0.22690651773577986 0.21183385290116477 0.2550764778211396 0.14093112064037355
0 0.26902213163448496 0.3869469365814828 0.3158226745582542 0.15364894000080326
0 0.3138389003291748 0.5674609062549618 0.33018294222732714 0.15797120727813452
0 0.3595199018173839 0.757398586809494 0.32544486920531757 0.15883582496827997
0 0.40204866384057586 0.921977488272097 0.32602688424952475 0.11774231576943173
0 0.4718682316353914 0.039468896034957165 0.24084988909121002 0.07893779206991433
0 0.5160977150282513 0.18412821226874215 0.2483288334019927 0.14315608887072664
0 0.564839724064031 0.3518100892612204 0.186864806664515 0.12858519667636503
0 0.6871675346206071 0.5281287049011043 0.33147420354396173 0.15475864002598716
0 0.7301207534005114 0.7183815769203946 0.33908741868496783 0.16130510096822803
0 0.7699259157865023 0.9013794745725778 0.3273080252317955 0.15055848551375073
0 0.8007784620480707 0.025677140477346053 0.2537856899137334 0.051354280954692105
0 0.8229336207339177 0.07820265197925175 0.24788961209107396 0.12240017899488777
0 0.8386727515993414 0.16113588734513518 0.2553569379893612 0.12202860178037049
0 0.8607880996008126 0.24142858909002315 0.2382673900628144 0.11721333205033185
0 0.8912094082300215 0.3271029617327502 0.21758118353995715 0.11103769967695215
0 0.9033831471186373 0.4080732439454438 0.19323370576272536 0.11326044152823245
0 0.9082398221985601 0.49126857365307736 0.18352035560287983 0.12534024214140327
0 0.918774368681407 0.5770115224343545 0.1595487708947736 0.11522685498650209
0 0.9302011275737235 0.6622632122854524 0.12386414808976243 0.11100699990720131
0 0.935159654242523 0.7382033808215078 0.10269382820085426 0.11030662710955308
0 0.9401161689439844 0.8220099271460148 0.0811020277667287 0.1195456176206855
0 0.950228806558973 0.9028238246684515 0.04831875121095064 0.11033621760785384
