0 0.14194144308567047 0.18986187875270844 0.28388288617134094 0.37972375750541687
0 0.4068850576877594 0.25169259309768677 0.344007670879364 0.43474870920181274
0 0.7039808630943298 0.3479290008544922 0.3440167009830475 0.441267728805542
0 0.16414780914783478 0.015795107930898666 0.2679338753223419 0.03159021586179733
0 0.43897759914398193 0.06417866796255112 0.3120934069156647 0.12835733592510223
0 0.7343634963035583 0.1217271015048027 0.309430330991745 0.20225821435451508
0 0.11772417277097702 0.5113548040390015 0.23544834554195404 0.4269433319568634
0 0.35930049419403076 0.5999759435653687 0.3423057794570923 0.44202888011932373
0 0.654878556728363 0.6928810477256775 0.34725621342658997 0.44489988684654236
0 0.867284893989563 0.7587311267852783 0.17557795345783234 0.387918621301651
0 0.09198315441608429 0.7496106624603271 0.18396630883216858 0.2132476419210434
0 0.3250024914741516 0.8363368511199951 0.31974369287490845 0.23028498888015747
0 0.6215267181396484 0.9104954600334167 0.31707173585891724 0.17900912463665009
0 0.8318380117416382 0.9572137594223022 0.14768049120903015 0.0855724886059761
