0 0.5176055431365967 0.37109336256980896 0.06686439365148544 0.11338939517736435
0 0.44785988330841064 0.3588730990886688 0.07205194234848022 0.12700751423835754
0 0.5066056251525879 0.4898410439491272 0.06311801820993423 0.1190880835056305
0 0.43849247694015503 0.484429270029068 0.07061083614826202 0.10769165307283401
0 0.49584490060806274 0.6053688526153564 0.058890268206596375 0.11834730207920074
0 0.42821210622787476 0.5935187935829163 0.06734480708837509 0.11982863396406174
0 0.4914247691631317 0.722007691860199 0.06638405472040176 0.10695113241672516
0 0.4235527813434601 0.7133774161338806 0.06686439365148544 0.11338939517736435
0 0.48229750990867615 0.8443451523780823 0.06734480708837509 0.11982860416173935
0 0.4127920866012573 0.8289052844047546 0.0710911825299263 0.11412998288869858
5 0.5953221321105957 0.9528701305389404 0.1715790331363678 0.09425970166921616
5 0.4201412796974182 0.931298553943634 0.15937824547290802 0.12324481457471848
