0 0.12044025957584381 0.04223380982875824 0.14561598002910614 0.08446761965751648
0 0.22048147022724152 0.06556326895952225 0.14696188271045685 0.1311265379190445
0 0.32653242349624634 0.08947199583053589 0.1523796021938324 0.17894399166107178
0 0.4288971722126007 0.10917335003614426 0.13958866894245148 0.2183467000722885
0 0.5301727652549744 0.13305987417697906 0.14712202548980713 0.26611974835395813
0 0.6344762444496155 0.17859922349452972 0.14564543962478638 0.2605360150337219
0 0.7380267381668091 0.2261861115694046 0.14305000007152557 0.270215779542923
0 0.8388687372207642 0.27500811219215393 0.14022766053676605 0.25435078144073486
0 0.9348623752593994 0.3206174969673157 0.13027523458003998 0.26379287242889404
0 0.0737568661570549 0.2511298358440399 0.1475137323141098 0.41230592131614685
0 0.16603709757328033 0.2987167537212372 0.16893167793750763 0.40113937854766846
0 0.27128729224205017 0.34234899282455444 0.1703738421201706 0.4043952524662018
0 0.3754790723323822 0.38633137941360474 0.1668151468038559 0.398953378200531
0 0.48000821471214294 0.43122005462646484 0.1715603917837143 0.406209260225296
0 0.5825490355491638 0.47608599066734314 0.16284045577049255 0.3960243761539459
0 0.6844174265861511 0.5191382765769958 0.1691882610321045 0.4025815427303314
0 0.7869590520858765 0.5640056133270264 0.16418635845184326 0.3938834071159363
0 0.887977123260498 0.609035074710846 0.1666557639837265 0.40290844440460205
