1 0.59033203125 0.47140800952911377 0.041992008686065674 0.11290299892425537
1 0.07324200868606567 0.4655430018901825 0.10742199420928955 0.10997098684310913
0 0.5678709745407104 0.32844600081443787 0.10058599710464478 0.1612899899482727
0 0.5166019797325134 0.4670090079307556 0.10351598262786865 0.10997101664543152
0 0.4145510196685791 0.4633430242538452 0.1044919490814209 0.10557201504707336
0 0.3134769797325134 0.4670090079307556 0.09960901737213135 0.10997101664543152
0 0.20117199420928955 0.4699409604072571 0.12304699420928955 0.11290296912193298
0 0.4648439884185791 0.3277130126953125 0.10351598262786865 0.16862201690673828
0 0.3623049855232239 0.3277130126953125 0.1015620231628418 0.16862201690673828
0 0.2612299919128418 0.3277130126953125 0.1005859375 0.16862201690673828
0 0.16113299131393433 0.32697901129722595 0.09960901737213135 0.16715498268604279
0 0.06201201677322388 0.30938398838043213 0.0986330509185791 0.13489699363708496
0 0.5908200144767761 0.17521999776363373 0.0976560115814209 0.1158359944820404
0 0.5913090109825134 0.065249003469944 0.09668004512786865 0.10410599410533905
0 0.49072301387786865 0.06451600044965744 0.1044919490814209 0.10263900458812714
0 0.4892579913139343 0.1774190068244934 0.1015620231628418 0.12023499608039856
0 0.38867199420928955 0.1774190068244934 0.1015620231628418 0.11730200052261353
0 0.3876950144767761 0.05718500167131424 0.1015620231628418 0.11143700778484344
0 0.28662097454071045 0.059383999556303024 0.1044919490814209 0.1070379987359047
0 0.28710901737213135 0.17521999776363373 0.09960901737213135 0.11876800656318665
0 0.1875 0.06231699883937836 0.09570300579071045 0.09824000298976898
0 0.18798798322677612 0.17668600380420685 0.10058605670928955 0.11876800656318665
0 0.08740198612213135 0.1737540066242218 0.1005859375 0.11290299892425537
0 0.0195310115814209 0.17521999776363373 0.0390620231628418 0.11876800656318665
0 0.08886700868606567 0.05865100026130676 0.09960901737213135 0.11437000334262848
0 0.0195310115814209 0.06084999814629555 0.0390620231628418 0.11876799911260605
0 0.6777340173721313 0.44281500577926636 0.0390620231628418 0.18181800842285156
0 0.7172850370407104 0.43401798605918884 0.038085997104644775 0.1612899899482727
0 0.7148439884185791 0.21994100511074066 0.03710901737213135 0.14956000447273254
0 0.6748049855232239 0.20381200313568115 0.0390620231628418 0.1466280221939087
