0 0.20544390380382538 0.7703600525856018 0.10159216821193695 0.36449939012527466
0 0.28600460290908813 0.7404637336730957 0.10261747241020203 0.3593734800815582
0 0.3852023780345917 0.7076613903045654 0.10381507873535156 0.36792629957199097
0 0.46586287021636963 0.6784776449203491 0.10441389679908752 0.3722027540206909
0 0.5896264314651489 0.6408978700637817 0.10737676918506622 0.36223796010017395
0 0.6708857417106628 0.6159905791282654 0.10615088790655136 0.3659384548664093
0 0.7718073129653931 0.5818990468978882 0.11182267963886261 0.3690919578075409
0 0.8576263785362244 0.5555533170700073 0.11202222853899002 0.3705170750617981
0 0.2001873105764389 0.42000576853752136 0.19587843120098114 0.27845802903175354
0 0.1737823784351349 0.21103046834468842 0.19496335089206696 0.2345716655254364
0 0.34541940689086914 0.15833735466003418 0.1990099847316742 0.23857435584068298
0 0.3790070414543152 0.3709988594055176 0.21064120531082153 0.29674264788627625
0 0.5508978366851807 0.10899695008993149 0.20507976412773132 0.21799390017986298
0 0.7305998206138611 0.07750395685434341 0.2015463411808014 0.15500791370868683
0 0.5796830058097839 0.3046744465827942 0.20995667576789856 0.28562647104263306
0 0.7620635032653809 0.24710173904895782 0.21297800540924072 0.2947550415992737
1 0.246379554271698 0.7566936612129211 0.22267985343933105 0.44495889544487
1 0.42820557951927185 0.6985518932342529 0.21467140316963196 0.44379299879074097
1 0.6322727799415588 0.6326451301574707 0.22418996691703796 0.4495229423046112
1 0.8162341713905334 0.5693638324737549 0.23584482073783875 0.45183899998664856
