0 0.07498925924301147 0.40106505155563354 0.11246030032634735 0.212947279214859
0 0.22908757627010345 0.3863496482372284 0.2117643505334854 0.2216937392950058
0 0.4324893355369568 0.36786359548568726 0.2110671103000641 0.22276632487773895
0 0.6351502537727356 0.3494427800178528 0.21028177440166473 0.2215631604194641
0 0.8356322646141052 0.3323557376861572 0.2065320909023285 0.22009795904159546
0 0.08423607051372528 0.6469559073448181 0.11519218236207962 0.30166423320770264
0 0.2384679615497589 0.6356552243232727 0.2161559760570526 0.3150937855243683
0 0.4433959126472473 0.6181765198707581 0.2168523222208023 0.3140210807323456
0 0.6460568308830261 0.5997557640075684 0.21162094175815582 0.3124254047870636
0 0.846538782119751 0.582668662071228 0.2123173326253891 0.3113527297973633
0 0.0922500267624855 0.8518378138542175 0.1084248274564743 0.12865252792835236
0 0.24493254721164703 0.8389607667922974 0.20907698571681976 0.13411475718021393
0 0.448356568813324 0.8210436701774597 0.2096397578716278 0.12962743639945984
0 0.6528255343437195 0.8013208508491516 0.20829162001609802 0.1329115331172943
0 0.8562504649162292 0.7834036350250244 0.2075498253107071 0.13284620642662048
0 0.09453082829713821 0.954310417175293 0.10354872792959213 0.09137915819883347
0 0.24928191304206848 0.9445705413818359 0.2100849449634552 0.11085891723632812
0 0.4519873857498169 0.9327825307846069 0.21131651103496552 0.13443498313426971
0 0.6569967865943909 0.9174531698226929 0.20965580642223358 0.14891143143177032
0 0.8610588312149048 0.906332790851593 0.21427983045578003 0.15385663509368896
