0 0.2836909890174866 0.14149299263954163 0.06152302026748657 0.27951401472091675
0 0.35400399565696716 0.13975700736045837 0.053710997104644775 0.27604204416275024
0 0.4228520095348358 0.13975700736045837 0.0625 0.27604204416275024
0 0.4916990101337433 0.1371529996395111 0.053710997104644775 0.27083295583724976
0 0.5556640028953552 0.14583298563957214 0.0585939884185791 0.2881940007209778
0 0.6235349774360657 0.13975700736045837 0.05566394329071045 0.27604204416275024
0 0.6982420086860657 0.13802102208137512 0.0585939884185791 0.2725690007209778
0 0.2841799855232239 0.48611098527908325 0.04882800579071045 0.34375
0 0.3554689884185791 0.49045100808143616 0.05273401737213135 0.34201401472091675
0 0.4189450144767761 0.49045100808143616 0.0546879768371582 0.3524309992790222
0 0.49023401737213135 0.4913190007209778 0.06054702401161194 0.35416698455810547
0 0.5590819716453552 0.4835070073604584 0.0615229606628418 0.3350690007209778
0 0.6254879832267761 0.4956600069999695 0.05956995487213135 0.37673601508140564
0 0.6938480138778687 0.4956600069999695 0.0517580509185791 0.37673601508140564
