2 0.3845684148717803 0.5219168299515138 0.10887800598291353 0.4102339441999589
0 0.12245786051192178 0.06859505731585318 0.24491572102384357 0.13719011463170636
0 0.11814743987271337 0.20649597746319842 0.23629487974542673 0.14152505311376562
0 0.11082550672593855 0.35030754787446494 0.2216510134518771 0.15144441412443482
0 0.10631991540245364 0.5554212286273095 0.21263983080490728 0.2537812183649242
0 0.437405869081128 0.09345831215924308 0.33186418051912486 0.15653326293658754
0 0.4362956226644068 0.23321135631920142 0.3491280661907467 0.1650768665779844
0 0.43928036264567405 0.37018125022287696 0.366077817800494 0.1615475365759651
0 0.34130495628820856 0.561711697253389 0.19694024406533922 0.24961450192191847
0 0.521520226758933 0.5722458515993859 0.18534879006845578 0.22783905540845845
0 0.7722161604712761 0.05558955717418437 0.2734490496470404 0.06872848858374875
0 0.7800834666748604 0.139940191134535 0.295760159241941 0.1559295366331309
0 0.7934019175077612 0.26617754831209783 0.29699833794648844 0.1650441271817366
0 0.7965617076538298 0.39635593227482385 0.30355664515642944 0.1473440923018925
