0 0.9301760196685791 0.0907759964466095 0.13769501447677612 0.1786240041255951
0 0.9301760196685791 0.3960469961166382 0.13769501447677612 0.43484604358673096
0 0.9282230138778687 0.8016107678413391 0.14160197973251343 0.3967784643173218
0 0.7045899629592896 0.08931200206279755 0.16308599710464478 0.17569500207901
0 0.7045899629592896 0.38872599601745605 0.17089802026748657 0.4289900064468384
0 0.7084959745407104 0.8016107678413391 0.17480498552322388 0.3967784643173218
0 0.47216805815696716 0.08931200206279755 0.17089802026748657 0.17569500207901
0 0.47509801387786865 0.39165401458740234 0.1728520393371582 0.4289900064468384
0 0.47509801387786865 0.8008779883384705 0.1728520393371582 0.3982430696487427
0 0.23486298322677612 0.08565200120210648 0.17480504512786865 0.16837500035762787
0 0.23730498552322388 0.3872619867324829 0.171875 0.4289900064468384
0 0.23486298322677612 0.7994139790534973 0.1767580509185791 0.4011709690093994
0 0.04150402545928955 0.08272300660610199 0.0830080509185791 0.1625179946422577
0 0.0424802303314209 0.38360199332237244 0.0849604606628418 0.4421669840812683
0 0.040039002895355225 0.8001459836959839 0.08007800579071045 0.39970695972442627
