2 0.45464378595352173 0.71070796251297 0.12179968506097794 0.37530019879341125
2 0.3903311789035797 0.7003504037857056 0.11777009069919586 0.3778132498264313
2 0.32639816403388977 0.664315402507782 0.14137138426303864 0.3952593505382538
0 0.7050963640213013 0.3652043342590332 0.1442805379629135 0.19169875979423523
0 0.5759236812591553 0.31531789898872375 0.14076124131679535 0.19714108109474182
0 0.4524103105068207 0.26530373096466064 0.14306506514549255 0.18985740840435028
0 0.3205508589744568 0.2190597504377365 0.15246687829494476 0.19763898849487305
0 0.18517322838306427 0.16360920667648315 0.14779971539974213 0.18625544011592865
0 0.2665773928165436 0.519544243812561 0.20033642649650574 0.47707054018974304
0 0.13241423666477203 0.4630049765110016 0.19771336019039154 0.47740617394447327
0 0.5103756785392761 0.6410022974014282 0.1800585836172104 0.47866925597190857
0 0.3786122500896454 0.5971435904502869 0.146155446767807 0.4790169894695282
0 0.6524332165718079 0.6669864058494568 0.19912071526050568 0.4752281904220581
