0 0.34911152720451355 0.2513144016265869 0.2499425709247589 0.3333011567592621
0 0.13707013428211212 0.1845817118883133 0.2555551826953888 0.3271654546260834
0 0.3079673647880554 0.49522364139556885 0.26074036955833435 0.3303316533565521
0 0.11163371056318283 0.42955273389816284 0.22326742112636566 0.3343438506126404
0 0.27061599493026733 0.7080768942832947 0.24629294872283936 0.24965223670005798
0 0.08950851112604141 0.6416740417480469 0.17901702225208282 0.24154281616210938
0 0.9437874555587769 0.542399525642395 0.11242513358592987 0.2626419961452484
0 0.8033268451690674 0.503780722618103 0.22950713336467743 0.3045384883880615
0 0.6176140904426575 0.46961572766304016 0.1984788179397583 0.26801514625549316
0 0.9301854372024536 0.7543081045150757 0.13962909579277039 0.2623696029186249
0 0.7740957736968994 0.7081811428070068 0.22716203331947327 0.2834617793560028
0 0.5896681547164917 0.662417471408844 0.19692088663578033 0.2580169141292572
0 0.9108971953392029 0.9208073616027832 0.1380637139081955 0.15838532149791718
0 0.7526877522468567 0.8791720271110535 0.22176772356033325 0.21270503103733063
0 0.5655223727226257 0.8173873424530029 0.18998655676841736 0.1894213706254959
