2 0.2346208095550537 0.23815076053142548 0.20158138871192932 0.330930233001709
0 0.5164743661880493 0.07570410519838333 0.3784448504447937 0.15140821039676666
0 0.8472512364387512 0.11520396173000336 0.30549752712249756 0.15985102951526642
0 0.48716387152671814 0.3286436200141907 0.3867393732070923 0.26850828528404236
0 0.827948272228241 0.3666224479675293 0.34410348534584045 0.26878559589385986
0 0.46274128556251526 0.5608689785003662 0.3886736333370209 0.2776380181312561
0 0.8157368898391724 0.601354718208313 0.3685261607170105 0.27269431948661804
0 0.44026443362236023 0.7430867552757263 0.37104547023773193 0.1666966676712036
0 0.7999525666236877 0.7862347364425659 0.3709378242492676 0.1656932681798935
0 0.4202968180179596 0.9396873712539673 0.3812420070171356 0.12062527239322662
0 0.7802544236183167 0.9569122195243835 0.36536508798599243 0.08617550134658813
