0 0.8868337273597717 0.41407009959220886 0.1271708756685257 0.16205169260501862
0 0.88066565990448 0.5429922938346863 0.12075835466384888 0.10770279169082642
0 0.8759387731552124 0.6500994563102722 0.12428759038448334 0.1182660460472107
0 0.7495317459106445 0.3844759464263916 0.1420564204454422 0.17524458467960358
0 0.6178979873657227 0.38225257396698 0.1307605504989624 0.17469604313373566
0 0.49209392070770264 0.37405920028686523 0.1306396722793579 0.17053379118442535
0 0.3670368790626526 0.36798617243766785 0.1290256828069687 0.1704554259777069
0 0.24278540909290314 0.3619522452354431 0.1290256828069687 0.1704554259777069
0 0.11124324053525925 0.3566058278083801 0.14348801970481873 0.16907857358455658
0 0.7446961402893066 0.5509786009788513 0.14516253769397736 0.17123906314373016
0 0.6140813231468201 0.5415100455284119 0.13554105162620544 0.17284996807575226
0 0.4873489737510681 0.5374397039413452 0.13380615413188934 0.1686084121465683
0 0.36151471734046936 0.530286431312561 0.12741273641586304 0.17037709057331085
0 0.23813113570213318 0.5222105979919434 0.1289047747850418 0.16629226505756378
0 0.10817272216081619 0.517983615398407 0.14007976651191711 0.1626785695552826
0 0.1708166003227234 0.6700473427772522 0.11855799704790115 0.1429278701543808
0 0.6760094165802002 0.6904125213623047 0.12811905145645142 0.13923579454421997
0 0.4205396771430969 0.695722222328186 0.12398535758256912 0.10785946995019913
1 0.5464041829109192 0.7018344402313232 0.07545509934425354 0.10134636610746384
1 0.29470542073249817 0.6885688900947571 0.08184947818517685 0.09957876056432724
1 0.0802411139011383 0.6729434132575989 0.059680964797735214 0.11305037140846252
1 0.7676851153373718 0.7052847146987915 0.06333194673061371 0.12777593731880188
