0 0.9536945819854736 0.2708505094051361 0.08948630839586258 0.3278883993625641
0 0.9009788036346436 0.2964436709880829 0.08917403966188431 0.30299878120422363
0 0.8472886085510254 0.3124445676803589 0.08804228901863098 0.30123549699783325
0 0.7883457541465759 0.3317604064941406 0.08596573770046234 0.30465924739837646
0 0.7320288419723511 0.3494194746017456 0.09140662103891373 0.31201985478401184
0 0.6730861663818359 0.3687363564968109 0.08889000117778778 0.312539279460907
0 0.6160776615142822 0.3881576359272003 0.0984194353222847 0.3240469992160797
0 0.5577165484428406 0.4049864113330841 0.09737914800643921 0.34572240710258484
0 0.49979642033576965 0.4247182309627533 0.09659532457590103 0.3234255909919739
0 0.4366386830806732 0.44470781087875366 0.09703536331653595 0.3263290226459503
0 0.37371671199798584 0.46309033036231995 0.09429861605167389 0.32539668679237366
0 0.30667486786842346 0.4859296977519989 0.09791558235883713 0.3321368098258972
0 0.23702186346054077 0.5073676109313965 0.09769555926322937 0.3306850492954254
0 0.16894187033176422 0.5328516960144043 0.10923761129379272 0.3497622311115265
0 0.09935276955366135 0.5420535802841187 0.10763245820999146 0.35059216618537903
