0 0.9467337727546692 0.24439144134521484 0.0631287544965744 0.23488108813762665
0 0.9404283761978149 0.4776180386543274 0.07329928129911423 0.24375714361667633
0 0.9387674927711487 0.7083876132965088 0.07932773977518082 0.25079959630966187
0 0.8030998706817627 0.2179154008626938 0.06323729455471039 0.22132883965969086
0 0.7962579131126404 0.4535675644874573 0.0683419331908226 0.241804301738739
0 0.7886971235275269 0.687237560749054 0.06445786356925964 0.2449413239955902
0 0.7842921614646912 0.9031686186790466 0.07443569600582123 0.19366277754306793
0 0.6322475075721741 0.8915435671806335 0.07368478178977966 0.21691285073757172
0 0.6093782186508179 0.6518279314041138 0.07121820747852325 0.23482131958007812
0 0.6204255223274231 0.4142816364765167 0.07001754641532898 0.22724588215351105
0 0.6300152540206909 0.18904472887516022 0.07358048111200333 0.2178955078125
0 0.3640681505203247 0.1448197364807129 0.16455216705799103 0.1459880769252777
0 0.34973642230033875 0.3743772804737091 0.16948531568050385 0.17877405881881714
0 0.33454689383506775 0.6125747561454773 0.1727016419172287 0.19404135644435883
0 0.3195095956325531 0.855802059173584 0.18137049674987793 0.2051675021648407
