0 0.36346548795700073 0.339406281709671 0.10720265656709671 0.24952419102191925
0 0.46160992980003357 0.34463146328926086 0.10544909536838531 0.2538330554962158
0 0.5597041845321655 0.3513422906398773 0.10730304569005966 0.2524932622909546
0 0.6369011998176575 0.3549765646457672 0.06365662813186646 0.25361934304237366
0 0.4023037254810333 0.7576401233673096 0.12338922172784805 0.2507542669773102
0 0.5035340189933777 0.699841320514679 0.08289193361997604 0.12032442539930344
0 0.5732356309890747 0.7698864340782166 0.07087161391973495 0.24232101440429688
0 0.661332368850708 0.7758374214172363 0.06606052070856094 0.24047358334064484
0 0.7142254114151001 0.7783688306808472 0.05558735504746437 0.23967763781547546
0 0.7609051465988159 0.7811721563339233 0.05363302677869797 0.23804840445518494
0 0.8076099753379822 0.7832332849502563 0.05563758313655853 0.24116326868534088
0 0.8513818979263306 0.7873040437698364 0.048071227967739105 0.24206896126270294
4 0.32741233706474304 0.7422743439674377 0.051679905503988266 0.26455581188201904
4 0.6164081692695618 0.7634932398796082 0.04656772315502167 0.25380128622055054
4 0.3424437940120697 0.3400411605834961 0.04471377655863762 0.25514116883277893
4 0.6300615072250366 0.35966697335243225 0.05087887868285179 0.2689371109008789
