0 0.06298799812793732 0.4041000008583069 0.04980500042438507 0.23426103591918945
0 0.11962900310754776 0.32576900720596313 0.04394499957561493 0.09809696674346924
1 0.11767599731683731 0.4531480073928833 0.04980500042438507 0.13909196853637695
0 0.17773400247097015 0.3953149914741516 0.0625 0.25182998180389404
0 0.24707001447677612 0.3931190073490143 0.060547009110450745 0.24743801355361938
0 0.31396499276161194 0.39165401458740234 0.06933599710464478 0.25915098190307617
0 0.3833009898662567 0.38579800724983215 0.06347697973251343 0.25915104150772095
1 0.45117199420928955 0.44363099336624146 0.07226598262786865 0.15226900577545166
0 0.4526369869709015 0.30600300431251526 0.07519501447677612 0.11420200765132904
0 0.5288090109825134 0.37774500250816345 0.07910200953483582 0.2781839966773987
0 0.6064450144767761 0.38067299127578735 0.078125 0.28111302852630615
