0 0.04785199835896492 0.45534396171569824 0.04492200165987015 0.3162519633769989
0 0.1054690033197403 0.46266499161720276 0.04882800579071045 0.28989797830581665
0 0.16259799897670746 0.46046900749206543 0.047852009534835815 0.2884329557418823
0 0.22558599710464478 0.4597359895706177 0.04492199420928955 0.29282596707344055
0 0.2856450080871582 0.4582720100879669 0.04980498552322388 0.2986820340156555
0 0.3486329913139343 0.45754000544548035 0.046875 0.30014604330062866
0 0.4096679985523224 0.45753997564315796 0.055664002895355225 0.3089309632778168
0 0.4716799855232239 0.45461198687553406 0.0507810115814209 0.3323569893836975
0 0.5336909890174866 0.45461195707321167 0.05371105670928955 0.3089309632778168
0 0.6010739803314209 0.4531480073928833 0.05371105670928955 0.31185901165008545
0 0.6679689884185791 0.450219988822937 0.0507810115814209 0.31185901165008545
0 0.7397459745407104 0.450219988822937 0.05371105670928955 0.31771600246429443
0 0.8139650225639343 0.4480229616165161 0.05371105670928955 0.3162519633769989
0 0.8872069716453552 0.450219988822937 0.0634770393371582 0.3323569595813751
0 0.9594730138778687 0.4363099932670593 0.0615229606628418 0.33382096886634827
