0 0.7338869571685791 0.3591040074825287 0.12011700868606567 0.07947999238967896
0 0.7373049855232239 0.5751450061798096 0.11914098262786865 0.1271679401397705
0 0.7363280057907104 0.7384390234947205 0.1132810115814209 0.07514500617980957
0 0.8608399629592896 0.6004340052604675 0.05957001447677612 0.12283194065093994
0 0.5649409890174866 0.5404620170593262 0.09277307987213135 0.15606901049613953
0 0.5649409890174866 0.35043400526046753 0.10644495487213135 0.04768800735473633
0 0.4204099774360657 0.3562139868736267 0.10058605670928955 0.03901702165603638
0 0.3525390028953552 0.5447980165481567 0.08789098262786865 0.141618013381958
0 0.5791019797325134 0.7218210101127625 0.06445300579071045 0.07658994197845459
5 0.5336910486221313 0.8099709749221802 0.15527302026748657 0.13728296756744385
5 0.24853497743606567 0.8143060207366943 0.15331995487213135 0.14017295837402344
