0 0.749815209448363 0.11263561032704397 0.234786701606558 0.11107061876003183
0 0.7382722356847659 0.26393517594240684 0.2650643255361187 0.14889608209658856
0 0.7255883290335696 0.4301880392387843 0.3248622768652659 0.16517434298392264
0 0.7111650523977295 0.6016736076217087 0.33920840138349806 0.17023328023854623
0 0.6974073836865702 0.7820009832976085 0.3348406130003022 0.17067202124529746
0 0.682653264494841 0.9360112653015924 0.3288355578940374 0.1279774693968153
0 0.4728354849930332 0.10692603991152151 0.24672440801029155 0.1200873586083078
0 0.45581174729976764 0.259805807167372 0.25900260849245915 0.1504352453594308
0 0.4355763202320848 0.41963406570414924 0.1982262239148454 0.1323977309208343
0 0.3459590364041907 0.5930216730500016 0.33992363481012583 0.16737436247355109
0 0.33487423859050947 0.7734381597070419 0.34820843809668195 0.17397179001951424
0 0.3256641251086534 0.9326318868253125 0.3352913528040365 0.13473622634937488
0 0.15174898107263318 0.10321818862917537 0.2599408020812112 0.12633595849180196
0 0.1439631221442508 0.18414669507479708 0.2552722476223486 0.13130275317351972
0 0.14200089552559092 0.26256844668988705 0.2623141949283818 0.13152327410295453
0 0.13348851042408602 0.33900876700429067 0.24529392047813764 0.12580511104128234
0 0.1151492765369684 0.4212940856374195 0.22996768693699118 0.11898652408444466
0 0.11373919345919638 0.49782024709266315 0.21224091213723648 0.11959975397207906
0 0.1250238780550631 0.5754567449931133 0.19950837399489166 0.1295543217755477
0 0.1310299956082331 0.6559090437953145 0.17011732632170387 0.11804804321581264
0 0.13358236735942222 0.7361669358654941 0.13550860187135888 0.11147718439592436
0 0.14087519515613797 0.8072674953080252 0.11526434688116578 0.10923814752087502
0 0.1494192630529655 0.8856944661675226 0.09620559600073789 0.11611347962261276
0 0.15253038442201963 0.9545678495182937 0.0635596522178579 0.0908643009634128
