1 0.4632319823182003 0.3927175120370802 0.27130497992645236 0.5229632143969002
0 0.5246533387145391 0.39170860344142067 0.11323688583317504 0.45457882953919704
0 0.39895430574652624 0.3997544395085862 0.11096803123309601 0.442730602999447
0 0.8831078203752403 0.3178388730759978 0.18699093560701263 0.5830639207915269
0 0.6973442742069625 0.44954851449447064 0.15117754049473042 0.32900518239271603
0 0.1558611366575131 0.34339329702371557 0.2874696454110577 0.5751251093184477
0 0.6096711227407009 0.3314094349484797 0.055236465280293245 0.5747048496875843
0 0.785076356306556 0.3126801078943586 0.05692461177169328 0.5615976726540364
0 0.30848577976854163 0.33320393255800923 0.05220841153163541 0.5730803576706031
0 0.009568373112741876 0.3047940921606548 0.019136746225483753 0.48347507788849525
