0 0.21464702486991882 0.20647676289081573 0.2356681227684021 0.2577876150608063
0 0.3787900507450104 0.11512165516614914 0.13907921314239502 0.13677601516246796
0 0.5764147043228149 0.1282339245080948 0.27701041102409363 0.2564678490161896
0 0.7444698214530945 0.09714183956384659 0.10247320681810379 0.19428367912769318
0 0.9293299913406372 0.073646679520607 0.10915371775627136 0.147293359041214
0 0.9500642418861389 0.2392655909061432 0.09987150132656097 0.22620977461338043
0 0.9614546895027161 0.4143560826778412 0.07709061354398727 0.17312444746494293
0 0.2781490385532379 0.4057987928390503 0.14775089919567108 0.23502160608768463
0 0.40643206238746643 0.370987206697464 0.15309208631515503 0.24850791692733765
0 0.5368133187294006 0.34137412905693054 0.15303829312324524 0.2390168309211731
0 0.6659703254699707 0.3099178969860077 0.14865219593048096 0.24336448311805725
0 0.7670040726661682 0.2881649136543274 0.0981835126876831 0.2256569266319275
0 0.297378271818161 0.5837924480438232 0.1420421600341797 0.18217919766902924
0 0.42588669061660767 0.5510672926902771 0.14832644164562225 0.18641813099384308
0 0.5549696683883667 0.5189156532287598 0.14657844603061676 0.17922185361385345
0 0.6847010850906372 0.4880329370498657 0.14443369209766388 0.17734581232070923
0 0.7891232371330261 0.4597471356391907 0.09825459122657776 0.16339047253131866
4 0.8597185015678406 0.2630906105041504 0.16940398514270782 0.5261812210083008
4 0.07982531934976578 0.4230588376522064 0.15965063869953156 0.5879606008529663
