0 0.9462621808052063 0.39934319257736206 0.08178948611021042 0.2675394117832184
0 0.8441853523254395 0.4085409939289093 0.13345666229724884 0.264106810092926
0 0.7238997220993042 0.42593473196029663 0.11790100485086441 0.23993642628192902
0 0.614729106426239 0.4339979887008667 0.10817769169807434 0.2248290628194809
0 0.5136557221412659 0.4460841119289398 0.10297900438308716 0.20114512741565704
0 0.4149360656738281 0.45806071162223816 0.10048304498195648 0.17172871530056
0 0.3181455135345459 0.4721482992172241 0.1000845655798912 0.15266479551792145
0 0.21441535651683807 0.49243274331092834 0.10803847759962082 0.1281338334083557
0 0.1030443012714386 0.5079390406608582 0.11985054612159729 0.10817857831716537
0 0.03337763622403145 0.5119451284408569 0.023833103477954865 0.10513348877429962
