0 0.11122944205999374 0.07481447607278824 0.14892756938934326 0.14962895214557648
0 0.09818211942911148 0.367326557636261 0.15987853705883026 0.4645819664001465
0 0.0828523114323616 0.7879515290260315 0.16226062178611755 0.4240970015525818
0 0.342772901058197 0.08460579812526703 0.17485688626766205 0.16921159625053406
0 0.3299759030342102 0.3811430037021637 0.193698912858963 0.4616539776325226
0 0.308321088552475 0.7975942492485046 0.19633124768733978 0.40481147170066833
0 0.5812683701515198 0.09582474082708359 0.18287301063537598 0.19164948165416718
0 0.5653396844863892 0.40597206354141235 0.19570395350456238 0.461839497089386
0 0.5478494167327881 0.8079598546028137 0.19438983500003815 0.38408029079437256
0 0.8249309659004211 0.11105334013700485 0.18656931817531586 0.19142353534698486
0 0.8095343112945557 0.4239887297153473 0.1947014182806015 0.4617467224597931
0 0.7944246530532837 0.8177514672279358 0.19852307438850403 0.36449703574180603
0 0.9887031316757202 0.12637034058570862 0.022593772038817406 0.1766265481710434
0 0.9782835245132446 0.4386858642101288 0.04343292489647865 0.4671766459941864
0 0.9723407030105591 0.8300549983978271 0.05531865358352661 0.3398900330066681
