0 0.7050415277481079 0.22855715453624725 0.10349948704242706 0.10162125527858734
0 0.6274099349975586 0.21257846057415009 0.07391241192817688 0.09642502665519714
0 0.6155573129653931 0.3272184431552887 0.08114346116781235 0.1761254221200943
0 0.6040287017822266 0.430294394493103 0.06351294368505478 0.05821220576763153
0 0.7985841631889343 0.6689048409461975 0.07446276396512985 0.17889976501464844
0 0.739396870136261 0.6575524806976318 0.0765017718076706 0.1860872358083725
0 0.6734245419502258 0.6410048007965088 0.07224518805742264 0.1850195676088333
0 0.6138370633125305 0.6260585784912109 0.0694078579545021 0.18430788815021515
0 0.5455309748649597 0.6112541556358337 0.07224518805742264 0.1850195676088333
0 0.48625344038009644 0.5928922295570374 0.07528924196958542 0.1880091428756714
0 0.41936543583869934 0.5784434676170349 0.07528918236494064 0.1880091279745102
0 0.35998454689979553 0.5612204074859619 0.07203861325979233 0.18274269998073578
0 0.29238754510879517 0.5465938448905945 0.0795457661151886 0.18907681107521057
0 0.23381905257701874 0.5284097194671631 0.07833320647478104 0.1909976750612259
0 0.17423157393932343 0.5134634971618652 0.06982110440731049 0.188862606883049
0 0.12194452434778214 0.4980197250843048 0.06657053530216217 0.18359623849391937
4 0.06359666585922241 0.4694105386734009 0.042740173637866974 0.2265763282775879
4 0.3066580593585968 0.7411485910415649 0.03651517257094383 0.14267823100090027
4 0.20449426770210266 0.7236738801002502 0.045826587826013565 0.1383376568555832
3 0.7816264629364014 0.38401105999946594 0.28854209184646606 0.2615261375904083
