0 0.6486263275146484 0.662827730178833 0.2026228904724121 0.18854022026062012
0 0.4675934761762619 0.6296980381011963 0.1830240786075592 0.18981266021728516
0 0.2888883948326111 0.599222257733345 0.19484716653823853 0.20359191298484802
0 0.1051679477095604 0.5729482769966125 0.2103358954191208 0.19631707668304443
0 0.6489289402961731 0.5118386149406433 0.18605828285217285 0.1636122465133667
0 0.4814530313014984 0.4793877452611923 0.176072895526886 0.1753402054309845
0 0.3143116533756256 0.44926801323890686 0.18382644653320312 0.17363005876541138
0 0.13267187774181366 0.4175567179918289 0.19952577352523804 0.18655452132225037
0 0.6510306000709534 0.3778391480445862 0.17235004901885986 0.1510104537010193
0 0.4874850660562515 0.34678319096565247 0.1675853431224823 0.1532038450241089
0 0.32813921570777893 0.3133730888366699 0.1785440444946289 0.1549796462059021
0 0.16404183581471443 0.282986581325531 0.18882962316274643 0.16109472513198853
0 0.562673807144165 0.21248333901166916 0.17938625812530518 0.18032552301883698
0 0.382744699716568 0.1780145987868309 0.2031867504119873 0.18269939720630646
0 0.19705530628561974 0.1395757794380188 0.21724046021699905 0.1864595115184784
4 0.293659508228302 0.8405932188034058 0.059862613677978516 0.21582555770874023
4 0.01574796251952648 0.7940701842308044 0.03149592503905296 0.2142777442932129
4 0.5171269327402115 0.8722507953643799 0.06051155924797058 0.22482800483703613
4 0.7277956604957581 0.8826371431350708 0.08138620853424072 0.2347257137298584
