0 0.919691543204239 0.047958925419596905 0.1606169135915222 0.07454071823258553
0 0.7613340045318508 0.041115297330512696 0.17121992709593004 0.07358855616699644
0 0.5982270537935312 0.03816545858418742 0.17317462866250188 0.07633091716837484
0 0.4377121874616441 0.0340058101560174 0.16382767742675003 0.0680116203120348
0 0.27405265046548266 0.030881539285968367 0.16994602296272093 0.06176307857193673
0 0.0984054834027421 0.02867339528262245 0.1968109668054842 0.0573467905652449
0 0.9185452738360977 0.12227426863011859 0.16290945232780463 0.07903258932940994
0 0.757978844888024 0.1126520107787713 0.1721543843672143 0.0839936782030365
0 0.5945752359284309 0.103446374335103 0.16858602442290482 0.07819943258001247
0 0.4292159121840373 0.098911033153042 0.1743646184416765 0.07465300639530363
0 0.2636027495822448 0.0972138435171089 0.1690957031707981 0.08387467288684491
0 0.09301020238484531 0.090429708523236 0.18602040476969062 0.08482681582666499
0 0.9139573733373539 0.19032164074416322 0.17208525332529212 0.0791515994270438
0 0.7485063222032315 0.1839507208115651 0.17155971465621322 0.07737206895000051
0 0.5849741868137215 0.1761650608207627 0.1682461794397706 0.07441493949146388
0 0.422886974160828 0.1693833538398105 0.1683311396796554 0.07536130724230689
0 0.25820865149915584 0.16582417711658676 0.1734293932401883 0.08121507703991684
0 0.08897514527636292 0.16054836466600308 0.17795029055272585 0.07879451157781506
0 0.9124284392307387 0.25887245016905513 0.17514312153852263 0.0779076956738711
0 0.743919562186591 0.2521181059511287 0.17461937899576796 0.07749111251773011
0 0.5803874662657886 0.2443314915340541 0.16518759300555508 0.07429596662902763
0 0.4168553703449862 0.23654487711697947 0.1746195018886602 0.07749111729917238
0 0.249244764268938 0.23144759176645216 0.17334449042315458 0.08026968959461839
0 0.08438700767853913 0.2280635357073705 0.16877401535707826 0.07784817149928519
0 0.9069914625072872 0.32931504458459254 0.1860170749854254 0.07725981416786809
0 0.734573410584211 0.3219986965644368 0.17155983754910564 0.07737207373144278
0 0.5732086525659388 0.3157204142535359 0.1639124586471573 0.07707453414303139
0 0.41027155081919187 0.30985528705686144 0.1745345964790948 0.07654570098620017
0 0.24516815316696788 0.30248189726394614 0.16824615130907913 0.07441496716377699
0 0.08362354267482791 0.29537385259644633 0.16724708534965582 0.0760159392823691
0 0.9061847559779639 0.39659555874411623 0.18763048804407234 0.08092431685323831
0 0.7305817904453489 0.39208663311572717 0.17597839568871143 0.07565884204927598
0 0.5700668206057757 0.3848927230560996 0.157454325550903 0.07305297247610609
0 0.4094235146937797 0.37911684147904495 0.1757235135379936 0.07282074557924412
0 0.24325789941692116 0.3750244677484021 0.16850103345979706 0.0772530636338089
0 0.0827321043179951 0.3677379224577984 0.1654642086359902 0.0792110899525138
0 0.8986607185302423 0.4688703423435895 0.19144378463010336 0.07814570630625434
0 0.7213216129492148 0.4610208930343697 0.17631818324899473 0.07944235483228013
0 0.5591908635332463 0.45471280799391667 0.16102379412377488 0.07884728999978408
0 0.40003589612228696 0.4494701496327034 0.1700309270760204 0.07731258780839484
0 0.23531407746251337 0.4463836259898698 0.16875591561051484 0.08009116010384082
0 0.07873875322210416 0.4400127084479928 0.15747750644420833 0.08021599218853392
0 0.8924168309721883 0.5383963181256308 0.19475833112037588 0.08110284634401588
0 0.7157565777926658 0.5315229279492537 0.17181471969982354 0.0802101702014747
0 0.5523528907287489 0.5223173029510207 0.16824618203230218 0.07441496835913752
0 0.38865083083587404 0.5164233981563598 0.17121992191086693 0.07358849843164905
0 0.22703127881295804 0.5129822308145857 0.16408247013512792 0.07896623758062832
0 0.07559550829442567 0.5081205862375284 0.15119101658885134 0.07643242167018244
0 0.8838365504671439 0.6083066778193751 0.18982996874745328 0.07714080407023427
0 0.7115949783201192 0.6035035735252774 0.16654648680560613 0.07246369137913133
0 0.5480204143329226 0.5961896666670086 0.1724949692846588 0.07080998506691105
0 0.3830443875641266 0.5873981818699889 0.16986102811081566 0.07542077368154543
0 0.22019219122694517 0.5805876383603423 0.16824615130907913 0.07441496716377693
0 0.0710925352417658 0.5738035033664695 0.1421850704835316 0.07536711010359709
0 0.8763175925896696 0.6749350016984037 0.19331346062154675 0.08198868552849703
0 0.7025471447163781 0.6700733977636055 0.1669712575514024 0.07719348650531788
0 0.5503584302873548 0.6641521314012795 0.17155983236404238 0.07737201599609544
0 0.3822388067360287 0.6561869992680127 0.1713048325054955 0.07453397247996862
0 0.21607214686958565 0.6520945848951107 0.164082470135128 0.07896623758062826
0 0.07045625813719013 0.6434187221983892 0.14091251627438026 0.0840600058655867
0 0.8708385662861846 0.7444916922009694 0.19713747712810703 0.0736539071100838
0 0.6934983546691265 0.7366421998587694 0.1636576993893315 0.07423644245444172
0 0.5359996747676334 0.7300400056625407 0.16357267627193722 0.07329107909537469
0 0.37680225724442284 0.7252700265901398 0.16637659302546476 0.07057193498762926
0 0.21131548918400597 0.7221537697276869 0.17614828428378987 0.07755054070543066
0 0.0648066424774612 0.7153696658131886 0.1296132849549224 0.07790763793852373
0 0.8643821878357492 0.8163830539058354 0.19781713520968458 0.0812218564416497
0 0.6907806158526428 0.8096286690456499 0.16263757007454382 0.07985311121991967
0 0.5304356407083657 0.8005420505589691 0.17130492467516467 0.07453397606605028
0 0.36673363823834165 0.7946471630680426 0.1681612510845769 0.07346960858615215
0 0.20519898643992784 0.7902606371486438 0.16697125755140266 0.07719348650531788
0 0.06404237127951125 0.7834170090595596 0.1280847425590225 0.0783836974548282
0 0.8580533360142153 0.8868544147424542 0.19756224787390342 0.07838370223627045
0 0.686193940093279 0.8777951159858189 0.15957888887812766 0.07973410590372798
0 0.5249566257428973 0.8700977565722284 0.17614828428378992 0.07755054070543066
0 0.3581109638824291 0.8650302621766677 0.16977604492530263 0.07447449133836292
0 0.19691609964429843 0.8568602234742648 0.16484768255237964 0.07051244906458132
0 0.06026168465805768 0.8486570018148177 0.12052336931611536 0.07454066527868042
0 0.8484103879360578 0.9515027181112661 0.18898041688573375 0.06768109834716629
0 0.6757012678753999 0.9433590206264049 0.1708802676136023 0.06980510590078193
0 0.5151863060069998 0.9361648501600341 0.16799134654715298 0.07157739150723186
0 0.35445808412173385 0.9313346741703686 0.16773646996865427 0.06873969798927093
0 0.19245576074248227 0.9236082454936534 0.15881428909154272 0.07122033611175849
0 0.05478195059012442 0.9176210214300322 0.10956390118024883 0.07057873847559348
