0 0.020013153553009033 0.3496798202395439 0.040026307106018066 0.31394268572330475
0 0.0659635066986084 0.3651958554983139 0.06793355941772461 0.2888963520526886
0 0.12475472688674927 0.37139030545949936 0.0668414831161499 0.28733010590076447
0 0.18947172164916992 0.37986093014478683 0.0641028881072998 0.2911728769540787
0 0.2512263059616089 0.38719407469034195 0.06947588920593262 0.29757682979106903
0 0.31594324111938477 0.39566570520401 0.06655752658843994 0.2985726594924927
0 0.3786100745201111 0.4045640826225281 0.07612097263336182 0.30839288234710693
0 0.44245970249176025 0.41075892746448517 0.07254576683044434 0.3304508626461029
0 0.5061286091804504 0.4197995960712433 0.07411575317382812 0.3081081509590149
0 0.5754029750823975 0.42820051312446594 0.0742955207824707 0.31095415353775024
0 0.6442662477493286 0.4351072311401367 0.07128715515136719 0.310526967048645
0 0.7179622054100037 0.44557173550128937 0.07465517520904541 0.31664714217185974
0 0.794300377368927 0.45425674319267273 0.07456529140472412 0.3152241110801697
0 0.8693656027317047 0.4670702815055847 0.08558124303817749 0.3323017358779907
0 0.9444177746772766 0.4640856832265854 0.08366477489471436 0.3334398567676544
