0 0.7453293800354004 0.5676040649414062 0.12652488052845 0.6697950959205627
0 0.6767938733100891 0.807285726070404 0.05745311453938484 0.12744298577308655
0 0.6723279356956482 0.6932337880134583 0.05543174222111702 0.10340254753828049
0 0.6690559387207031 0.596505880355835 0.05579938739538193 0.11427105963230133
0 0.6657103896141052 0.49760350584983826 0.05102386698126793 0.11592472344636917
0 0.6642934679985046 0.40176793932914734 0.04709421470761299 0.10684002190828323
0 0.6238269805908203 0.8238715529441833 0.05774720013141632 0.1361369639635086
0 0.5743118524551392 0.8346332907676697 0.052677594125270844 0.12909673154354095
0 0.5719940066337585 0.7301678657531738 0.04951825737953186 0.10709987580776215
0 0.6174843907356262 0.6183950304985046 0.05587290972471237 0.11644449084997177
0 0.568611741065979 0.6301791667938232 0.04709421470761299 0.10684002190828323
0 0.6140285730361938 0.5162328481674194 0.05844399705529213 0.1210513710975647
0 0.5659465193748474 0.5333861708641052 0.045661088079214096 0.10018961131572723
0 0.5640330910682678 0.44087541103363037 0.04859982058405876 0.11566489934921265
0 0.6119323372840881 0.4182877540588379 0.05359591171145439 0.12053170055150986
0 0.6598457098007202 0.3062562346458435 0.04951825737953186 0.10709989070892334
0 0.6087706685066223 0.32482054829597473 0.05315474420785904 0.1074897050857544
0 0.5604861974716187 0.35399362444877625 0.0469471700489521 0.10249309241771698
0 0.5275148153305054 0.8538302779197693 0.05517515912652016 0.1315300315618515
0 0.5238016247749329 0.7440593838691711 0.05679134652018547 0.10787952691316605
0 0.5207870006561279 0.6549391746520996 0.05194230377674103 0.10735972225666046
0 0.5194435715675354 0.5612771511077881 0.05557878687977791 0.10774954408407211
0 0.5156393647193909 0.4667876362800598 0.05201582610607147 0.10953328013420105
0 0.5130834579467773 0.37325552105903625 0.05065622180700302 0.10505630075931549
0 0.47814667224884033 0.8689391016960144 0.05054767057299614 0.1375318318605423
0 0.4331321716308594 0.8868537545204163 0.048893965780735016 0.12435883283615112
0 0.39089009165763855 0.8968358635902405 0.05109738931059837 0.11809824407100677
0 0.34618717432022095 0.9059906601905823 0.04867340251803398 0.11783840507268906
0 0.30416566133499146 0.9224942922592163 0.04602875933051109 0.11105704307556152
0 0.2632463872432709 0.9356062412261963 0.04389883577823639 0.11949213594198227
0 0.26361092925071716 0.8384884595870972 0.038093939423561096 0.09071501344442368
0 0.3044934570789337 0.8242893218994141 0.04845280200242996 0.11131688952445984
0 0.3453024625778198 0.8079156875610352 0.04566115140914917 0.10018961876630783
0 0.38804003596305847 0.7946088314056396 0.04702069237828255 0.1046665832400322
0 0.43187978863716125 0.7779102921485901 0.05058269947767258 0.1028827503323555
0 0.4775378406047821 0.7610177397727966 0.05065625160932541 0.10505630820989609
0 0.4727417230606079 0.6731787323951721 0.04709424450993538 0.10684002935886383
0 0.4283696711063385 0.6921157240867615 0.04444865137338638 0.1000596359372139
0 0.38563215732574463 0.7054235935211182 0.05065622180700302 0.10505630075931549
0 0.34421637654304504 0.7218613028526306 0.041804004460573196 0.09327827394008636
0 0.3004133701324463 0.7396460771560669 0.05058269947767258 0.1028827503323555
0 0.2639569342136383 0.7588247060775757 0.044375091791152954 0.0978851169347763
0 0.2632938027381897 0.667271077632904 0.03937995806336403 0.09301842749118805
0 0.30235809087753296 0.6532667875289917 0.04808519408106804 0.10044946521520615
0 0.3424510359764099 0.6336983442306519 0.049297694116830826 0.10057944059371948
0 0.38579434156417847 0.6203255653381348 0.04459569230675697 0.10440663248300552
0 0.42948704957962036 0.599280059337616 0.050876788794994354 0.11157673597335815
0 0.4737119972705841 0.5759960412979126 0.04823223873972893 0.10479646176099777
0 0.46963292360305786 0.49135375022888184 0.05065622180700302 0.10505630075931549
0 0.4262886047363281 0.5047256350517273 0.047938115894794464 0.09610144793987274
0 0.3826694190502167 0.5279446840286255 0.044228050857782364 0.09353812783956528
0 0.34094199538230896 0.553142249584198 0.044448647648096085 0.10005960613489151
0 0.3000962436199188 0.5684286952018738 0.04687364771962166 0.10031959414482117
0 0.2640995383262634 0.5831953287124634 0.04187752678990364 0.09545180201530457
0 0.26009294390678406 0.5007255673408508 0.04430156946182251 0.09571162611246109
0 0.3009387254714966 0.4854401648044586 0.04415452852845192 0.09136468917131424
0 0.3405729830265045 0.4702835977077484 0.042171649634838104 0.10414678603410721
0 0.3840818703174591 0.4438038170337677 0.04823223873972893 0.10479646176099777
0 0.4234210252761841 0.4199524223804474 0.04294298216700554 0.09123475849628448
0 0.46814242005348206 0.39334365725517273 0.04944470897316933 0.10492642968893051
