0 0.3139650225639343 0.26793599128723145 0.20605504512786865 0.2664710283279419
0 0.10644525289535522 0.2752560079097748 0.21289050579071045 0.2576870322227478
0 0.3110349774360657 0.5190340280532837 0.2177729606628418 0.25915098190307617
0 0.10449200868606567 0.5270860195159912 0.20898401737213135 0.2664710283279419
0 0.30712902545928955 0.7386530041694641 0.21581995487213135 0.17716002464294434
0 0.10253900289535522 0.7452419996261597 0.20507800579071045 0.1727670431137085
0 0.9350590109825134 0.33967798948287964 0.12793004512786865 0.2225480079650879
0 0.7744140028953552 0.35871198773384094 0.18945300579071045 0.24304501712322235
0 0.5961909890174866 0.38872599601745605 0.16308605670928955 0.21522700786590576
0 0.9365230202674866 0.5563690066337585 0.11914098262786865 0.22547602653503418
0 0.7768549919128418 0.5673499703407288 0.19042998552322388 0.22108301520347595
0 0.5981450080871582 0.5856519937515259 0.1630859375 0.20497798919677734
0 0.9375 0.7415810227394104 0.1132810115814209 0.15080499649047852
0 0.7817380428314209 0.7408490180969238 0.19628900289535522 0.14641296863555908
0 0.5981450080871582 0.7445099949836731 0.1669919490814209 0.13323605060577393
