0 0.9316669702529907 0.3609910011291504 0.12666696310043335 0.1616380214691162
0 0.9291670322418213 0.49461203813552856 0.12166696786880493 0.10560300946235657
0 0.9275000095367432 0.6056029796600342 0.125 0.1163790225982666
0 0.7891669869422913 0.33728399872779846 0.14166700839996338 0.1745690107345581
0 0.6533330082893372 0.34159499406814575 0.12999999523162842 0.1745690107345581
0 0.5233330130577087 0.3394399881362915 0.12999999523162842 0.1702589988708496
0 0.3941670060157776 0.3394399881362915 0.1283329725265503 0.1702589988708496
0 0.2658330202102661 0.3394399881362915 0.1283329725265503 0.1702589988708496
0 0.12999999523162842 0.3405170142650604 0.14333295822143555 0.16810297966003418
0 0.789167046546936 0.5096979737281799 0.14500004053115845 0.1702589988708496
0 0.6541669964790344 0.5064659714698792 0.13499999046325684 0.17241397500038147
0 0.5233330130577087 0.5086209774017334 0.1333329677581787 0.16810297966003418
0 0.3933330178260803 0.5075430274009705 0.12666702270507812 0.1702589988708496
0 0.2658330202102661 0.5053880214691162 0.1283329725265503 0.1659480333328247
0 0.13166701793670654 0.5075430274009705 0.13999998569488525 0.1616380214691162
0 0.2008330225944519 0.6616380214691162 0.11833298206329346 0.1422410011291504
0 0.7224999666213989 0.6573280096054077 0.12833303213119507 0.1379309892654419
0 0.4591670036315918 0.6756470203399658 0.125 0.10560297966003418
1 0.5891669988632202 0.6756470203399658 0.07500004768371582 0.10129296779632568
1 0.3291670083999634 0.6745690107345581 0.08166694641113281 0.09913802146911621
1 0.10750001668930054 0.6691809892654419 0.05833303928375244 0.11422395706176758
1 0.8174999952316284 0.6681029796600342 0.06166696548461914 0.1293100118637085
