0 0.14907945692539215 0.03062341921031475 0.1654011458158493 0.0612468384206295
0 0.2944631278514862 0.05168828368186951 0.16022974252700806 0.10337656736373901
0 0.44097012281417847 0.07360175251960754 0.16691191494464874 0.1472035050392151
0 0.5874975323677063 0.09725548326969147 0.16210754215717316 0.1847216784954071
0 0.7325844764709473 0.13995131850242615 0.1640300452709198 0.18528743088245392
0 0.8782442808151245 0.18206283450126648 0.1628851592540741 0.18355172872543335
0 0.970943808555603 0.22069749236106873 0.058112435042858124 0.16962070763111115
0 0.1345309317111969 0.10929924249649048 0.16192395985126495 0.18326888978481293
0 0.2776036262512207 0.15215523540973663 0.15981893241405487 0.18125160038471222
0 0.4216385781764984 0.19529438018798828 0.1638464778661728 0.18383464217185974
0 0.5687388181686401 0.23782978951931 0.16595160961151123 0.18585292994976044
0 0.7150614261627197 0.27862951159477234 0.16155707836151123 0.18036526441574097
0 0.8592798113822937 0.3203168511390686 0.1617405265569687 0.18181706964969635
0 0.9609923362731934 0.3593948185443878 0.0780152976512909 0.17514608800411224
0 0.1179681271314621 0.2482600212097168 0.1617404967546463 0.18181703984737396
0 0.26083695888519287 0.2887962758541107 0.1592256873846054 0.18387360870838165
0 0.404001384973526 0.3309263586997986 0.16306878626346588 0.18500454723834991
0 0.5498660802841187 0.37535789608955383 0.16462330520153046 0.1826653927564621
0 0.6960968971252441 0.41688352823257446 0.16233469545841217 0.17919528484344482
0 0.8423286080360413 0.45841044187545776 0.16462327539920807 0.1826653778553009
0 0.9534209966659546 0.49589428305625916 0.09315799921751022 0.17111048102378845
0 0.09758472442626953 0.38986101746559143 0.16535726189613342 0.1884736865758896
0 0.24267169833183289 0.4325568675994873 0.16151416301727295 0.18734274804592133
0 0.3886975347995758 0.4717634320259094 0.1654011309146881 0.18149645626544952
0 0.5346530079841614 0.5154687762260437 0.16137349605560303 0.1789124757051468
0 0.678779661655426 0.5578820109367371 0.16137349605560303 0.1789124757051468
0 0.8221285939216614 0.598559558391571 0.15981894731521606 0.18125157058238983
0 0.9421198964118958 0.6360434293746948 0.11576016247272491 0.1725243330001831
0 0.08189638704061508 0.5265027284622192 0.16379277408123016 0.18585295975208282
0 0.22533206641674042 0.5697832107543945 0.1590421199798584 0.18242080509662628
0 0.36964133381843567 0.6107433438301086 0.16443988680839539 0.18121357262134552
0 0.5162614583969116 0.6531374454498291 0.16366301476955414 0.18238279223442078
0 0.6626980900764465 0.6969833970069885 0.16480672359466553 0.18411719799041748
0 0.8068238496780396 0.739396333694458 0.1590421497821808 0.18242080509662628
0 0.93278568983078 0.775711178779602 0.12811127305030823 0.17192071676254272
0 0.07146434485912323 0.6660672426223755 0.14292868971824646 0.1809309870004654
0 0.20703129470348358 0.7067256569862366 0.16306880116462708 0.1850046068429947
0 0.35298770666122437 0.7504312992095947 0.16517381370067596 0.1870218962430954
0 0.49779948592185974 0.7953048944473267 0.16078023612499237 0.18153445422649384
0 0.6424756646156311 0.8333613872528076 0.1616007685661316 0.17338702082633972
0 0.7867847681045532 0.8743225336074829 0.16004635393619537 0.1757262647151947
0 0.9127684831619263 0.9142946600914001 0.1271504908800125 0.1714106947183609
0 0.06265643984079361 0.797041118144989 0.12531287968158722 0.16293945908546448
0 0.19042560458183289 0.8381435871124268 0.16260495781898499 0.16669195890426636
0 0.33551257848739624 0.8808394074440002 0.16260495781898499 0.16669195890426636
0 0.48348239064216614 0.9208015203475952 0.1587618589401245 0.1583968997001648
0 0.626258373260498 0.9409993886947632 0.1599055975675583 0.11800123751163483
0 0.7696990370750427 0.9597446918487549 0.16237862408161163 0.08051064610481262
0 0.8988404870033264 0.982101321220398 0.12664343416690826 0.03579737991094589
