0 0.07284466177225113 0.14060820639133453 0.14568932354450226 0.12601731717586517
0 0.23084145784378052 0.17898407578468323 0.19450795650482178 0.15157534182071686
0 0.4114755392074585 0.22587300837039948 0.1910317838191986 0.1541822850704193
0 0.5876521468162537 0.27348631620407104 0.1855931580066681 0.145877867937088
0 0.7635071277618408 0.3204077184200287 0.19012555480003357 0.1527976095676422
0 0.9169522523880005 0.3684706389904022 0.14077341556549072 0.12196074426174164
0 0.06757684797048569 0.24312159419059753 0.13515369594097137 0.15401910245418549
0 0.21883761882781982 0.28735458850860596 0.19348622858524323 0.15595215559005737
0 0.39877158403396606 0.3297857642173767 0.18986180424690247 0.15041649341583252
0 0.5753348469734192 0.37749555706977844 0.1867467612028122 0.14269161224365234
0 0.7544863224029541 0.4234039783477783 0.19398030638694763 0.1468111276626587
0 0.9091187715530396 0.4607478976249695 0.13771024346351624 0.1350925862789154
0 0.06041307747364044 0.3517985939979553 0.12082615494728088 0.15463005006313324
0 0.20418855547904968 0.39445358514785767 0.1931077539920807 0.15933169424533844
0 0.38734400272369385 0.440136194229126 0.19852906465530396 0.16068387031555176
0 0.5668821334838867 0.48614105582237244 0.1858741194009781 0.15521115064620972
0 0.7437843084335327 0.5272043943405151 0.19141018390655518 0.15080271661281586
0 0.8972548842430115 0.5642585158348083 0.13901197910308838 0.14004886150360107
0 0.05647040158510208 0.45638737082481384 0.11294080317020416 0.13831204175949097
0 0.19282789528369904 0.5042089819908142 0.19903938472270966 0.15849483013153076
0 0.3771441578865051 0.5501811504364014 0.19439324736595154 0.15733598172664642
0 0.5568142533302307 0.5949944257736206 0.18974608182907104 0.15617689490318298
0 0.7331228852272034 0.6414161920547485 0.18767009675502777 0.15102750062942505
0 0.8841298222541809 0.6827517151832581 0.13967157900333405 0.14600369334220886
0 0.049117740243673325 0.5727075338363647 0.09823548048734665 0.16135753691196442
0 0.18191078305244446 0.617133617401123 0.1950528621673584 0.16329076886177063
0 0.3640444576740265 0.6576666235923767 0.193222314119339 0.15356993675231934
0 0.544028103351593 0.706841230392456 0.1907505989074707 0.14484797418117523
0 0.7227911949157715 0.7526516914367676 0.18946607410907745 0.14684385061264038
0 0.874070942401886 0.7879370450973511 0.135782390832901 0.13808567821979523
0 0.041236892342567444 0.678905725479126 0.08247378468513489 0.14510361850261688
0 0.1677243560552597 0.7200649380683899 0.19477173686027527 0.15395651757717133
0 0.35153019428253174 0.7634629011154175 0.1942441314458847 0.1491931974887848
0 0.5324859023094177 0.8110437393188477 0.19061872363090515 0.1436573565006256
0 0.7110429406166077 0.8623104095458984 0.1912955343723297 0.15656335651874542
0 0.8621246814727783 0.8993815183639526 0.13566726446151733 0.14384721219539642
