0 0.6069340109825134 0.4079799950122833 0.06543004512786865 0.17752403020858765
0 0.5556640028953552 0.4307819902896881 0.03320300579071045 0.13843601942062378
0 0.5229489803314209 0.4299669861793518 0.028320014476776123 0.1270359754562378
0 0.5424799919128418 0.3436479866504669 0.0654299259185791 0.052116990089416504
0 0.4770509898662567 0.40472298860549927 0.06542998552322388 0.1742669939994812
0 0.4130859971046448 0.40472298860549927 0.0625 0.1742669939994812
0 0.3476560115814209 0.4055370092391968 0.06835901737213135 0.17589598894119263
0 0.9389649629592896 0.33957698941230774 0.08300799131393433 0.04723101854324341
0 0.8666989803314209 0.34039101004600525 0.06152302026748657 0.04560297727584839
0 0.8017579913139343 0.34039101004600525 0.06835901737213135 0.04560297727584839
0 0.7358399629592896 0.33957698941230774 0.06347697973251343 0.04723101854324341
0 0.671875 0.3420200049877167 0.06445300579071045 0.052116990089416504
