2 0.5556640028953552 0.7910559773445129 0.03125 0.09530794620513916
2 0.6723630428314209 0.8020529747009277 0.028320014476776123 0.10850405693054199
2 0.6992189884185791 0.77565997838974 0.023437976837158203 0.11143696308135986
2 0.4301760196685791 0.8445749878883362 0.028319954872131348 0.12023496627807617
2 0.3945310115814209 0.840175986289978 0.0351560115814209 0.13783001899719238
2 0.72216796875 0.5109969973564148 0.018554985523223877 0.045454978942871094
0 0.6425780057907104 0.37610000371932983 0.0898439884185791 0.12463301420211792
0 0.5512700080871582 0.3768329918384552 0.0927729606628418 0.12610000371932983
0 0.4565430283546448 0.3768329918384552 0.09668004512786865 0.12610000371932983
0 0.36132800579071045 0.37976500391960144 0.09375 0.13196498155593872
0 0.28759801387786865 0.37976500391960144 0.05371105670928955 0.13196498155593872
0 0.6435549855232239 0.49706700444221497 0.09179699420928955 0.11143702268600464
0 0.5522459745407104 0.5 0.09082001447677612 0.10557198524475098
0 0.4575200080871582 0.5014659762382507 0.0986330509185791 0.10850396752357483
0 0.3627930283546448 0.5051320195198059 0.0947270393371582 0.10703802108764648
0 0.28759801387786865 0.5065979957580566 0.05566394329071045 0.10997101664543152
0 0.16210901737213135 0.24340200424194336 0.10351598262786865 0.13196498155593872
0 0.16259801387786865 0.3746330142021179 0.1025390625 0.13343101739883423
0 0.16308599710464478 0.5124629735946655 0.10351598262786865 0.14809396862983704
0 0.18554699420928955 0.6532260179519653 0.0625 0.1392960548400879
0 0.7290040254592896 0.3475069999694824 0.06542998552322388 0.16422301530838013
4 0.6225590109825134 0.5967739820480347 0.012694954872131348 0.08797705173492432
4 0.5356450080871582 0.5975069999694824 0.0185549259185791 0.08944296836853027
4 0.44726598262786865 0.5967739820480347 0.015625 0.0850440263748169
4 0.3618159890174866 0.5982400178909302 0.018555045127868652 0.07331395149230957
4 0.5957030057907104 0.5791789889335632 0.01367199420928955 0.05571794509887695
4 0.5200200080871582 0.5828449726104736 0.012695074081420898 0.05718505382537842
