0 0.058180589228868484 0.2564477026462555 0.11636117845773697 0.10716361552476883
0 0.2068120390176773 0.2713125944137573 0.19301997125148773 0.1280316859483719
0 0.3927885890007019 0.2922954857349396 0.18920357525348663 0.13128481805324554
0 0.5742986798286438 0.31465932726860046 0.1840871423482895 0.12346628308296204
0 0.7554378509521484 0.3363717496395111 0.1883510947227478 0.12998105585575104
0 0.9139587879180908 0.36250364780426025 0.13885052502155304 0.10544110089540482
0 0.05571703985333443 0.36150044202804565 0.11143407970666885 0.13622303307056427
0 0.20173266530036926 0.382428914308548 0.19164909422397614 0.13275153934955597
0 0.38670918345451355 0.3990151882171631 0.18823948502540588 0.12753961980342865
0 0.5686171054840088 0.42141997814178467 0.18551380932331085 0.11996715515851974
0 0.7530283331871033 0.4416295289993286 0.1927967369556427 0.12314676493406296
0 0.9120516180992126 0.45677080750465393 0.1347399204969406 0.1196017935872078
0 0.05198194086551666 0.4731050729751587 0.10396388173103333 0.1371975988149643
0 0.19389162957668304 0.4926477372646332 0.1910199671983719 0.136332705616951
0 0.3823426067829132 0.5120456218719482 0.19659802317619324 0.13690687716007233
0 0.5671516060829163 0.5322960615158081 0.18373700976371765 0.133152037858963
0 0.7489687204360962 0.5479439496994019 0.1898326426744461 0.12770363688468933
0 0.9067966938018799 0.5629621744155884 0.13575968146324158 0.1245676577091217
0 0.05172085016965866 0.5801118612289429 0.10344170033931732 0.11953786015510559
0 0.18955397605895996 0.6050678491592407 0.19728292524814606 0.13454636931419373
0 0.3791993260383606 0.624588668346405 0.1925024539232254 0.1340543031692505
0 0.5640642046928406 0.6436174511909485 0.18772092461585999 0.1335621178150177
0 0.745630145072937 0.6647595167160034 0.18590451776981354 0.12851424515247345
0 0.9012428522109985 0.6844576597213745 0.13603879511356354 0.1306733787059784
0 0.04767148196697235 0.6996113061904907 0.0953429639339447 0.14363139867782593
0 0.1858723908662796 0.7206217050552368 0.19278158247470856 0.1401599496603012
0 0.3729524612426758 0.7349716424942017 0.19153739511966705 0.13030897080898285
0 0.5584195852279663 0.7583560347557068 0.18955352902412415 0.1215980127453804
0 0.7424310445785522 0.778523325920105 0.18807202577590942 0.12387645989656448
0 0.8979250192642212 0.7920759320259094 0.13251660764217377 0.12301886081695557
0 0.04339831694960594 0.8087323904037476 0.08679663389921188 0.1274297833442688
0 0.1782277226448059 0.8265671133995056 0.19313161075115204 0.13047319650650024
0 0.36718812584877014 0.843564510345459 0.19290834665298462 0.12558919191360474
0 0.553535521030426 0.8651987910270691 0.18949772417545319 0.12037723511457443
0 0.7376946210861206 0.8909024596214294 0.18931517004966736 0.13372622430324554
0 0.8931046724319458 0.9062861204147339 0.13199858367443085 0.12904246151447296
