0 0.5079666376113892 0.036447376012802124 0.16138684749603271 0.07289475202560425
0 0.6687037348747253 0.04305753484368324 0.16601316630840302 0.08611506968736649
0 0.8311957716941833 0.052534766495227814 0.16525401175022125 0.10506953299045563
0 0.9544629454612732 0.05932857096195221 0.0910741314291954 0.1094447448849678
0 0.503052830696106 0.1611819565296173 0.16728079319000244 0.2107294201850891
0 0.663232147693634 0.17705771327018738 0.1690365970134735 0.20798854529857635
0 0.825314998626709 0.19237551093101501 0.17096970975399017 0.2096114605665207
0 0.9514402747154236 0.20416110754013062 0.09711946547031403 0.2096535563468933
0 0.4939213693141937 0.38594186305999756 0.17508967220783234 0.26506128907203674
0 0.6569417715072632 0.40134304761886597 0.1712825447320938 0.26326972246170044
0 0.8171801567077637 0.41576454043388367 0.16940851509571075 0.2631010413169861
0 0.9458886384963989 0.4288788139820099 0.10822270810604095 0.2606552243232727
4 0.9862416982650757 0.43402329087257385 0.027516568079590797 0.23898108303546906
