4 0.2258131504058838 0.35207781195640564 0.06578784435987473 0.39427125453948975
4 0.10548754781484604 0.3590679466724396 0.042403943836688995 0.2832894027233124
4 0.29437685012817383 0.37975433468818665 0.04669995605945587 0.29126647114753723
4 0.5391005277633667 0.42810049653053284 0.0454246886074543 0.2867099344730377
4 0.5724577903747559 0.4176514446735382 0.06114815175533295 0.381900817155838
4 0.7861484885215759 0.47685548663139343 0.05089108273386955 0.28622978925704956
4 0.9059518575668335 0.47051548957824707 0.05905803292989731 0.3786444664001465
4 0.7069953083992004 0.5000126957893372 0.04588349908590317 0.1755993515253067
0 0.17807672917842865 0.3414342701435089 0.09099560976028442 0.18932917714118958
0 0.26494207978248596 0.35823479294776917 0.057976607233285904 0.17773161828517914
0 0.05612041428685188 0.3451680541038513 0.08897341042757034 0.11677084863185883
0 0.33720362186431885 0.4229346513748169 0.0659918263554573 0.06939730793237686
0 0.40691593289375305 0.4359685182571411 0.08030181378126144 0.06470081955194473
0 0.4854089915752411 0.45129287242889404 0.08495333790779114 0.06552097946405411
0 0.052172981202602386 0.018381891772150993 0.06014643982052803 0.03676378354430199
0 0.1161254346370697 0.022828083485364914 0.08317331224679947 0.04565616697072983
0 0.19159220159053802 0.027110597118735313 0.07899300754070282 0.05422119423747063
0 0.26450303196907043 0.03415759652853012 0.07620193064212799 0.06831519305706024
0 0.33833813667297363 0.03982268646359444 0.0748009905219078 0.07964537292718887
0 0.4103246331214905 0.05020863935351372 0.08224356919527054 0.10041727870702744
0 0.4871869683265686 0.06191318482160568 0.07782179862260818 0.10325227677822113
0 0.5624804496765137 0.07593114674091339 0.07398518174886703 0.10113189369440079
0 0.629810094833374 0.08928713202476501 0.0784069150686264 0.09902369976043701
0 0.704753577709198 0.10175897181034088 0.07922270894050598 0.09772263467311859
0 0.7778366804122925 0.11390276998281479 0.08166929334402084 0.09382226318120956
0 0.8508058786392212 0.1275109201669693 0.08062372356653214 0.09219399094581604
0 0.9337714910507202 0.13991279900074005 0.09422142803668976 0.10181211680173874
