0 0.7521557842350686 0.39614467351009686 0.14048007592687117 0.12398949190928721
0 0.7300534631477558 0.6048377163096358 0.1473606910877816 0.16944832897578976
0 0.7095744779805735 0.7615369139227111 0.1325163780600107 0.11711415479506282
0 0.8579528435762438 0.6652663035078576 0.08351336803654874 0.14168277358892722
0 0.5515284045069109 0.5211024795108591 0.12421526443120973 0.18678794148727035
0 0.5741553929026673 0.33841661946091006 0.12071511193694018 0.08801015413309415
0 0.4203069899981175 0.3017181851045576 0.1130672307661067 0.07735336674836302
0 0.32592878154922184 0.46317308504234034 0.11664319079699259 0.17096138585226545
0 0.5449401237297803 0.6995943727099926 0.08101298729788398 0.09916165749569394
5 0.48632171243693445 0.7710620755666843 0.18732871844205312 0.19348501801559825
5 0.18362447562016948 0.6918614259871283 0.18573873451210218 0.1954897068926792
