0 0.8348914384841919 0.0368984155356884 0.3302170932292938 0.0737968310713768
0 0.4998735189437866 0.05733781307935715 0.3557005226612091 0.1146756261587143
0 0.166073739528656 0.07768639922142029 0.332147479057312 0.149871364235878
0 0.8412012457847595 0.38282859325408936 0.31759750843048096 0.7021046280860901
0 0.525367796421051 0.41681134700775146 0.3892471492290497 0.6917151212692261
0 0.18564848601818085 0.45576462149620056 0.3712969720363617 0.6876415014266968
0 0.9639976024627686 0.39629387855529785 0.07200483977794647 0.3278171122074127
0 0.8540605902671814 0.4013653099536896 0.18741244077682495 0.3270057737827301
0 0.690979540348053 0.42125675082206726 0.1770430952310562 0.3221260607242584
0 0.5262267589569092 0.40598592162132263 0.18204066157341003 0.25668153166770935
0 0.366456001996994 0.46275320649147034 0.17470230162143707 0.3330748677253723
0 0.20758669078350067 0.47649937868118286 0.16947828233242035 0.33000802993774414
