0 0.38629674911499023 0.21586154401302338 0.16215600073337555 0.2469836324453354
0 0.5178934931755066 0.2565000653266907 0.17062316834926605 0.26312434673309326
0 0.6501031517982483 0.3126799464225769 0.1654113382101059 0.24930649995803833
0 0.3011280298233032 0.20403924584388733 0.07179250568151474 0.18656036257743835
0 0.2690468728542328 0.3638027608394623 0.06618931144475937 0.17044298350811005
0 0.3536742627620697 0.3931746780872345 0.15664124488830566 0.20618322491645813
0 0.4868621528148651 0.4436071217060089 0.16295714676380157 0.20967908203601837
0 0.6212964653968811 0.4939040541648865 0.15874060988426208 0.2059134840965271
0 0.2402389943599701 0.5186973214149475 0.06449943035840988 0.17731748521327972
0 0.3250536024570465 0.5493652820587158 0.16069719195365906 0.2174094319343567
0 0.4603492021560669 0.5993812680244446 0.16546466946601868 0.216012641787529
0 0.5949695110321045 0.6509748101234436 0.15934553742408752 0.21366746723651886
0 0.20836301147937775 0.6748656034469604 0.07502971589565277 0.18457718193531036
0 0.29735708236694336 0.7144830226898193 0.16550077497959137 0.224623903632164
0 0.4319688677787781 0.7685228586196899 0.162423238158226 0.21914620697498322
0 0.5671678185462952 0.8191128969192505 0.1643267571926117 0.21772608160972595
0 0.17566943168640137 0.8454148769378662 0.06990694999694824 0.19228556752204895
0 0.2662021815776825 0.8831734657287598 0.16530515253543854 0.22347453236579895
0 0.40225401520729065 0.9123828411102295 0.16510936617851257 0.17523430287837982
0 0.5422458052635193 0.9384726285934448 0.16966328024864197 0.12305471301078796
