2 0.14340265095233917 0.30480796098709106 0.21038813889026642 0.32235240936279297
0 0.3903958201408386 0.08646731823682785 0.3916003704071045 0.1582566350698471
0 0.7621500492095947 0.06241432577371597 0.3753608763217926 0.12482865154743195
0 0.4185028374195099 0.33231157064437866 0.40097755193710327 0.266816645860672
0 0.7888456583023071 0.2864324748516083 0.3941164016723633 0.26692575216293335
0 0.4463818669319153 0.5556555986404419 0.4030395448207855 0.2756240963935852
0 0.8101126551628113 0.5121885538101196 0.37977471947669983 0.2706643044948578
0 0.4649164378643036 0.7316572666168213 0.38404637575149536 0.16873745620250702
0 0.8226916193962097 0.69041907787323 0.35461679100990295 0.16777196526527405
0 0.4961337745189667 0.9287649989128113 0.3946755528450012 0.14246998727321625
0 0.8390393257141113 0.9012723565101624 0.32192137837409973 0.18609531223773956
