0 0.08007799834012985 0.12107300013303757 0.04921899735927582 0.23952899873256683
0 0.07460899651050568 0.3658379912376404 0.058594003319740295 0.24738198518753052
0 0.06484399735927582 0.6073300242424011 0.06406199932098389 0.25392699241638184
0 0.21796900033950806 0.11518301069736481 0.050000011920928955 0.22513100504875183
0 0.21289099752902985 0.3625650107860565 0.053905993700027466 0.24607300758361816
0 0.20859399437904358 0.6079840064048767 0.050000011920928955 0.25
0 0.20078100264072418 0.8638740181922913 0.059374988079071045 0.25392699241638184
0 0.3464840054512024 0.8632199764251709 0.0585939884185791 0.25523602962493896
0 0.38085898756980896 0.5981680154800415 0.05703097581863403 0.2382199764251709
0 0.38203099370002747 0.3481679856777191 0.05624997615814209 0.23036599159240723
0 0.3839839994907379 0.11125700175762177 0.06015598773956299 0.21989500522613525
0 0.6390619874000549 0.10536600649356842 0.15156197547912598 0.1295810043811798
0 0.6414059996604919 0.34751299023628235 0.1546880006790161 0.16361302137374878
0 0.6441410183906555 0.5988219976425171 0.15703094005584717 0.17931902408599854
0 0.6464840173721313 0.8553659915924072 0.16484403610229492 0.18979096412658691
