0 0.876848578453064 0.012286576442420483 0.1549374759197235 0.024573152884840965
0 0.7367343902587891 0.03216097131371498 0.1441517174243927 0.06432194262742996
0 0.6005296111106873 0.050301238894462585 0.14861512184143066 0.10060247778892517
0 0.46589910984039307 0.0809997171163559 0.14508025348186493 0.11470036208629608
0 0.3284820318222046 0.11926865577697754 0.14526158571243286 0.11619419604539871
0 0.19302436709403992 0.1539141982793808 0.1437889039516449 0.11145831644535065
0 0.06472525000572205 0.1904074251651764 0.1294505000114441 0.11041787266731262
0 0.9002215266227722 0.16776815056800842 0.15525569021701813 0.13192138075828552
0 0.7592685222625732 0.20854416489601135 0.14913742244243622 0.12591888010501862
0 0.6226902008056641 0.24581152200698853 0.14542120695114136 0.12490485608577728
0 0.48815032839775085 0.28406593203544617 0.1480046659708023 0.13138717412948608
0 0.352511465549469 0.3172186613082886 0.14431017637252808 0.12315633147954941
0 0.23841257393360138 0.34989550709724426 0.10157106071710587 0.11149436980485916
0 0.06272060424089432 0.3970639109611511 0.08910755813121796 0.11242754012346268
0 0.7854633331298828 0.4282834529876709 0.1440843641757965 0.1360958218574524
0 0.6520453095436096 0.4639168083667755 0.1470533162355423 0.13835030794143677
