0 0.979986846446991 0.3496798276901245 0.04002626612782478 0.31394270062446594
0 0.9340364933013916 0.3651958703994751 0.06793352216482162 0.288896381855011
0 0.8752452731132507 0.37139031291007996 0.0668415054678917 0.28733012080192566
0 0.8105282783508301 0.37986093759536743 0.06410286575555801 0.29117289185523987
0 0.7487736940383911 0.38719406723976135 0.06947591155767441 0.29757681488990784
0 0.6840567588806152 0.39566570520401 0.06655754148960114 0.2985726594924927
0 0.6213899254798889 0.4045640826225281 0.07612092792987823 0.30839288234710693
0 0.5575402975082397 0.410758912563324 0.07254577428102493 0.3304508328437805
0 0.49387139081954956 0.4197995960712433 0.07411576807498932 0.3081081509590149
0 0.42459702491760254 0.42820051312446594 0.07429555803537369 0.31095418334007263
0 0.3557337820529938 0.4351072311401367 0.07128717750310898 0.3105269968509674
0 0.2820378243923187 0.4455717206001282 0.07465518265962601 0.31664711236953735
0 0.2056996077299118 0.45425674319267273 0.07456529140472412 0.3152240812778473
0 0.13063441216945648 0.4670702815055847 0.0855812355875969 0.3323017656803131
0 0.055582236498594284 0.4640856981277466 0.08366480469703674 0.3334398865699768
