0 0.815731406211853 0.11854780465364456 0.36853718757629395 0.23709560930728912
0 0.4109112322330475 0.06778346002101898 0.29855772852897644 0.13556692004203796
0 0.7785848379135132 0.3051532506942749 0.44283032417297363 0.2790810763835907
0 0.7405540943145752 0.5181422829627991 0.5188918113708496 0.289864718914032
0 0.26731014251708984 0.4341108500957489 0.3361286520957947 0.24716167151927948
0 0.34371569752693176 0.22075508534908295 0.32417234778404236 0.22362950444221497
0 0.6673914194107056 0.7375651597976685 0.535456657409668 0.2958727180957794
0 0.6036843657493591 0.9097999334335327 0.5041741728782654 0.18040019273757935
0 0.19137392938137054 0.6461188793182373 0.35415521264076233 0.26653149724006653
0 0.14314304292201996 0.8616504669189453 0.2862860858440399 0.2263980656862259
2 0.6243163347244263 0.5184993743896484 0.21531502902507782 0.18637311458587646
2 0.20081612467765808 0.4536527097225189 0.16477277874946594 0.14921578764915466
