0 0.633789 0.433284 0.093750 0.127566
0 0.720703 0.436950 0.087891 0.123167
0 0.812988 0.442082 0.088867 0.127566
0 0.872070 0.442815 0.033203 0.131965
0 0.635254 0.566716 0.094727 0.133431
0 0.727051 0.578446 0.090820 0.145161
0 0.804199 0.576246 0.067383 0.146628
0 0.865723 0.576979 0.055664 0.145161
0 0.265137 0.673754 0.073242 0.168622
0 0.339844 0.676686 0.080078 0.162757
0 0.417480 0.678886 0.075195 0.167155
0 0.501465 0.679619 0.092773 0.165689
0 0.275879 0.891496 0.114258 0.199413
0 0.396973 0.895161 0.127930 0.192082
0 0.524902 0.899560 0.127930 0.200880
0 0.647949 0.935484 0.124023 0.120235
0 0.767090 0.937683 0.114258 0.124633
