0 0.686035 0.267936 0.206055 0.266471
0 0.893555 0.275256 0.212891 0.257687
0 0.688965 0.519034 0.217773 0.259151
0 0.895508 0.527086 0.208984 0.266471
0 0.692871 0.738653 0.215820 0.177160
0 0.897461 0.745242 0.205078 0.172767
0 0.064941 0.339678 0.127930 0.222548
0 0.225586 0.358712 0.189453 0.243045
0 0.403809 0.388726 0.163086 0.215227
0 0.063477 0.556369 0.119141 0.225476
0 0.223145 0.567350 0.190430 0.221083
0 0.401855 0.585652 0.163086 0.204978
0 0.062500 0.741581 0.113281 0.150805
0 0.218262 0.740849 0.196289 0.146413
0 0.401855 0.744510 0.166992 0.133236
