4 0.109766 0.361078 0.039844 0.719760
4 0.302344 0.358084 0.054688 0.713772
4 0.680859 0.352695 0.055469 0.702994
0 0.497656 0.140719 0.328125 0.168862
0 0.497266 0.307784 0.332031 0.165269
0 0.498437 0.462275 0.332813 0.155689
0 0.495312 0.623353 0.328125 0.161677
0 0.495703 0.029341 0.333594 0.056287
0 0.852344 0.025749 0.295312 0.049102
0 0.852344 0.133533 0.295312 0.161677
0 0.852344 0.291018 0.295312 0.162874
0 0.853125 0.454491 0.293750 0.161677
0 0.852734 0.619760 0.294531 0.166467
0 0.204687 0.631138 0.157812 0.167665
0 0.203906 0.462874 0.156250 0.168862
0 0.205859 0.297006 0.152344 0.162874
0 0.204297 0.134132 0.149219 0.162874
0 0.205469 0.026946 0.146875 0.051497
0 0.043359 0.026946 0.085156 0.051497
0 0.045312 0.131737 0.089063 0.170060
0 0.046875 0.297006 0.092188 0.160479
0 0.044531 0.466467 0.087500 0.168862
0 0.045703 0.631737 0.089844 0.166467
