0 0.340278 0.163966 0.107906 0.173499
0 0.459402 0.201621 0.132479 0.182078
0 0.579060 0.236416 0.113248 0.152526
0 0.680021 0.261678 0.090812 0.153480
0 0.748932 0.280744 0.053419 0.134414
0 0.338141 0.319828 0.103632 0.168732
0 0.519231 0.361296 0.098291 0.160153
0 0.623932 0.382269 0.111111 0.152526
0 0.719551 0.399428 0.080128 0.137274
0 0.341880 0.479504 0.115385 0.167779
0 0.462607 0.496663 0.115385 0.160153
0 0.577457 0.509533 0.114316 0.147760
0 0.801282 0.538132 0.040598 0.122974
0 0.370726 0.634414 0.158120 0.151573
0 0.583333 0.649190 0.108974 0.135367
0 0.710470 0.660629 0.134615 0.133460
0 0.493056 0.799333 0.172009 0.100095
5 0.659188 0.867493 0.260684 0.091516
5 0.074252 0.836034 0.120726 0.093422
0 0.768697 0.812679 0.052350 0.096282
