2 0.545898 0.645374 0.095703 0.207048
2 0.666992 0.728341 0.070312 0.237885
0 0.790527 0.232012 0.102539 0.349486
0 0.897461 0.225404 0.101562 0.348018
0 0.981934 0.220999 0.036133 0.336270
0 0.789062 0.728341 0.105469 0.469897
0 0.908203 0.724670 0.101562 0.459618
0 0.443359 0.736417 0.085938 0.459618
0 0.556641 0.733480 0.082031 0.459618
0 0.668457 0.732746 0.088867 0.464023
0 0.450195 0.216593 0.076172 0.430250
0 0.555176 0.207783 0.086914 0.412628
0 0.669922 0.207048 0.101562 0.411160
0 0.349121 0.226872 0.077148 0.424376
0 0.259766 0.241557 0.117188 0.433186
0 0.164551 0.259178 0.116211 0.427313
0 0.071289 0.273128 0.117188 0.428781
0 0.330078 0.754772 0.083984 0.466960
0 0.243652 0.762115 0.124023 0.458150
0 0.143066 0.771659 0.120117 0.453744
0 0.053711 0.784141 0.095703 0.431718
