0 0.495117 0.244135 0.195312 0.153959
0 0.320312 0.241935 0.083984 0.146628
0 0.210449 0.247067 0.081055 0.162757
0 0.093750 0.249267 0.078125 0.161290
0 0.094727 0.402493 0.080078 0.139296
0 0.095215 0.538123 0.081055 0.126100
0 0.211914 0.398094 0.082031 0.139296
0 0.211426 0.536657 0.079102 0.134897
0 0.320801 0.423021 0.081055 0.095308
0 0.321289 0.536657 0.080078 0.126100
0 0.446777 0.412757 0.094727 0.071848
0 0.545410 0.416422 0.094727 0.076246
1 0.461426 0.526393 0.067383 0.146628
0 0.669434 0.242669 0.081055 0.156891
0 0.781738 0.247801 0.077148 0.161290
0 0.783203 0.396628 0.082031 0.142229
0 0.781738 0.537390 0.079102 0.124633
0 0.673340 0.423754 0.081055 0.090909
0 0.674316 0.538123 0.083008 0.126100
0 0.901367 0.246334 0.078125 0.167155
0 0.899414 0.402493 0.078125 0.142229
0 0.900879 0.515396 0.081055 0.074780
4 0.038086 0.390029 0.042969 0.454545
4 0.151855 0.382698 0.043945 0.460411
4 0.265137 0.379765 0.032227 0.439883
4 0.376953 0.381965 0.041016 0.444282
4 0.611328 0.384897 0.046875 0.447214
4 0.728516 0.384164 0.031250 0.445748
4 0.841797 0.382698 0.029297 0.448680
4 0.957031 0.381965 0.029297 0.444282
0 0.093262 0.035924 0.079102 0.068915
0 0.212402 0.035191 0.081055 0.067449
0 0.319336 0.034457 0.078125 0.065982
0 0.438965 0.034457 0.077148 0.065982
0 0.550781 0.035924 0.080078 0.068915
0 0.669922 0.032991 0.080078 0.063050
0 0.781738 0.032991 0.081055 0.063050
0 0.902832 0.033724 0.081055 0.064516
