0 0.660317 0.397375 0.069841 0.126492
0 0.788095 0.335322 0.036508 0.155131
0 0.873810 0.350835 0.103175 0.176611
0 0.963492 0.318616 0.073016 0.112172
0 0.981746 0.630072 0.036508 0.329356
0 0.865079 0.624105 0.063492 0.303103
0 0.807143 0.639618 0.049206 0.257757
0 0.474603 0.645585 0.063492 0.102625
0 0.342063 0.663484 0.049206 0.219570
0 0.153175 0.649165 0.157143 0.224344
0 0.259524 0.644391 0.055556 0.233890
0 0.265873 0.372315 0.065079 0.210024
0 0.155556 0.389021 0.155556 0.243437
0 0.337302 0.399761 0.046032 0.164678
0 0.380952 0.397375 0.044444 0.112172
4 0.426984 0.638425 0.050794 0.307876
4 0.040476 0.656325 0.030159 0.167064
