0 0.090278 0.481203 0.052778 0.067669
0 0.144444 0.483083 0.050000 0.071429
0 0.194444 0.490602 0.044444 0.071429
0 0.240278 0.490602 0.047222 0.063910
0 0.883333 0.312030 0.116667 0.203008
0 0.527778 0.312030 0.033333 0.097744
0 0.579167 0.315789 0.075000 0.127820
0 0.644444 0.332707 0.061111 0.109023
0 0.702778 0.347744 0.055556 0.109023
0 0.750000 0.370301 0.050000 0.093985
0 0.800000 0.377820 0.050000 0.101504
0 0.586111 0.609023 0.088889 0.330827
0 0.654167 0.612782 0.075000 0.300752
0 0.712500 0.612782 0.063889 0.293233
0 0.787500 0.618421 0.108333 0.266917
0 0.513889 0.609023 0.061111 0.323308
0 0.444444 0.622180 0.027778 0.281955
0 0.415278 0.622180 0.030556 0.251880
0 0.386111 0.627820 0.016667 0.240602
0 0.350000 0.631579 0.044444 0.218045
