0 0.078125 0.068359 0.148438 0.134115
0 0.224121 0.068359 0.139648 0.134115
0 0.364258 0.071615 0.140625 0.140625
0 0.504883 0.069010 0.140625 0.135417
0 0.644043 0.069661 0.135742 0.136719
0 0.785645 0.069010 0.145508 0.135417
0 0.929688 0.068359 0.140625 0.134115
0 0.085938 0.492839 0.113281 0.566406
0 0.238770 0.494792 0.125977 0.565104
0 0.371094 0.491536 0.123047 0.571615
0 0.505371 0.493490 0.118164 0.567708
0 0.632324 0.496745 0.127930 0.574219
0 0.781250 0.492188 0.119141 0.572917
0 0.924316 0.494792 0.110352 0.570312
