0 0.042969 0.321615 0.041016 0.135417
0 0.096680 0.320312 0.041016 0.127604
0 0.199707 0.296224 0.153320 0.175781
0 0.326172 0.281250 0.093750 0.177083
0 0.422852 0.268880 0.085938 0.173177
0 0.613281 0.214844 0.279297 0.278646
0 0.870117 0.243490 0.224609 0.140625
0 0.094238 0.480469 0.049805 0.135417
0 0.046875 0.482422 0.046875 0.131510
0 0.199707 0.481120 0.155273 0.162760
0 0.376465 0.483073 0.194336 0.177083
0 0.576660 0.480469 0.200195 0.213542
0 0.840332 0.472005 0.319336 0.274740
4 0.945312 0.473958 0.029297 0.283854
4 0.979004 0.468099 0.028320 0.279948
4 0.962402 0.151042 0.028320 0.265625
4 0.470703 0.259115 0.021484 0.179688
4 0.474609 0.483073 0.021484 0.177083
4 0.374512 0.266927 0.016602 0.174479
4 0.276855 0.282552 0.030273 0.166667
4 0.281250 0.481120 0.019531 0.170573
