0 0.444915 0.272727 0.110169 0.068182
0 0.580508 0.269886 0.144068 0.068182
0 0.690678 0.271307 0.076271 0.053977
0 0.425847 0.383523 0.080508 0.068182
0 0.523305 0.384943 0.105932 0.059659
0 0.639831 0.386364 0.118644 0.068182
0 0.432203 0.507102 0.067797 0.059659
0 0.544492 0.502841 0.156780 0.068182
0 0.675847 0.501420 0.105932 0.065341
0 0.483051 0.620739 0.118644 0.071023
0 0.599576 0.619318 0.105932 0.073864
0 0.692797 0.617898 0.072034 0.065341
0 0.576271 0.764205 0.406780 0.119318
0 0.213983 0.764205 0.139831 0.119318
0 0.065678 0.507102 0.088983 0.053977
