0 0.372559 0.263543 0.084961 0.111274
0 0.465820 0.263543 0.093750 0.111274
0 0.563477 0.262811 0.093750 0.109810
0 0.630859 0.267204 0.023438 0.106881
0 0.631836 0.120059 0.027344 0.120059
0 0.516113 0.109078 0.094727 0.109810
0 0.588867 0.106149 0.041016 0.109810
0 0.420898 0.111274 0.089844 0.102489
0 0.302734 0.109810 0.042969 0.111274
0 0.348633 0.112006 0.050781 0.109810
0 0.452148 0.453148 0.109375 0.171303
0 0.561035 0.445095 0.102539 0.120059
0 0.361328 0.472914 0.070312 0.134700
0 0.171387 0.426061 0.069336 0.330893
0 0.173340 0.185944 0.073242 0.190337
0 0.221191 0.374085 0.026367 0.408492
1 0.374023 0.496340 0.046875 0.090776
