4 0.012207 0.462214 0.022461 0.123023
4 0.068848 0.465729 0.041992 0.130053
4 0.142578 0.460457 0.039062 0.137083
4 0.240234 0.449912 0.046875 0.189807
4 0.211426 0.460457 0.020508 0.130053
4 0.276367 0.452548 0.027344 0.145870
4 0.300293 0.455185 0.022461 0.130053
4 0.342773 0.449033 0.050781 0.191564
4 0.385254 0.457821 0.040039 0.138840
4 0.446289 0.445518 0.050781 0.181019
4 0.552246 0.449912 0.047852 0.196837
4 0.654785 0.450791 0.049805 0.195079
4 0.759277 0.449033 0.051758 0.191564
4 0.855469 0.463093 0.037109 0.138840
4 0.928711 0.464851 0.042969 0.138840
4 0.990723 0.460457 0.018555 0.133568
