0 0.403320 0.019795 0.074219 0.036657
0 0.496094 0.018328 0.095703 0.033724
0 0.601074 0.017595 0.096680 0.032258
0 0.708984 0.013930 0.095703 0.024927
0 0.816895 0.013930 0.090820 0.024927
0 0.915527 0.014663 0.077148 0.026393
0 0.400879 0.089443 0.075195 0.055718
0 0.498047 0.091642 0.093750 0.051320
0 0.602539 0.090909 0.093750 0.049853
0 0.708984 0.090909 0.091797 0.055718
0 0.816406 0.087243 0.087891 0.051320
0 0.918457 0.088710 0.073242 0.057185
0 0.400879 0.170821 0.071289 0.054252
0 0.497070 0.170088 0.093750 0.058651
0 0.602539 0.167889 0.095703 0.051320
0 0.709961 0.167155 0.091797 0.046921
0 0.817871 0.168622 0.090820 0.055718
0 0.918945 0.168622 0.072266 0.052786
0 0.399902 0.252933 0.075195 0.057185
0 0.495605 0.252199 0.096680 0.055718
0 0.601074 0.244868 0.092773 0.049853
0 0.710938 0.249267 0.091797 0.061584
0 0.816895 0.242669 0.094727 0.051320
0 0.918945 0.250000 0.072266 0.060117
0 0.401855 0.330645 0.071289 0.051320
0 0.496582 0.324047 0.094727 0.052786
0 0.601562 0.329912 0.091797 0.058651
0 0.708984 0.324780 0.091797 0.054252
0 0.816895 0.325513 0.092773 0.058651
0 0.919434 0.326246 0.065430 0.051320
0 0.401367 0.403959 0.072266 0.054252
0 0.497070 0.406891 0.093750 0.054252
0 0.602051 0.406891 0.088867 0.054252
0 0.709961 0.409824 0.093750 0.060117
0 0.815430 0.405425 0.089844 0.045455
0 0.919434 0.403959 0.071289 0.057185
0 0.401855 0.488270 0.071289 0.058651
0 0.498047 0.488270 0.091797 0.055718
0 0.602539 0.485337 0.093750 0.061584
0 0.709961 0.486804 0.097656 0.058651
0 0.818359 0.486070 0.095703 0.065982
0 0.915527 0.485337 0.073242 0.055718
0 0.402344 0.563050 0.074219 0.052786
0 0.498047 0.563783 0.099609 0.054252
0 0.602539 0.563783 0.095703 0.054252
0 0.708984 0.563050 0.093750 0.061584
0 0.818848 0.568182 0.098633 0.063050
0 0.915039 0.567449 0.072266 0.061584
0 0.401367 0.643695 0.074219 0.058651
0 0.497559 0.643695 0.096680 0.055718
0 0.604980 0.642229 0.094727 0.058651
0 0.711914 0.642962 0.093750 0.060117
0 0.817383 0.642229 0.097656 0.064516
0 0.916504 0.642962 0.075195 0.068915
0 0.401367 0.719208 0.074219 0.060117
0 0.497559 0.721408 0.098633 0.055718
0 0.604004 0.724340 0.088867 0.052786
0 0.710938 0.722874 0.091797 0.058651
0 0.819336 0.721408 0.095703 0.058651
0 0.918457 0.724340 0.073242 0.052786
0 0.402832 0.803519 0.069336 0.058651
0 0.497559 0.799120 0.092773 0.061584
0 0.602539 0.804985 0.091797 0.055718
0 0.711426 0.804252 0.090820 0.060117
0 0.817871 0.807918 0.094727 0.064516
0 0.917969 0.808651 0.072266 0.057185
0 0.400879 0.881232 0.073242 0.058651
0 0.498535 0.882698 0.094727 0.052786
0 0.605469 0.881965 0.091797 0.054252
0 0.709961 0.882698 0.089844 0.049853
0 0.820312 0.885630 0.091797 0.058651
0 0.917969 0.888563 0.074219 0.058651
0 0.401855 0.965543 0.071289 0.068915
0 0.496094 0.962610 0.097656 0.060117
0 0.602539 0.956745 0.093750 0.060117
0 0.710938 0.965543 0.095703 0.065982
0 0.821777 0.958944 0.098633 0.055718
0 0.917969 0.967742 0.068359 0.064516
