1 0.500000 0.561333 0.072824 0.264000
0 0.500888 0.560000 0.042629 0.218667
0 0.172291 0.316000 0.067496 0.237333
0 0.256661 0.314667 0.101243 0.240000
0 0.339254 0.312000 0.063943 0.234667
0 0.418295 0.314667 0.097691 0.240000
0 0.499112 0.310667 0.063943 0.232000
0 0.580817 0.312000 0.099467 0.234667
0 0.662522 0.313333 0.063943 0.237333
0 0.743339 0.316000 0.097691 0.232000
0 0.826821 0.314667 0.069272 0.229333
0 0.172291 0.560000 0.071048 0.250667
0 0.254885 0.558667 0.094139 0.253333
0 0.336590 0.560000 0.069272 0.256000
0 0.418295 0.560000 0.094139 0.256000
0 0.582593 0.558667 0.099467 0.269333
0 0.663410 0.562667 0.062167 0.261333
0 0.742451 0.561333 0.095915 0.258667
0 0.827709 0.561333 0.074600 0.258667
