0 0.213672 0.458968 0.189844 0.090270
0 0.215234 0.558617 0.192969 0.094959
0 0.157422 0.682884 0.124219 0.071512
0 0.275391 0.685229 0.111719 0.066823
0 0.446875 0.376905 0.128125 0.052755
0 0.574219 0.373388 0.126562 0.059789
0 0.450781 0.470106 0.085938 0.051583
0 0.549219 0.470692 0.110937 0.050410
0 0.453125 0.558617 0.090625 0.052755
0 0.552344 0.565064 0.107813 0.039859
0 0.502344 0.667057 0.142187 0.077374
0 0.691016 0.452521 0.097656 0.091442
0 0.791016 0.453107 0.102344 0.090270
0 0.692187 0.550996 0.093750 0.084408
0 0.791406 0.552169 0.104688 0.082063
3 0.914062 0.565064 0.084375 0.335287
