0 0.123581 0.401667 0.090794 0.147778
0 0.215006 0.403889 0.102144 0.147778
0 0.313367 0.403889 0.094578 0.147778
0 0.402900 0.403333 0.084489 0.146667
0 0.494956 0.404444 0.099622 0.144444
0 0.588272 0.407222 0.087011 0.150000
0 0.682850 0.407778 0.102144 0.148889
0 0.777427 0.407778 0.087011 0.148889
0 0.866330 0.407222 0.090794 0.150000
0 0.129256 0.553889 0.084489 0.152222
0 0.216267 0.555000 0.089533 0.150000
0 0.312736 0.556667 0.103405 0.153333
0 0.404792 0.556667 0.080706 0.153333
0 0.496217 0.557222 0.102144 0.154444
4 0.823455 0.582222 0.042875 0.153333
4 0.923707 0.598889 0.046658 0.175556
