0 0.653320 0.671303 0.187500 0.153734
0 0.475586 0.667643 0.167969 0.158126
0 0.300293 0.666179 0.178711 0.169839
0 0.118652 0.669839 0.198242 0.159590
0 0.643066 0.525622 0.172852 0.131772
0 0.478516 0.520498 0.162109 0.144949
0 0.314453 0.517570 0.169922 0.142020
0 0.136230 0.515373 0.184570 0.152269
0 0.635742 0.396047 0.160156 0.121523
0 0.475098 0.391654 0.155273 0.124451
0 0.318359 0.384334 0.166016 0.124451
0 0.157227 0.380673 0.175781 0.128843
0 0.538574 0.250366 0.165039 0.149341
0 0.361816 0.245242 0.188477 0.147877
0 0.179199 0.237189 0.202148 0.149341
4 0.321777 0.898243 0.043945 0.203514
4 0.031250 0.899707 0.052734 0.200586
4 0.540527 0.893851 0.043945 0.212299
4 0.746094 0.880673 0.062500 0.238653
