0 0.366667 0.282995 0.193651 0.281726
0 0.534127 0.355330 0.131746 0.223350
0 0.639683 0.398477 0.073016 0.177665
0 0.711111 0.434010 0.063492 0.126904
0 0.368254 0.519036 0.193651 0.230964
0 0.207937 0.511421 0.126984 0.703046
0 0.373810 0.725888 0.198413 0.152284
0 0.531746 0.708122 0.142857 0.137056
0 0.642857 0.692893 0.069841 0.126904
0 0.711905 0.682741 0.071429 0.106599
0 0.532540 0.538071 0.147619 0.208122
0 0.640476 0.552030 0.084127 0.175127
0 0.716667 0.563452 0.074603 0.137056
0 0.773810 0.563452 0.033333 0.131980
