0 0.068359 0.031067 0.135156 0.059789
0 0.067969 0.140680 0.134375 0.154748
0 0.235156 0.138335 0.193750 0.145369
0 0.433203 0.135991 0.202344 0.150059
0 0.433203 0.031067 0.202344 0.059789
0 0.233594 0.032239 0.195312 0.062134
0 0.630859 0.030481 0.199219 0.058617
0 0.832031 0.028722 0.204687 0.055100
0 0.968359 0.026377 0.063281 0.050410
0 0.632422 0.127198 0.202344 0.151231
0 0.833984 0.127784 0.200781 0.150059
0 0.967187 0.124267 0.065625 0.143025
0 0.068359 0.291911 0.135156 0.154748
0 0.233984 0.284877 0.196094 0.152403
0 0.432031 0.282532 0.200000 0.157093
0 0.632031 0.279015 0.200000 0.150059
0 0.833203 0.276671 0.202344 0.154748
0 0.967187 0.272567 0.065625 0.146542
0 0.067969 0.439039 0.126562 0.141852
0 0.232031 0.436108 0.201563 0.147714
0 0.430859 0.433763 0.196094 0.143025
0 0.630469 0.428488 0.203125 0.153576
0 0.835938 0.426729 0.207813 0.150059
0 0.969922 0.424385 0.060156 0.154748
0 0.067578 0.586166 0.128906 0.150059
0 0.230469 0.583822 0.196875 0.154748
0 0.430469 0.581477 0.203125 0.150059
0 0.633594 0.580305 0.203125 0.152403
0 0.840625 0.580305 0.210938 0.152403
0 0.973047 0.580891 0.053906 0.151231
0 0.065625 0.737397 0.125000 0.157093
0 0.226562 0.736811 0.196875 0.155920
0 0.429688 0.733880 0.209375 0.150059
0 0.062891 0.898007 0.122656 0.171161
0 0.227344 0.892145 0.207813 0.154748
0 0.433984 0.894490 0.205469 0.159437
0 0.973047 0.734467 0.053906 0.162954
0 0.973828 0.893318 0.052344 0.173505
0 0.589453 0.810668 0.108594 0.315358
0 0.690234 0.814771 0.092969 0.307151
0 0.792969 0.815944 0.112500 0.309496
0 0.891016 0.817116 0.103906 0.307151
