0 0.114062 0.109215 0.082812 0.118316
0 0.215625 0.109215 0.071875 0.109215
0 0.316797 0.109215 0.071094 0.116041
0 0.414453 0.114903 0.078906 0.113766
0 0.514844 0.111490 0.075000 0.116041
0 0.613672 0.113766 0.075781 0.120592
0 0.714063 0.112628 0.078125 0.118316
0 0.811328 0.112628 0.071094 0.113766
0 0.911719 0.108646 0.076563 0.117179
0 0.115234 0.282139 0.080469 0.116041
0 0.217969 0.285552 0.075000 0.113766
0 0.318750 0.284414 0.078125 0.120592
0 0.417187 0.282708 0.071875 0.114903
0 0.514062 0.286121 0.071875 0.112628
0 0.615625 0.283276 0.071875 0.109215
0 0.712500 0.283276 0.075000 0.113766
0 0.810547 0.279863 0.077344 0.116041
0 0.907422 0.282139 0.077344 0.120592
0 0.117969 0.455631 0.075000 0.119454
0 0.219922 0.452787 0.075781 0.113766
0 0.316406 0.455063 0.081250 0.111490
0 0.414453 0.448237 0.072656 0.116041
0 0.517188 0.450512 0.075000 0.111490
0 0.612109 0.453356 0.071094 0.114903
0 0.710938 0.448237 0.078125 0.122867
0 0.810937 0.455631 0.078125 0.117179
0 0.909766 0.452218 0.072656 0.114903
0 0.119922 0.626849 0.072656 0.118316
0 0.217188 0.624573 0.076563 0.118316
0 0.317578 0.624005 0.078906 0.112628
0 0.415234 0.618885 0.075781 0.116041
0 0.514062 0.622298 0.071875 0.113766
0 0.614453 0.616610 0.075781 0.120592
0 0.710547 0.621160 0.074219 0.125142
0 0.808984 0.621729 0.074219 0.119454
0 0.908203 0.620592 0.074219 0.119454
0 0.116797 0.795222 0.078906 0.118316
0 0.218750 0.791809 0.078125 0.116041
0 0.317188 0.787827 0.075000 0.110353
0 0.416406 0.791240 0.075000 0.119454
0 0.517188 0.791809 0.075000 0.118316
0 0.611719 0.788965 0.075000 0.112628
0 0.710547 0.788396 0.075781 0.113766
0 0.807422 0.784983 0.077344 0.120592
0 0.907422 0.790102 0.077344 0.121729
0 0.117578 0.952218 0.078906 0.095563
0 0.219141 0.948805 0.077344 0.102389
0 0.316797 0.952218 0.071094 0.095563
0 0.414062 0.949943 0.079687 0.100114
0 0.513672 0.951650 0.071094 0.096701
0 0.613672 0.949943 0.069531 0.100114
0 0.710156 0.948805 0.073438 0.102389
0 0.807813 0.947668 0.076563 0.104664
0 0.907031 0.949374 0.071875 0.101251
