0 0.067383 0.362170 0.103516 0.451613
0 0.193359 0.360704 0.148438 0.454545
0 0.345215 0.359971 0.155273 0.453079
0 0.498047 0.359971 0.150391 0.453079
0 0.647949 0.361437 0.149414 0.456012
0 0.798340 0.359238 0.151367 0.460411
0 0.935547 0.360704 0.123047 0.463343
0 0.934082 0.669355 0.122070 0.148094
0 0.798340 0.672287 0.149414 0.142229
0 0.649414 0.670821 0.148438 0.139296
0 0.499512 0.667889 0.151367 0.145161
0 0.347656 0.670821 0.152344 0.151026
0 0.195312 0.668622 0.152344 0.155425
0 0.066895 0.665689 0.104492 0.149560
