4 0.068848 0.267936 0.038086 0.237189
4 0.139160 0.297950 0.036133 0.311859
4 0.237305 0.297218 0.035156 0.322108
4 0.336426 0.298682 0.034180 0.333821
4 0.440918 0.300146 0.026367 0.339678
4 0.547852 0.300878 0.025391 0.329429
4 0.648926 0.303807 0.026367 0.323572
4 0.749023 0.304539 0.035156 0.313324
0 0.600098 0.301611 0.073242 0.105417
0 0.599121 0.409224 0.077148 0.115666
0 0.700195 0.303075 0.068359 0.096633
0 0.698730 0.403367 0.069336 0.112738
0 0.496094 0.300878 0.082031 0.098097
0 0.494141 0.407760 0.082031 0.112738
0 0.389160 0.303807 0.079102 0.098097
0 0.389648 0.403367 0.082031 0.109810
0 0.285645 0.302343 0.067383 0.101025
