0 0.113770 0.116398 0.161133 0.101025
0 0.118164 0.322840 0.158203 0.101025
0 0.117676 0.532211 0.161133 0.101025
0 0.120605 0.736457 0.157227 0.087848
0 0.119629 0.937775 0.155273 0.092240
0 0.396973 0.022694 0.139648 0.042460
0 0.397949 0.177892 0.141602 0.089312
0 0.397461 0.347731 0.140625 0.080527
0 0.399414 0.532211 0.138672 0.083455
0 0.398926 0.708638 0.137695 0.081991
0 0.399414 0.886530 0.138672 0.086384
0 0.540039 0.025622 0.064453 0.048316
0 0.540039 0.188141 0.064453 0.098097
0 0.541016 0.362372 0.066406 0.095168
0 0.542480 0.541728 0.059570 0.099561
0 0.541992 0.717423 0.064453 0.096633
0 0.541992 0.898975 0.062500 0.102489
0 0.743164 0.022694 0.060547 0.042460
0 0.744629 0.183748 0.057617 0.089312
0 0.745117 0.361640 0.066406 0.093704
0 0.743652 0.540264 0.065430 0.093704
0 0.743652 0.714495 0.065430 0.102489
0 0.747070 0.893851 0.068359 0.101025
0 0.893555 0.014641 0.138672 0.026354
0 0.892090 0.168375 0.137695 0.090776
0 0.890137 0.348463 0.139648 0.081991
0 0.891113 0.527818 0.137695 0.086384
0 0.890625 0.706442 0.138672 0.077599
0 0.890625 0.886530 0.138672 0.086384
