0 0.144330 0.070882 0.286785 0.140588
0 0.442830 0.071765 0.310216 0.142353
0 0.763824 0.073235 0.311153 0.145294
0 0.958294 0.073235 0.083411 0.145294
0 0.145267 0.211471 0.288660 0.144118
0 0.445642 0.213824 0.315839 0.148824
0 0.762418 0.218529 0.317713 0.139412
0 0.960637 0.218529 0.078725 0.139412
0 0.150422 0.358824 0.298969 0.147059
0 0.446579 0.359412 0.317713 0.142353
0 0.757263 0.359412 0.303655 0.142353
0 0.954545 0.357941 0.090909 0.139412
0 0.151828 0.503235 0.301781 0.145294
0 0.448922 0.500294 0.318650 0.145294
0 0.760075 0.502647 0.303655 0.140588
0 0.955951 0.502059 0.088097 0.139412
0 0.152765 0.644118 0.303655 0.136471
0 0.446579 0.640588 0.313964 0.147059
0 0.759606 0.643529 0.308341 0.141176
0 0.960637 0.646765 0.078725 0.144118
0 0.146673 0.786765 0.291471 0.139412
0 0.448922 0.788235 0.318650 0.148235
0 0.762418 0.788824 0.308341 0.147059
0 0.958294 0.788235 0.083411 0.145882
0 0.144330 0.896765 0.286785 0.080588
0 0.451734 0.900588 0.318650 0.082353
0 0.764761 0.901471 0.313027 0.080588
0 0.958294 0.903529 0.083411 0.078824
