0 0.090332 0.278184 0.178711 0.553441
0 0.403809 0.355783 0.069336 0.348463
0 0.463379 0.379209 0.051758 0.295754
0 0.504883 0.393851 0.023438 0.260615
0 0.550293 0.409956 0.018555 0.234261
0 0.614746 0.428258 0.022461 0.188873
0 0.648438 0.437042 0.017578 0.156662
0 0.696777 0.454612 0.020508 0.124451
0 0.734375 0.459736 0.011719 0.102489
4 0.324219 0.377013 0.091797 0.686676
4 0.580566 0.443631 0.047852 0.348463
4 0.673828 0.465593 0.031250 0.228404
4 0.718262 0.475110 0.026367 0.165447
4 0.747559 0.478770 0.016602 0.137628
4 0.764648 0.480966 0.017578 0.109810
4 0.914551 0.481698 0.012695 0.128843
4 0.929688 0.475842 0.019531 0.149341
4 0.953613 0.466325 0.030273 0.194729
4 0.986816 0.454612 0.026367 0.270864
