4 0.279297 0.306735 0.048828 0.581259
4 0.697266 0.309663 0.048828 0.587116
0 0.036621 0.423865 0.055664 0.074671
0 0.094727 0.425329 0.056641 0.074671
0 0.181641 0.426794 0.056641 0.074671
0 0.234863 0.426794 0.049805 0.074671
0 0.328125 0.424597 0.050781 0.073206
0 0.380859 0.425329 0.054688 0.074671
0 0.464844 0.425329 0.058594 0.071742
0 0.518066 0.427526 0.047852 0.067350
0 0.604492 0.424597 0.054688 0.073206
0 0.654297 0.428990 0.044922 0.067350
0 0.745117 0.428258 0.056641 0.080527
0 0.801270 0.431918 0.055664 0.073206
0 0.874512 0.380673 0.069336 0.081991
0 0.945312 0.378477 0.072266 0.086384
0 0.874023 0.458272 0.070312 0.079063
0 0.945801 0.456076 0.069336 0.077599
