0 0.311035 0.370968 0.108398 0.093842
0 0.424316 0.372434 0.118164 0.090909
0 0.544434 0.374633 0.122070 0.095308
0 0.918457 0.148827 0.045898 0.109971
0 0.921387 0.305718 0.049805 0.107038
0 0.736816 0.338710 0.047852 0.114370
0 0.061035 0.527126 0.120117 0.165689
0 0.188477 0.520528 0.132812 0.178886
0 0.323730 0.527126 0.135742 0.162757
0 0.458496 0.527126 0.133789 0.162757
0 0.592285 0.530059 0.133789 0.165689
0 0.725586 0.530059 0.132812 0.165689
0 0.857910 0.535191 0.131836 0.155425
0 0.061035 0.695748 0.116211 0.177419
0 0.187988 0.695015 0.137695 0.178886
0 0.288086 0.700880 0.068359 0.181818
0 0.392090 0.641496 0.135742 0.065982
0 0.529785 0.641496 0.133789 0.065982
0 0.662598 0.695748 0.133789 0.177419
0 0.797363 0.698680 0.129883 0.171554
4 0.921875 0.703812 0.027344 0.175953
2 0.596680 0.772727 0.025391 0.111437
2 0.620117 0.773460 0.021484 0.095308
2 0.730957 0.763196 0.028320 0.048387
2 0.496582 0.807918 0.040039 0.149560
2 0.338867 0.827713 0.027344 0.162757
2 0.219727 0.752199 0.039062 0.093842
2 0.202637 0.744868 0.018555 0.070381
2 0.188477 0.787390 0.035156 0.111437
2 0.101074 0.799853 0.040039 0.089443
2 0.062988 0.811584 0.032227 0.107038
