0 0.105469 0.099707 0.208984 0.196481
0 0.343750 0.104106 0.263672 0.205279
0 0.605957 0.107038 0.260742 0.211144
0 0.868164 0.106305 0.263672 0.209677
0 0.104492 0.314516 0.207031 0.233138
0 0.339355 0.315249 0.262695 0.228739
0 0.604980 0.310850 0.264648 0.214076
0 0.868164 0.318182 0.263672 0.225806
0 0.103516 0.538123 0.205078 0.217009
0 0.338867 0.533724 0.263672 0.205279
0 0.602539 0.535191 0.265625 0.217009
0 0.867188 0.528592 0.265625 0.206745
0 0.105469 0.756598 0.207031 0.222874
0 0.340820 0.755132 0.269531 0.219941
0 0.605469 0.753666 0.267578 0.219941
0 0.867676 0.750733 0.264648 0.217009
0 0.104004 0.931085 0.206055 0.137830
0 0.341797 0.933284 0.263672 0.133431
0 0.604980 0.933284 0.264648 0.133431
0 0.869629 0.928886 0.260742 0.142229
