0 0.108398 0.102489 0.214844 0.202050
0 0.331055 0.101757 0.232422 0.200586
0 0.562012 0.102489 0.227539 0.202050
0 0.790527 0.106149 0.229492 0.209370
0 0.954590 0.107613 0.090820 0.212299
0 0.107910 0.420205 0.213867 0.360176
0 0.331055 0.423133 0.232422 0.354319
0 0.562988 0.423865 0.231445 0.355783
0 0.793457 0.428990 0.229492 0.345534
0 0.954102 0.428258 0.091797 0.344070
0 0.107422 0.767936 0.212891 0.259151
0 0.331055 0.770132 0.234375 0.254758
0 0.566406 0.767204 0.236328 0.248902
0 0.798828 0.767204 0.228516 0.248902
0 0.956543 0.769400 0.086914 0.253294
0 0.109863 0.969253 0.211914 0.061493
0 0.332520 0.966325 0.237305 0.067350
0 0.568848 0.965593 0.237305 0.068814
0 0.806152 0.964129 0.235352 0.071742
0 0.961426 0.964861 0.077148 0.070278
