0 0.305714 0.163895 0.097143 0.080760
0 0.383571 0.167458 0.067143 0.083135
0 0.385000 0.287411 0.067143 0.166271
0 0.387143 0.395487 0.060000 0.045131
0 0.174286 0.589074 0.060000 0.171021
0 0.233571 0.592637 0.061429 0.178147
0 0.300000 0.592637 0.057143 0.178147
0 0.360000 0.592637 0.054286 0.178147
0 0.428571 0.595012 0.057143 0.178147
0 0.488571 0.591449 0.060000 0.180523
0 0.555714 0.593824 0.060000 0.180523
0 0.615714 0.591449 0.057143 0.175772
0 0.683571 0.593824 0.064286 0.180523
0 0.742857 0.590261 0.062857 0.182898
0 0.802857 0.590261 0.054286 0.182898
0 0.855714 0.587886 0.051429 0.178147
4 0.915714 0.573634 0.022857 0.230404
4 0.652143 0.788599 0.024286 0.142518
4 0.754286 0.796912 0.034286 0.135392
3 0.216429 0.302850 0.272857 0.201900
