0 0.463379 0.082631 0.125977 0.091062
0 0.589355 0.085160 0.125977 0.086003
0 0.715332 0.085160 0.125977 0.086003
0 0.851562 0.082631 0.146484 0.091062
0 0.461914 0.272344 0.125000 0.096121
0 0.588379 0.272344 0.127930 0.096121
0 0.714355 0.272344 0.124023 0.096121
0 0.850586 0.274874 0.148438 0.091062
0 0.460449 0.456998 0.125977 0.087690
0 0.587402 0.455312 0.127930 0.091062
0 0.712891 0.451939 0.123047 0.084317
0 0.848633 0.453626 0.146484 0.087690
0 0.459961 0.633221 0.126953 0.089376
0 0.585938 0.634064 0.125000 0.087690
0 0.460938 0.817032 0.125000 0.096121
0 0.587891 0.819562 0.128906 0.091062
0 0.717773 0.818718 0.130859 0.089376
0 0.853027 0.821248 0.139648 0.087690
