0 0.077148 0.138563 0.140625 0.274194
0 0.284180 0.137830 0.183594 0.272727
0 0.471191 0.140029 0.094727 0.277126
0 0.630859 0.142962 0.136719 0.282991
0 0.835449 0.142962 0.180664 0.282991
0 0.986816 0.141496 0.026367 0.280059
0 0.051270 0.483871 0.100586 0.392962
0 0.192871 0.485337 0.092773 0.401760
0 0.379395 0.482405 0.182617 0.398827
0 0.585938 0.483871 0.138672 0.401760
0 0.745605 0.483138 0.092773 0.394428
0 0.918945 0.485337 0.162109 0.395894
0 0.073242 0.843109 0.144531 0.313783
0 0.287109 0.841642 0.185547 0.316716
0 0.471680 0.841642 0.093750 0.316716
0 0.630371 0.842375 0.135742 0.315249
0 0.833496 0.842375 0.184570 0.315249
0 0.986816 0.840909 0.026367 0.318182
