4 0.238281 0.406296 0.037109 0.387994
4 0.114258 0.434114 0.021484 0.279649
4 0.311523 0.421669 0.025391 0.286969
4 0.568848 0.426794 0.024414 0.282577
4 0.602539 0.410688 0.033203 0.376281
4 0.828613 0.431918 0.030273 0.281113
4 0.952148 0.404832 0.031250 0.373353
4 0.748535 0.468521 0.034180 0.169839
0 0.187988 0.404100 0.081055 0.175695
0 0.279297 0.405564 0.046875 0.169839
0 0.062012 0.428990 0.084961 0.102489
0 0.359375 0.456808 0.064453 0.058565
0 0.432617 0.457540 0.080078 0.051245
0 0.515137 0.459004 0.084961 0.051245
0 0.028809 0.076135 0.055664 0.090776
0 0.095703 0.073206 0.080078 0.087848
0 0.174805 0.071742 0.076172 0.081991
0 0.251465 0.073206 0.073242 0.081991
0 0.328613 0.068814 0.071289 0.087848
0 0.404785 0.076135 0.079102 0.087848
0 0.485352 0.074671 0.074219 0.090776
0 0.564453 0.075403 0.070312 0.089312
0 0.635254 0.076867 0.075195 0.086384
0 0.713867 0.076135 0.076172 0.084919
0 0.790527 0.075403 0.079102 0.080527
0 0.867188 0.076135 0.078125 0.079063
0 0.954102 0.073939 0.091797 0.086384
