0 0.767554 0.548491 0.104116 0.653017
0 0.691283 0.778017 0.053269 0.120690
0 0.690678 0.664871 0.052058 0.096983
0 0.690678 0.568966 0.052058 0.107759
0 0.690678 0.470905 0.047215 0.109914
0 0.692494 0.376078 0.043584 0.101293
0 0.638015 0.788793 0.053269 0.129310
0 0.588378 0.794181 0.048426 0.122845
0 0.589588 0.690733 0.046005 0.101293
0 0.638620 0.585129 0.052058 0.109914
0 0.589588 0.591595 0.043584 0.101293
0 0.638620 0.483836 0.054479 0.114224
0 0.590194 0.495690 0.042373 0.094828
0 0.591404 0.404095 0.044794 0.109914
0 0.639831 0.386853 0.049637 0.114224
0 0.691283 0.281250 0.046005 0.101293
0 0.639831 0.294181 0.049637 0.101293
0 0.590799 0.317888 0.043584 0.096983
0 0.541162 0.808190 0.050847 0.125000
0 0.541162 0.699353 0.053269 0.101293
0 0.541162 0.610991 0.048426 0.101293
0 0.542978 0.518319 0.052058 0.101293
0 0.542373 0.424569 0.048426 0.103448
0 0.542978 0.331897 0.047215 0.099138
0 0.491525 0.817888 0.046005 0.131466
0 0.446126 0.830819 0.044794 0.118534
0 0.403753 0.836207 0.047215 0.112069
0 0.358959 0.840517 0.044794 0.112069
0 0.316586 0.852371 0.042373 0.105603
0 0.275424 0.860991 0.039952 0.114224
0 0.279056 0.765086 0.035109 0.086207
0 0.320218 0.755388 0.044794 0.105603
0 0.361380 0.743534 0.042373 0.094828
0 0.404358 0.734914 0.043584 0.099138
0 0.448547 0.723060 0.047215 0.096983
0 0.494552 0.711207 0.047215 0.099138
0 0.492736 0.623922 0.043584 0.101293
0 0.447942 0.637931 0.041162 0.094828
0 0.404964 0.646552 0.047215 0.099138
0 0.363196 0.658405 0.038741 0.088362
0 0.319007 0.671336 0.047215 0.096983
0 0.282082 0.686422 0.041162 0.092672
0 0.284504 0.595905 0.036320 0.088362
0 0.323850 0.586207 0.044794 0.094828
0 0.364407 0.571121 0.046005 0.094828
0 0.407990 0.562500 0.041162 0.099138
0 0.452179 0.546336 0.047215 0.105603
0 0.496973 0.528017 0.044794 0.099138
0 0.495763 0.443966 0.047215 0.099138
0 0.452179 0.452586 0.044794 0.090517
0 0.407990 0.470905 0.041162 0.088362
0 0.365617 0.491379 0.041162 0.094828
0 0.324455 0.502155 0.043584 0.094828
0 0.288136 0.512931 0.038741 0.090517
0 0.286925 0.431034 0.041162 0.090517
0 0.328087 0.420259 0.041162 0.086207
0 0.368039 0.409483 0.038741 0.099138
0 0.412228 0.387931 0.044794 0.099138
0 0.452179 0.368534 0.039952 0.086207
0 0.497579 0.346983 0.046005 0.099138
