2 0.314815 0.574753 0.040741 0.184767
0 0.184259 0.536671 0.027778 0.179126
0 0.206944 0.537377 0.023148 0.191819
0 0.228704 0.533145 0.020370 0.191819
0 0.255093 0.528914 0.025000 0.205924
0 0.282407 0.528209 0.027778 0.221439
0 0.313889 0.518336 0.033333 0.229901
0 0.357870 0.523272 0.045370 0.245416
2 0.356019 0.569111 0.026852 0.142454
0 0.404630 0.512694 0.037037 0.277856
0 0.456944 0.511283 0.062037 0.306065
0 0.518056 0.512694 0.067593 0.331453
0 0.599537 0.503526 0.084259 0.363893
0 0.697685 0.492243 0.108333 0.417489
0 0.817130 0.485896 0.125000 0.466855
