0 0.083008 0.160557 0.130859 0.118768
0 0.087891 0.384897 0.140625 0.344575
0 0.219238 0.157625 0.135742 0.121701
0 0.222656 0.390029 0.134766 0.340176
0 0.353516 0.154692 0.126953 0.118768
0 0.353516 0.387830 0.138672 0.335777
0 0.486328 0.158358 0.134766 0.126100
0 0.487305 0.386364 0.136719 0.338710
0 0.620117 0.147361 0.130859 0.121701
0 0.750488 0.156158 0.129883 0.127566
0 0.859863 0.157625 0.079102 0.130499
0 0.618164 0.389296 0.136719 0.338710
0 0.752930 0.387097 0.130859 0.346041
0 0.858398 0.387830 0.085938 0.347507
