0 0.245605 0.494135 0.114258 0.378299
0 0.429199 0.491202 0.170898 0.375367
0 0.598145 0.490469 0.166992 0.376833
0 0.783691 0.492669 0.106445 0.381232
0 0.244629 0.832111 0.114258 0.153959
0 0.432129 0.826246 0.166992 0.151026
0 0.599609 0.825513 0.167969 0.152493
0 0.785156 0.829912 0.107422 0.155425
2 0.894043 0.904692 0.053711 0.140762
4 0.163574 0.485337 0.055664 0.407625
4 0.323242 0.489003 0.056641 0.403226
4 0.703125 0.485337 0.056641 0.398827
4 0.865234 0.486804 0.050781 0.407625
4 0.167480 0.853372 0.045898 0.208211
4 0.322754 0.857038 0.047852 0.215543
4 0.708008 0.855572 0.044922 0.215543
4 0.867188 0.857771 0.042969 0.225806
