0 0.052734 0.321739 0.103516 0.350725
0 0.172852 0.321014 0.134766 0.352174
0 0.305664 0.321739 0.130859 0.353623
0 0.440918 0.319565 0.139648 0.349275
0 0.570312 0.320290 0.119141 0.347826
0 0.702148 0.318841 0.134766 0.353623
0 0.835449 0.318116 0.131836 0.355072
0 0.944336 0.316667 0.085938 0.352174
0 0.053223 0.087681 0.104492 0.111594
0 0.173828 0.087681 0.132812 0.108696
0 0.305176 0.086232 0.129883 0.111594
0 0.440918 0.089130 0.139648 0.111594
0 0.574707 0.086957 0.125977 0.115942
0 0.701172 0.084783 0.138672 0.114493
0 0.834473 0.082609 0.129883 0.107246
0 0.941895 0.082609 0.084961 0.107246
4 0.165527 0.321014 0.057617 0.352174
