0 0.055859 0.340563 0.110156 0.209848
0 0.218359 0.339390 0.214844 0.209848
0 0.432812 0.338804 0.214062 0.211020
0 0.646484 0.338218 0.213281 0.209848
0 0.857812 0.338804 0.209375 0.208675
0 0.055469 0.593787 0.109375 0.301290
0 0.217969 0.596131 0.215625 0.305979
0 0.433984 0.596717 0.216406 0.304807
0 0.647656 0.596131 0.210938 0.303634
0 0.858984 0.596717 0.211719 0.302462
0 0.055469 0.804807 0.109375 0.123095
0 0.216406 0.805393 0.215625 0.119578
0 0.430859 0.805393 0.216406 0.114889
0 0.646484 0.803634 0.214844 0.118406
0 0.860938 0.803634 0.214062 0.118406
0 0.052734 0.933177 0.103906 0.131301
0 0.216016 0.929660 0.216406 0.126612
0 0.429688 0.930246 0.217188 0.139508
0 0.646094 0.923212 0.215625 0.134818
0 0.860938 0.930246 0.220312 0.139508
