0 0.123537 0.150879 0.166450 0.297852
0 0.297139 0.151855 0.180754 0.301758
0 0.479194 0.152344 0.183355 0.302734
0 0.661248 0.152344 0.180754 0.302734
0 0.836801 0.146973 0.162549 0.290039
0 0.125488 0.539062 0.170351 0.466797
0 0.298440 0.536621 0.175553 0.471680
0 0.479844 0.537109 0.187256 0.472656
0 0.662549 0.534180 0.178153 0.478516
0 0.836151 0.536133 0.169051 0.482422
0 0.838101 0.886230 0.165150 0.217773
0 0.664499 0.886230 0.182055 0.217773
0 0.478544 0.886230 0.189857 0.217773
0 0.298440 0.882812 0.170351 0.224609
0 0.128088 0.883789 0.170351 0.228516
0 0.042913 0.996582 0.000000 0.002930
