0 0.264062 0.066667 0.210938 0.130994
0 0.486328 0.055556 0.200781 0.108772
0 0.705859 0.054386 0.205469 0.106433
0 0.906641 0.053801 0.152344 0.105263
0 0.069141 0.061988 0.136719 0.121637
0 0.071094 0.432164 0.140625 0.569591
0 0.261719 0.412865 0.201563 0.547368
0 0.484766 0.418129 0.202344 0.550877
0 0.709375 0.422222 0.223438 0.566082
0 0.910547 0.421053 0.158594 0.582456
0 0.918750 0.864327 0.162500 0.271345
0 0.709766 0.866082 0.227344 0.267836
0 0.474609 0.863743 0.225781 0.272515
0 0.246094 0.864327 0.214062 0.271345
0 0.059766 0.867836 0.117969 0.264327
