0 0.309570 0.099707 0.101562 0.196481
0 0.405762 0.111437 0.083008 0.219941
0 0.494141 0.125367 0.083984 0.221408
0 0.577148 0.146628 0.078125 0.219941
0 0.652344 0.170821 0.074219 0.218475
0 0.725586 0.187683 0.072266 0.211144
0 0.793457 0.210411 0.075195 0.203812
0 0.861328 0.225806 0.058594 0.202346
0 0.918945 0.241935 0.058594 0.193548
0 0.974121 0.255865 0.051758 0.183284
0 0.309082 0.454545 0.102539 0.234604
0 0.408203 0.467009 0.089844 0.233138
0 0.494629 0.476540 0.077148 0.211144
0 0.575684 0.494868 0.077148 0.218475
0 0.650879 0.497801 0.073242 0.200880
0 0.723633 0.507331 0.066406 0.202346
0 0.791016 0.521261 0.068359 0.192082
0 0.855469 0.523460 0.062500 0.184751
0 0.916016 0.532991 0.056641 0.183284
0 0.972656 0.544721 0.054688 0.177419
0 0.314453 0.829912 0.101562 0.240469
0 0.410156 0.835044 0.091797 0.224340
0 0.497070 0.834311 0.078125 0.214076
0 0.572266 0.826979 0.078125 0.211144
0 0.651367 0.835044 0.072266 0.200880
0 0.724609 0.837243 0.076172 0.199413
0 0.794922 0.837243 0.062500 0.190616
0 0.854980 0.832845 0.063477 0.181818
0 0.915527 0.838710 0.059570 0.173021
0 0.973145 0.839443 0.053711 0.171554
