4 0.520996 0.378477 0.104492 0.754026
4 0.693359 0.324305 0.070312 0.645681
4 0.773926 0.301611 0.067383 0.600293
0 0.156250 0.446559 0.160156 0.837482
0 0.300293 0.452416 0.116211 0.676428
0 0.399902 0.464861 0.086914 0.584187
0 0.033203 0.461201 0.064453 0.919473
0 0.473145 0.464861 0.059570 0.508053
0 0.880859 0.205710 0.070312 0.265007
0 0.942871 0.194729 0.045898 0.263543
0 0.817871 0.211567 0.051758 0.244510
0 0.825195 0.480966 0.062500 0.259151
0 0.888184 0.478038 0.075195 0.267936
0 0.617676 0.125915 0.028320 0.248902
0 0.646484 0.135432 0.023438 0.267936
0 0.578613 0.126647 0.034180 0.250366
0 0.461914 0.078331 0.041016 0.153734
0 0.395020 0.068814 0.071289 0.134700
0 0.298340 0.038067 0.088867 0.073206
0 0.582031 0.472182 0.041016 0.408492
0 0.619141 0.472182 0.033203 0.385066
0 0.656738 0.472182 0.030273 0.349927
