0 0.131000 0.035333 0.238000 0.068000
0 0.120000 0.203333 0.216000 0.076000
0 0.121000 0.377333 0.218000 0.082667
0 0.118000 0.554000 0.220000 0.078667
0 0.112000 0.776000 0.216000 0.090667
0 0.110000 0.970667 0.216000 0.058667
0 0.517000 0.015333 0.250000 0.028000
0 0.496000 0.149333 0.196000 0.082667
0 0.499000 0.300667 0.202000 0.073333
0 0.503000 0.464000 0.190000 0.072000
0 0.505000 0.631333 0.210000 0.073333
0 0.507000 0.804667 0.214000 0.073333
0 0.804000 0.083333 0.184000 0.070667
0 0.812000 0.225333 0.188000 0.072000
0 0.817000 0.370000 0.186000 0.065333
0 0.828000 0.526667 0.192000 0.072000
0 0.834000 0.683333 0.196000 0.073333
0 0.841000 0.850000 0.198000 0.065333
