0 0.467285 0.674963 0.166992 0.231332
2 0.441895 0.945095 0.040039 0.103953
2 0.789551 0.898975 0.081055 0.196193
0 0.312500 0.688873 0.146484 0.215227
0 0.306641 0.893851 0.148438 0.212299
0 0.182617 0.707174 0.123047 0.193265
0 0.167480 0.895315 0.127930 0.191801
0 0.460449 0.893119 0.172852 0.199122
0 0.645020 0.896779 0.192383 0.203514
0 0.644531 0.667643 0.187500 0.245974
0 0.467773 0.426794 0.162109 0.288433
0 0.321777 0.437775 0.147461 0.304539
0 0.198242 0.439971 0.140625 0.346999
0 0.111816 0.442167 0.096680 0.360176
0 0.093262 0.790630 0.073242 0.360176
0 0.639648 0.422401 0.183594 0.256223
