0 0.182857 0.192857 0.234286 0.317143
0 0.405714 0.205714 0.217143 0.320000
0 0.608571 0.224286 0.200000 0.300000
0 0.791429 0.237143 0.188571 0.302857
0 0.938571 0.248571 0.122857 0.274286
0 0.187143 0.495714 0.237143 0.311429
0 0.410000 0.500000 0.225714 0.302857
0 0.614286 0.508571 0.205714 0.291429
0 0.801429 0.511429 0.191429 0.285714
0 0.944286 0.517143 0.111429 0.280000
0 0.187143 0.817143 0.242857 0.325714
0 0.415714 0.800000 0.225714 0.302857
0 0.624286 0.791429 0.202857 0.285714
0 0.808571 0.791429 0.200000 0.274286
0 0.947143 0.788571 0.105714 0.262857
