2 0.517578 0.611274 0.033203 0.068814
2 0.587891 0.608346 0.027344 0.065886
2 0.641113 0.618594 0.038086 0.086384
0 0.051758 0.043924 0.101562 0.084919
0 0.158691 0.042460 0.114258 0.081991
0 0.278809 0.044656 0.118164 0.086384
0 0.399414 0.045388 0.117188 0.087848
0 0.516602 0.045388 0.119141 0.087848
0 0.625000 0.046120 0.089844 0.089312
0 0.051270 0.182284 0.100586 0.092240
0 0.160645 0.181552 0.118164 0.093704
0 0.280273 0.179356 0.121094 0.089312
0 0.398926 0.180820 0.116211 0.086384
0 0.518066 0.182284 0.122070 0.089312
0 0.624512 0.182284 0.090820 0.089312
0 0.051758 0.317716 0.101562 0.090776
0 0.161621 0.318448 0.114258 0.095168
0 0.278809 0.325037 0.120117 0.084919
0 0.397949 0.325769 0.118164 0.086384
0 0.517578 0.324305 0.121094 0.089312
0 0.625000 0.322108 0.093750 0.084919
0 0.050293 0.450952 0.098633 0.081991
0 0.161621 0.460469 0.118164 0.089312
0 0.280762 0.460469 0.120117 0.089312
0 0.399902 0.461933 0.118164 0.092240
0 0.519043 0.463397 0.120117 0.089312
0 0.624023 0.463397 0.089844 0.089312
0 0.051758 0.592972 0.101562 0.076135
0 0.161133 0.605417 0.117188 0.095168
0 0.278809 0.606149 0.118164 0.093704
0 0.398926 0.604685 0.122070 0.090776
0 0.517090 0.606881 0.114258 0.086384
0 0.622559 0.604685 0.096680 0.081991
0 0.051270 0.732796 0.100586 0.086384
0 0.162598 0.743777 0.118164 0.108346
0 0.281250 0.746706 0.119141 0.102489
0 0.400391 0.744510 0.119141 0.098097
0 0.518555 0.744510 0.117188 0.098097
0 0.624512 0.742313 0.094727 0.093704
0 0.052734 0.872621 0.103516 0.087848
0 0.163574 0.882870 0.120117 0.093704
0 0.282715 0.882138 0.116211 0.086384
0 0.401367 0.884334 0.121094 0.093704
0 0.520508 0.884334 0.121094 0.096633
0 0.625977 0.881406 0.093750 0.099561
