0 0.089189 0.100406 0.175676 0.196755
0 0.274324 0.102434 0.194595 0.200811
0 0.468243 0.103448 0.193243 0.198783
0 0.662162 0.102434 0.194595 0.200811
0 0.857432 0.102434 0.212162 0.200811
0 0.968919 0.102434 0.062162 0.200811
0 0.136486 0.367140 0.267568 0.292089
0 0.448649 0.368154 0.356757 0.290061
0 0.782432 0.365112 0.327027 0.292089
0 0.954730 0.367140 0.090541 0.296146
0 0.135135 0.673428 0.267568 0.316430
0 0.459459 0.672414 0.383784 0.322515
0 0.816216 0.671400 0.367568 0.316430
0 0.134459 0.917850 0.266216 0.164300
0 0.463514 0.915822 0.391892 0.168357
0 0.828378 0.912779 0.343243 0.174442
