0 0.067871 0.317982 0.133789 0.463450
0 0.065430 0.048246 0.128906 0.093567
0 0.233398 0.051901 0.203125 0.100877
0 0.234863 0.431287 0.206055 0.675439
0 0.065918 0.659357 0.129883 0.228070
0 0.437012 0.048246 0.204102 0.093567
0 0.437500 0.428363 0.205078 0.672515
0 0.631348 0.426170 0.182617 0.679825
0 0.630371 0.043860 0.182617 0.084795
0 0.780762 0.044591 0.116211 0.086257
0 0.780762 0.424708 0.120117 0.679825
0 0.862305 0.419591 0.046875 0.660819
0 0.899902 0.418129 0.036133 0.631579
0 0.937988 0.413012 0.036133 0.597953
0 0.978027 0.423977 0.043945 0.576023
0 0.862305 0.048246 0.042969 0.093567
0 0.902344 0.055556 0.035156 0.108187
0 0.935547 0.061404 0.033203 0.119883
0 0.969727 0.070906 0.027344 0.138889
0 0.992676 0.071637 0.014648 0.140351
0 0.068359 0.884503 0.134766 0.230994
0 0.237793 0.885234 0.202148 0.229532
0 0.440430 0.882310 0.203125 0.235380
0 0.633301 0.884503 0.182617 0.230994
0 0.780762 0.881579 0.118164 0.222222
0 0.861816 0.854532 0.043945 0.229532
0 0.902832 0.828947 0.041992 0.213450
0 0.940918 0.802632 0.030273 0.216374
0 0.972168 0.782164 0.028320 0.201754
0 0.993164 0.763889 0.013672 0.185673
