0 0.077637 0.038067 0.153320 0.073206
0 0.225098 0.039531 0.141602 0.076135
0 0.368164 0.038799 0.146484 0.074671
0 0.509766 0.039531 0.142578 0.076135
0 0.654297 0.040264 0.142578 0.077599
0 0.796387 0.038067 0.141602 0.073206
0 0.934082 0.038799 0.131836 0.074671
0 0.078613 0.234261 0.151367 0.090776
0 0.227051 0.236457 0.145508 0.086384
0 0.370605 0.236457 0.141602 0.086384
0 0.512207 0.237921 0.143555 0.092240
0 0.654297 0.234261 0.140625 0.084919
0 0.774414 0.235725 0.095703 0.084919
0 0.958984 0.234993 0.082031 0.089312
0 0.227539 0.451684 0.138672 0.098097
0 0.367676 0.450952 0.141602 0.099561
