0 0.791216 0.862069 0.066216 0.215010
0 0.847973 0.903651 0.060811 0.192698
0 0.902703 0.931034 0.056757 0.137931
0 0.955405 0.965517 0.048649 0.068966
0 0.726351 0.782961 0.074324 0.227181
0 0.661486 0.712982 0.074324 0.241379
0 0.583784 0.634888 0.078378 0.251521
0 0.589865 0.833671 0.082432 0.243408
0 0.666216 0.887424 0.078378 0.225152
0 0.733108 0.921907 0.068919 0.156187
0 0.795270 0.956389 0.066216 0.087221
0 0.500676 0.544625 0.087838 0.286004
0 0.506757 0.744422 0.091892 0.267748
0 0.508108 0.899594 0.086486 0.200811
0 0.410135 0.449290 0.095946 0.294118
0 0.305405 0.338742 0.113514 0.328600
0 0.309459 0.564909 0.116216 0.314402
0 0.412838 0.657201 0.098649 0.288032
0 0.415541 0.865112 0.101351 0.269777
0 0.311486 0.788032 0.114865 0.322515
0 0.190541 0.453347 0.121622 0.330629
0 0.198649 0.690669 0.140541 0.338742
0 0.191216 0.882353 0.133784 0.235294
