0 0.260638 0.230769 0.269504 0.059172
0 0.261525 0.378698 0.278369 0.056213
0 0.250887 0.525888 0.278369 0.060651
0 0.250000 0.682692 0.290780 0.060651
0 0.250000 0.662722 0.170213 0.088757
5 0.870567 0.886834 0.258865 0.096154
0 0.717199 0.361686 0.086879 0.134615
0 0.721631 0.480769 0.085106 0.130178
0 0.726950 0.595414 0.099291 0.134615
0 0.725177 0.696006 0.092199 0.110947
0 0.596631 0.688609 0.086879 0.081361
0 0.511525 0.684172 0.030142 0.081361
0 0.593972 0.560651 0.081560 0.073964
0 0.592199 0.445266 0.081560 0.068047
0 0.593972 0.324704 0.070922 0.066568
