0 0.076660 0.426686 0.090820 0.460411
0 0.162598 0.434751 0.081055 0.435484
0 0.014648 0.435484 0.027344 0.454545
0 0.253418 0.431085 0.084961 0.428152
0 0.333984 0.436950 0.076172 0.416422
0 0.405762 0.434751 0.067383 0.412023
0 0.474121 0.432551 0.069336 0.416422
0 0.542969 0.430352 0.068359 0.412023
0 0.610352 0.428886 0.066406 0.414956
0 0.674805 0.425220 0.074219 0.404692
0 0.744629 0.428886 0.061523 0.409091
0 0.815430 0.428152 0.080078 0.407625
0 0.884277 0.426686 0.067383 0.404692
0 0.958984 0.331378 0.082031 0.214076
0 0.960449 0.539589 0.079102 0.196481
