4 0.103516 0.636765 0.044922 0.441176
4 0.219238 0.636029 0.051758 0.427941
4 0.340332 0.637500 0.049805 0.430882
4 0.461426 0.636029 0.045898 0.433824
4 0.582031 0.636765 0.042969 0.429412
4 0.704590 0.641912 0.041992 0.433824
4 0.671875 0.672794 0.031250 0.354412
4 0.161621 0.675735 0.043945 0.351471
1 0.408203 0.818382 0.064453 0.163235
0 0.406250 0.564706 0.044922 0.129412
0 0.254395 0.547059 0.034180 0.108824
0 0.314453 0.552206 0.021484 0.113235
0 0.255371 0.778676 0.038086 0.133824
0 0.314453 0.773529 0.019531 0.114706
0 0.541016 0.553676 0.041016 0.116176
0 0.608887 0.552206 0.018555 0.110294
0 0.540039 0.782353 0.042969 0.132353
0 0.609863 0.777941 0.016602 0.123529
