0 0.826660 0.379032 0.120117 0.344575
0 0.725098 0.388563 0.083008 0.290323
0 0.659668 0.403959 0.049805 0.247801
1 0.944824 0.402493 0.110352 0.321114
0 0.039062 0.453812 0.039062 0.151026
0 0.074707 0.456745 0.032227 0.148094
0 0.112305 0.450147 0.035156 0.140762
0 0.147949 0.445748 0.036133 0.137830
0 0.184570 0.446481 0.033203 0.139296
0 0.219238 0.446481 0.034180 0.145161
0 0.256348 0.445748 0.034180 0.146628
0 0.287598 0.446481 0.032227 0.156891
0 0.023926 0.085777 0.045898 0.168622
0 0.070312 0.085044 0.054688 0.167155
0 0.120117 0.075513 0.058594 0.148094
0 0.179688 0.068915 0.064453 0.134897
0 0.240723 0.066716 0.067383 0.130499
