0 0.118164 0.443548 0.105469 0.280059
0 0.242188 0.447214 0.142578 0.272727
0 0.380371 0.445015 0.133789 0.268328
0 0.515625 0.444282 0.126953 0.269795
0 0.648438 0.444282 0.132812 0.269795
0 0.782715 0.446481 0.135742 0.265396
0 0.907227 0.443548 0.113281 0.277126
0 0.914551 0.633431 0.094727 0.102639
0 0.792480 0.642962 0.149414 0.083578
0 0.649902 0.631232 0.135742 0.060117
0 0.517578 0.632698 0.128906 0.080645
0 0.375488 0.632698 0.125977 0.080645
0 0.240723 0.631965 0.141602 0.087977
0 0.116699 0.638563 0.108398 0.086510
