0 0.093472 0.035645 0.183976 0.069336
0 0.264095 0.035645 0.160237 0.069336
0 0.422107 0.038086 0.161721 0.074219
0 0.577893 0.037109 0.152819 0.072266
0 0.736647 0.037109 0.158754 0.072266
0 0.907270 0.038574 0.185460 0.073242
0 0.091988 0.112305 0.178042 0.074219
0 0.261128 0.109375 0.160237 0.080078
0 0.419881 0.106445 0.157270 0.074219
0 0.580119 0.108398 0.163205 0.070312
0 0.740356 0.113281 0.157270 0.080078
0 0.909496 0.113281 0.181009 0.080078
0 0.093472 0.182617 0.181009 0.074219
0 0.264095 0.183105 0.160237 0.073242
0 0.422849 0.181641 0.157270 0.070312
0 0.580119 0.181152 0.157270 0.071289
0 0.739614 0.184082 0.161721 0.077148
0 0.906528 0.185547 0.172107 0.074219
0 0.094214 0.253418 0.173591 0.073242
0 0.262611 0.253418 0.163205 0.073242
0 0.421365 0.251953 0.154303 0.070312
0 0.580119 0.250488 0.163205 0.073242
0 0.742582 0.251953 0.161721 0.076172
0 0.909496 0.255371 0.172107 0.073242
0 0.094955 0.326172 0.181009 0.072266
0 0.265579 0.325684 0.160237 0.073242
0 0.422107 0.325684 0.152819 0.073242
0 0.580119 0.326172 0.163205 0.072266
0 0.740356 0.325195 0.157270 0.070312
0 0.905786 0.324707 0.173591 0.071289
0 0.091988 0.395508 0.178042 0.076172
0 0.263353 0.397949 0.164688 0.071289
0 0.419139 0.396973 0.146884 0.069336
0 0.574926 0.397461 0.164688 0.068359
0 0.735905 0.399902 0.157270 0.073242
0 0.905786 0.399414 0.182493 0.074219
0 0.094214 0.470215 0.179525 0.073242
0 0.266320 0.469238 0.164688 0.075195
0 0.423591 0.469238 0.149852 0.075195
0 0.577893 0.470215 0.158754 0.073242
0 0.737389 0.473633 0.157270 0.076172
0 0.908012 0.474121 0.183976 0.075195
0 0.094214 0.541992 0.182493 0.076172
0 0.265579 0.541992 0.160237 0.076172
0 0.424332 0.539062 0.157270 0.070312
0 0.583086 0.539551 0.160237 0.069336
0 0.739614 0.542480 0.152819 0.075195
0 0.908012 0.544434 0.183976 0.071289
0 0.096439 0.614258 0.178042 0.072266
0 0.263353 0.616211 0.155786 0.068359
0 0.422107 0.615234 0.161721 0.066406
0 0.582344 0.612793 0.158754 0.071289
0 0.740356 0.612305 0.157270 0.070312
0 0.909496 0.612305 0.181009 0.070312
0 0.097923 0.683105 0.181009 0.077148
0 0.266320 0.685059 0.155786 0.073242
0 0.413947 0.685059 0.160237 0.073242
0 0.577151 0.683594 0.160237 0.070312
0 0.738131 0.686035 0.152819 0.075195
0 0.907270 0.684082 0.185460 0.079102
0 0.097181 0.754883 0.185460 0.068359
0 0.269288 0.753906 0.152819 0.070312
0 0.422107 0.753418 0.152819 0.069336
0 0.576409 0.754883 0.155786 0.066406
0 0.736647 0.758301 0.164688 0.073242
0 0.905786 0.758301 0.173591 0.073242
0 0.097181 0.829102 0.185460 0.076172
0 0.265579 0.829102 0.151335 0.076172
0 0.421365 0.826172 0.160237 0.070312
0 0.580119 0.826660 0.157270 0.069336
0 0.736647 0.828613 0.155786 0.073242
0 0.907270 0.828613 0.185460 0.073242
0 0.097181 0.901855 0.185460 0.073242
0 0.264095 0.899414 0.148368 0.076172
0 0.420623 0.897949 0.164688 0.073242
0 0.582344 0.899414 0.158754 0.070312
0 0.738872 0.897461 0.154303 0.066406
0 0.908012 0.895996 0.183976 0.069336
0 0.100890 0.968750 0.178042 0.062500
0 0.268546 0.967285 0.160237 0.065430
0 0.424332 0.966309 0.157270 0.067383
0 0.580119 0.967773 0.157270 0.064453
0 0.737389 0.966309 0.148368 0.067383
0 0.910237 0.967285 0.179525 0.065430
