0 0.188965 0.128843 0.313477 0.254758
0 0.500000 0.128843 0.314453 0.254758
0 0.813965 0.129575 0.313477 0.256223
2 0.820801 0.620791 0.090820 0.292826
0 0.188477 0.322840 0.312500 0.144949
0 0.501465 0.326501 0.315430 0.140556
0 0.814453 0.329429 0.312500 0.131772
0 0.185547 0.524158 0.306641 0.257687
0 0.499023 0.523426 0.320312 0.259151
0 0.813965 0.526354 0.313477 0.265007
0 0.187500 0.723280 0.314453 0.140556
0 0.500000 0.721083 0.310547 0.144949
0 0.763672 0.721083 0.210938 0.139092
0 0.922852 0.725476 0.107422 0.136164
0 0.184570 0.896047 0.312500 0.204978
0 0.499512 0.895315 0.309570 0.209370
0 0.758789 0.895315 0.205078 0.209370
0 0.919922 0.896047 0.103516 0.207906
