0 0.087500 0.140449 0.173750 0.279170
0 0.282187 0.139585 0.215625 0.277442
0 0.499375 0.142610 0.207500 0.283492
0 0.714688 0.140882 0.223125 0.280035
0 0.910937 0.140882 0.178125 0.280035
0 0.087500 0.407087 0.173750 0.242005
0 0.284687 0.402334 0.210625 0.244598
0 0.495000 0.404494 0.210000 0.240277
0 0.712187 0.406223 0.224375 0.243734
0 0.909687 0.404494 0.170625 0.247191
0 0.087188 0.648660 0.173125 0.237684
0 0.280938 0.643907 0.213125 0.243734
0 0.496563 0.645203 0.218125 0.237684
0 0.715000 0.645203 0.218750 0.237684
0 0.912188 0.648228 0.175625 0.231634
0 0.085312 0.842264 0.169375 0.152982
0 0.281562 0.839239 0.214375 0.146932
0 0.496250 0.839672 0.218750 0.151253
0 0.715313 0.839672 0.219375 0.151253
0 0.912500 0.842697 0.175000 0.157303
