0 0.029297 0.105572 0.056641 0.208211
0 0.091309 0.129032 0.069336 0.255132
0 0.031738 0.311584 0.061523 0.203812
0 0.092285 0.324047 0.073242 0.208211
0 0.094238 0.513930 0.067383 0.197947
0 0.031250 0.509531 0.060547 0.203812
0 0.243652 0.125367 0.227539 0.247801
0 0.460449 0.128299 0.213867 0.253666
0 0.671875 0.128299 0.208984 0.253666
0 0.883789 0.129765 0.205078 0.256598
0 0.240723 0.428886 0.217773 0.326979
0 0.462402 0.423021 0.213867 0.324047
0 0.678223 0.430352 0.213867 0.326979
0 0.887207 0.430352 0.206055 0.324047
4 0.283203 0.349707 0.033203 0.693548
