0 0.098145 0.030747 0.194336 0.058565
0 0.357422 0.030747 0.322266 0.058565
0 0.689453 0.031479 0.343750 0.060029
0 0.930176 0.032211 0.139648 0.061493
0 0.082520 0.237921 0.161133 0.168375
0 0.252441 0.240117 0.178711 0.163982
0 0.433105 0.237921 0.182617 0.159590
0 0.611328 0.238653 0.173828 0.158126
0 0.789062 0.243045 0.181641 0.166911
0 0.939941 0.245242 0.120117 0.162518
0 0.082520 0.415813 0.161133 0.190337
0 0.253906 0.416545 0.181641 0.188873
0 0.437988 0.370425 0.186523 0.096633
0 0.617676 0.367496 0.176758 0.099561
0 0.793457 0.371157 0.176758 0.092240
0 0.940918 0.374085 0.118164 0.098097
0 0.677734 0.465593 0.050781 0.093704
0 0.082520 0.590776 0.163086 0.156662
0 0.253418 0.591508 0.178711 0.155198
0 0.436035 0.591508 0.186523 0.155198
0 0.618164 0.592972 0.177734 0.152269
0 0.795410 0.595168 0.176758 0.156662
0 0.941895 0.595168 0.116211 0.156662
0 0.081055 0.732064 0.160156 0.125915
0 0.252930 0.731332 0.183594 0.127379
0 0.436035 0.729868 0.184570 0.124451
0 0.619141 0.732064 0.179688 0.120059
0 0.799805 0.732796 0.181641 0.121523
0 0.944824 0.732064 0.108398 0.122987
0 0.080566 0.911420 0.157227 0.168375
0 0.251465 0.915081 0.184570 0.161054
0 0.373047 0.908492 0.058594 0.147877
0 0.680176 0.912884 0.055664 0.156662
