0 0.036133 0.332162 0.070312 0.358524
0 0.107910 0.338313 0.079102 0.370826
0 0.180176 0.342707 0.071289 0.351494
0 0.247070 0.363796 0.062500 0.330404
0 0.303711 0.366432 0.050781 0.321617
0 0.347168 0.373462 0.043945 0.311072
0 0.391113 0.380492 0.041992 0.300527
0 0.435547 0.377856 0.046875 0.295255
0 0.483887 0.382250 0.045898 0.286467
0 0.535645 0.381371 0.057617 0.284710
0 0.586914 0.382250 0.048828 0.258348
0 0.633789 0.384007 0.041016 0.258348
0 0.672852 0.390158 0.035156 0.235501
0 0.702637 0.397188 0.024414 0.207381
0 0.733887 0.398067 0.030273 0.191564
