0 0.192871 0.507321 0.081055 0.054173
0 0.190918 0.572474 0.079102 0.076135
0 0.191895 0.651537 0.077148 0.079063
0 0.268066 0.653001 0.075195 0.076135
0 0.268066 0.576867 0.075195 0.076135
0 0.268066 0.502196 0.075195 0.073206
0 0.342773 0.496340 0.074219 0.079063
0 0.407715 0.494876 0.053711 0.084919
0 0.455078 0.491947 0.041016 0.087848
0 0.342773 0.576135 0.072266 0.077599
0 0.407227 0.573939 0.056641 0.081991
0 0.458984 0.574671 0.048828 0.077599
0 0.341797 0.651537 0.074219 0.076135
0 0.407227 0.652269 0.056641 0.074671
0 0.462402 0.654466 0.053711 0.079063
0 0.815430 0.505857 0.080078 0.057101
0 0.817871 0.573206 0.083008 0.080527
0 0.817871 0.650805 0.081055 0.083455
0 0.737793 0.575403 0.077148 0.079063
0 0.736816 0.504392 0.075195 0.062958
0 0.662109 0.495608 0.076172 0.083455
0 0.595703 0.494143 0.056641 0.080527
0 0.544434 0.489019 0.045898 0.090776
0 0.660645 0.575403 0.069336 0.076135
0 0.596680 0.576135 0.058594 0.077599
0 0.541992 0.575403 0.050781 0.076135
0 0.542969 0.654466 0.052734 0.081991
