0 0.097656 0.054985 0.193359 0.107038
0 0.310059 0.053519 0.233398 0.104106
0 0.538086 0.050587 0.230469 0.098240
0 0.738770 0.054252 0.168945 0.105572
0 0.911621 0.056452 0.176758 0.109971
0 0.126953 0.271261 0.248047 0.187683
0 0.368652 0.274194 0.233398 0.181818
0 0.600586 0.274194 0.228516 0.187683
0 0.798828 0.275660 0.167969 0.184751
0 0.941406 0.274927 0.117188 0.183284
0 0.132812 0.498534 0.232422 0.266862
0 0.366699 0.497067 0.231445 0.263930
0 0.597656 0.496334 0.240234 0.265396
0 0.800781 0.496334 0.171875 0.274194
0 0.942383 0.500733 0.115234 0.265396
0 0.137207 0.762463 0.227539 0.266862
0 0.368652 0.760264 0.233398 0.262463
0 0.598145 0.763196 0.229492 0.271261
0 0.802246 0.766129 0.174805 0.265396
0 0.943359 0.763930 0.113281 0.266862
0 0.942383 0.946481 0.115234 0.107038
0 0.801758 0.947947 0.173828 0.104106
0 0.599121 0.945748 0.233398 0.108504
0 0.369629 0.945748 0.237305 0.108504
0 0.137695 0.947947 0.234375 0.104106
