0 0.131348 0.302343 0.260742 0.370425
0 0.412598 0.300146 0.303711 0.366032
0 0.717773 0.302343 0.302734 0.373353
0 0.130859 0.057833 0.259766 0.112738
0 0.413086 0.059297 0.304688 0.115666
0 0.716309 0.060029 0.301758 0.117130
0 0.131348 0.672035 0.260742 0.371889
0 0.414062 0.673499 0.300781 0.374817
0 0.717285 0.672767 0.305664 0.376281
0 0.935059 0.671303 0.129883 0.373353
0 0.129883 0.928258 0.257812 0.143485
0 0.413086 0.927526 0.308594 0.144949
0 0.717773 0.930454 0.306641 0.139092
0 0.933594 0.930454 0.132812 0.139092
