0 0.049463 0.074422 0.093327 0.142100
0 0.146407 0.077553 0.102427 0.153179
0 0.253966 0.078516 0.112692 0.155106
0 0.358959 0.079721 0.101493 0.148844
0 0.462436 0.078516 0.105460 0.146435
0 0.568479 0.077553 0.106626 0.153179
0 0.674522 0.079480 0.105460 0.157033
0 0.779981 0.079239 0.105460 0.157514
0 0.890574 0.083815 0.105460 0.153179
0 0.972119 0.078276 0.055763 0.155588
0 0.051097 0.253613 0.094260 0.186416
0 0.148507 0.253613 0.100560 0.186416
0 0.252450 0.248314 0.107326 0.175819
0 0.358959 0.246146 0.105693 0.180154
0 0.463019 0.246146 0.102427 0.180154
0 0.566962 0.249277 0.105460 0.173892
0 0.673938 0.251445 0.108493 0.178227
0 0.781965 0.250482 0.107559 0.180154
0 0.887541 0.246146 0.103593 0.171484
0 0.969669 0.247110 0.060663 0.169557
0 0.047014 0.631503 0.092161 0.376686
0 0.143840 0.631503 0.101493 0.376686
0 0.250350 0.626445 0.111526 0.366570
0 0.358376 0.625241 0.104526 0.368979
0 0.462902 0.627168 0.104526 0.372832
0 0.564862 0.632466 0.099393 0.362235
0 0.676038 0.626445 0.112692 0.366570
0 0.784064 0.627408 0.103360 0.364644
0 0.888007 0.628372 0.104526 0.366570
0 0.970135 0.625241 0.059729 0.372832
0 0.047713 0.906792 0.094960 0.186416
0 0.148507 0.907996 0.108493 0.184008
0 0.254433 0.907996 0.107559 0.184008
0 0.360476 0.911127 0.106393 0.177746
0 0.464419 0.905829 0.103360 0.188343
0 0.570462 0.907996 0.104526 0.184008
0 0.676038 0.909923 0.112692 0.180154
0 0.786048 0.905829 0.103593 0.188343
0 0.889991 0.906792 0.100560 0.186416
0 0.970602 0.911127 0.058796 0.177746
