0 0.132161 0.094727 0.212240 0.138672
0 0.340495 0.093262 0.204427 0.141602
0 0.547526 0.091309 0.209635 0.137695
0 0.130208 0.230469 0.200521 0.126953
0 0.335938 0.229492 0.210938 0.128906
0 0.546875 0.228027 0.210938 0.125977
0 0.124349 0.365234 0.207031 0.142578
0 0.332682 0.366699 0.212240 0.139648
0 0.540365 0.324219 0.203125 0.056641
0 0.648438 0.458496 0.143229 0.208008
0 0.130208 0.500000 0.200521 0.126953
0 0.335938 0.500000 0.210938 0.130859
0 0.826172 0.438477 0.097656 0.324219
0 0.938802 0.426270 0.122396 0.428711
0 0.750000 0.449707 0.059896 0.254883
