0 0.076172 0.159590 0.150391 0.202050
0 0.222656 0.160322 0.142578 0.200586
0 0.359863 0.164714 0.131836 0.209370
0 0.492188 0.167643 0.132812 0.203514
0 0.625000 0.166179 0.132812 0.200586
0 0.753906 0.167643 0.125000 0.197657
0 0.880859 0.171303 0.128906 0.204978
0 0.972656 0.172767 0.054688 0.202050
0 0.051758 0.354319 0.101562 0.140556
0 0.151855 0.352855 0.098633 0.143485
0 0.268066 0.352123 0.127930 0.139092
0 0.580566 0.356515 0.124023 0.130307
0 0.700684 0.356515 0.122070 0.130307
0 0.823730 0.356515 0.120117 0.133236
0 0.940430 0.359444 0.119141 0.127379
1 0.404785 0.410688 0.041992 0.124451
1 0.445801 0.407760 0.038086 0.118594
