0 0.082031 0.047170 0.162109 0.091437
0 0.257324 0.047896 0.163086 0.092888
0 0.431641 0.048621 0.164062 0.094340
0 0.608398 0.047170 0.164062 0.091437
0 0.790039 0.047896 0.179688 0.092888
0 0.082031 0.206821 0.162109 0.149492
0 0.257324 0.206096 0.168945 0.145138
0 0.433594 0.207547 0.166016 0.150943
0 0.606445 0.205370 0.164062 0.146589
0 0.789062 0.208999 0.177734 0.150943
0 0.082520 0.386067 0.155273 0.145138
0 0.256348 0.386792 0.166992 0.143687
0 0.432617 0.389695 0.164062 0.143687
0 0.607910 0.388970 0.163086 0.145138
0 0.788086 0.390421 0.171875 0.145138
0 0.082520 0.568940 0.163086 0.142235
0 0.257324 0.572569 0.168945 0.143687
0 0.433594 0.571843 0.167969 0.139332
0 0.606934 0.571118 0.163086 0.137881
0 0.788086 0.571843 0.171875 0.142235
0 0.083496 0.750363 0.163086 0.142235
0 0.259277 0.753266 0.165039 0.148041
0 0.432617 0.754717 0.164062 0.142235
0 0.608887 0.755443 0.166992 0.143687
0 0.790527 0.754717 0.168945 0.145138
0 0.083984 0.931060 0.164062 0.137881
0 0.259277 0.932511 0.165039 0.134978
0 0.434570 0.930334 0.164062 0.139332
0 0.609863 0.931785 0.165039 0.136430
0 0.791016 0.931785 0.177734 0.136430
