0 0.502083 0.110937 0.208333 0.118750
0 0.504687 0.264844 0.201042 0.114062
0 0.503125 0.416406 0.202083 0.117188
0 0.502083 0.567187 0.204167 0.115625
0 0.504167 0.720313 0.202083 0.112500
0 0.502604 0.877344 0.203125 0.117188
0 0.659896 0.123438 0.111458 0.137500
0 0.350000 0.127344 0.106250 0.145313
0 0.348958 0.271875 0.108333 0.121875
0 0.658333 0.274219 0.106250 0.145313
0 0.348438 0.428906 0.105208 0.114062
0 0.659375 0.422656 0.106250 0.139063
0 0.346875 0.573438 0.104167 0.109375
0 0.656771 0.579688 0.101042 0.131250
0 0.350000 0.726562 0.108333 0.112500
0 0.660937 0.726562 0.117708 0.128125
0 0.348958 0.882031 0.108333 0.120313
0 0.659375 0.884375 0.106250 0.134375
