0 0.068359 0.199706 0.134766 0.340675
0 0.213867 0.198238 0.164062 0.343612
0 0.372070 0.199706 0.152344 0.343612
0 0.529297 0.198238 0.160156 0.346549
0 0.687988 0.199706 0.157227 0.343612
0 0.844727 0.198238 0.156250 0.340675
0 0.961426 0.198238 0.077148 0.340675
0 0.069336 0.446402 0.136719 0.149780
0 0.215820 0.444200 0.158203 0.148311
0 0.375000 0.444200 0.156250 0.148311
0 0.530273 0.445668 0.154297 0.145374
0 0.688477 0.446402 0.156250 0.143906
0 0.844727 0.443465 0.158203 0.149780
0 0.962402 0.420705 0.075195 0.107195
