0 0.102500 0.185833 0.147500 0.255000
0 0.104375 0.030000 0.151250 0.056667
0 0.249375 0.030000 0.148750 0.056667
0 0.250625 0.184167 0.151250 0.255000
0 0.400625 0.184167 0.148750 0.255000
0 0.551250 0.181667 0.147500 0.246667
0 0.701250 0.180833 0.152500 0.248333
0 0.853750 0.183333 0.152500 0.253333
0 0.965000 0.179167 0.070000 0.261667
0 0.402500 0.029167 0.150000 0.055000
0 0.550625 0.029167 0.151250 0.055000
0 0.700000 0.030000 0.155000 0.056667
0 0.853125 0.031667 0.151250 0.060000
0 0.963750 0.027500 0.072500 0.051667
0 0.098125 0.438333 0.143750 0.256667
0 0.248125 0.436667 0.156250 0.260000
0 0.401250 0.436667 0.150000 0.260000
0 0.552500 0.435000 0.152500 0.263333
0 0.701250 0.435000 0.145000 0.263333
0 0.854375 0.436667 0.161250 0.260000
0 0.967500 0.437500 0.065000 0.261667
0 0.101250 0.691667 0.147500 0.253333
0 0.250000 0.692500 0.150000 0.251667
0 0.400000 0.696667 0.150000 0.260000
0 0.550000 0.697500 0.150000 0.258333
0 0.700000 0.698333 0.150000 0.260000
0 0.855000 0.699167 0.160000 0.258333
0 0.967500 0.699167 0.065000 0.258333
