0 0.425781 0.297009 0.067708 0.081197
0 0.496745 0.290598 0.074219 0.068376
0 0.572917 0.283476 0.070312 0.082621
0 0.421875 0.366097 0.072917 0.076923
0 0.496094 0.364672 0.075521 0.082621
0 0.573568 0.362536 0.079427 0.078348
0 0.423828 0.434473 0.071615 0.059829
0 0.495443 0.426638 0.082031 0.064103
0 0.572266 0.425214 0.084635 0.064103
0 0.970052 0.251425 0.059896 0.098291
0 0.970052 0.339744 0.059896 0.089744
0 0.971354 0.427350 0.057292 0.094017
0 0.970052 0.524929 0.059896 0.103989
0 0.970703 0.619658 0.058594 0.096866
0 0.970052 0.709402 0.059896 0.082621
0 0.490234 0.603989 0.220052 0.136752
