0 0.168945 0.291016 0.099609 0.203125
0 0.271973 0.292969 0.106445 0.201172
0 0.380371 0.292969 0.110352 0.201172
0 0.493652 0.294922 0.108398 0.201172
0 0.603027 0.292480 0.110352 0.196289
0 0.705566 0.291016 0.094727 0.199219
0 0.807617 0.291016 0.109375 0.199219
0 0.811035 0.486816 0.102539 0.192383
0 0.708008 0.491699 0.103516 0.182617
0 0.604492 0.492676 0.103516 0.184570
0 0.493164 0.493164 0.119141 0.183594
0 0.379395 0.489258 0.108398 0.175781
0 0.274902 0.485352 0.100586 0.183594
0 0.174316 0.487793 0.100586 0.188477
0 0.498047 0.708496 0.091797 0.143555
0 0.237305 0.710938 0.068359 0.146484
