0 0.444824 0.538123 0.106445 0.108504
0 0.553223 0.538123 0.108398 0.111437
0 0.660156 0.541789 0.105469 0.109971
0 0.765625 0.543255 0.105469 0.112903
0 0.861328 0.544721 0.085938 0.109971
0 0.338379 0.538123 0.106445 0.105572
0 0.230957 0.537390 0.108398 0.104106
0 0.123047 0.534457 0.107422 0.109971
0 0.446289 0.660557 0.113281 0.139296
0 0.553711 0.662757 0.101562 0.134897
0 0.337402 0.659091 0.106445 0.133431
0 0.230469 0.658358 0.107422 0.134897
0 0.120605 0.657625 0.112305 0.133431
0 0.118652 0.793255 0.108398 0.140762
0 0.229004 0.794721 0.112305 0.137830
0 0.338379 0.796188 0.106445 0.140762
0 0.446777 0.799853 0.110352 0.133431
0 0.555664 0.802053 0.107422 0.137830
0 0.663574 0.802786 0.108398 0.136364
0 0.770996 0.805718 0.106445 0.142229
0 0.870117 0.807185 0.091797 0.139296
0 0.118164 0.931085 0.109375 0.137830
0 0.226562 0.930352 0.111328 0.139296
0 0.336914 0.932551 0.107422 0.134897
0 0.445312 0.934018 0.109375 0.131965
0 0.555176 0.933284 0.112305 0.133431
0 0.663574 0.934751 0.110352 0.130499
0 0.770020 0.937683 0.108398 0.124633
0 0.872559 0.936217 0.100586 0.127566
0 0.125000 0.401026 0.109375 0.156891
0 0.233398 0.401026 0.107422 0.156891
0 0.341309 0.401760 0.108398 0.155425
0 0.446777 0.403959 0.104492 0.159824
0 0.553223 0.405425 0.108398 0.156891
0 0.659668 0.406158 0.104492 0.158358
0 0.763184 0.406158 0.102539 0.158358
0 0.858887 0.407625 0.088867 0.161290
0 0.126953 0.256598 0.107422 0.131965
0 0.232910 0.256598 0.106445 0.131965
0 0.340820 0.258065 0.109375 0.129032
0 0.447266 0.260264 0.103516 0.133431
0 0.551270 0.260264 0.108398 0.133431
0 0.657715 0.260997 0.104492 0.134897
0 0.761230 0.262463 0.102539 0.131965
0 0.852539 0.262463 0.080078 0.131965
0 0.128906 0.123167 0.105469 0.129032
0 0.234863 0.126100 0.106445 0.134897
0 0.341309 0.124633 0.106445 0.131965
0 0.446289 0.129765 0.103516 0.133431
0 0.551270 0.127566 0.106445 0.129032
0 0.656250 0.127566 0.103516 0.129032
0 0.760254 0.129765 0.104492 0.133431
0 0.848145 0.131232 0.071289 0.130499
