0 0.155273 0.230446 0.119141 0.153070
0 0.271484 0.227502 0.113281 0.158957
0 0.383464 0.226661 0.110677 0.157275
0 0.496094 0.227502 0.114583 0.155593
0 0.609701 0.224558 0.112630 0.149706
0 0.720703 0.225399 0.109375 0.148024
0 0.832031 0.228343 0.113281 0.153911
0 0.830729 0.375526 0.115885 0.140454
0 0.718099 0.372582 0.109375 0.146341
0 0.609049 0.372582 0.108724 0.146341
0 0.496419 0.374685 0.116536 0.142136
0 0.381836 0.374685 0.112630 0.142136
0 0.268880 0.375526 0.113281 0.140454
0 0.157552 0.376787 0.109375 0.142977
0 0.155273 0.523970 0.104818 0.151388
0 0.262370 0.523970 0.109375 0.151388
0 0.378581 0.521867 0.123047 0.147183
0 0.495768 0.520606 0.111328 0.149706
0 0.611003 0.521867 0.119141 0.152229
0 0.722331 0.522708 0.103516 0.150547
0 0.830404 0.521867 0.112630 0.148865
0 0.831055 0.716569 0.111328 0.240538
0 0.722331 0.716569 0.106120 0.240538
0 0.611003 0.715728 0.116536 0.238856
0 0.496419 0.716569 0.112630 0.237174
0 0.382812 0.713204 0.114583 0.230446
0 0.267253 0.711943 0.116536 0.232969
0 0.158203 0.712784 0.101562 0.234651
0 0.956380 0.686291 0.084635 0.166526
