0 0.164551 0.486804 0.081055 0.158358
0 0.236328 0.483871 0.062500 0.164223
0 0.324707 0.480205 0.102539 0.180352
0 0.414062 0.450880 0.074219 0.133431
0 0.489746 0.444282 0.079102 0.126100
0 0.574707 0.437683 0.086914 0.139296
0 0.664062 0.428886 0.095703 0.142229
0 0.762695 0.421554 0.101562 0.156891
0 0.868164 0.418622 0.115234 0.162757
4 0.083008 0.483138 0.027344 0.171554
4 0.170898 0.483138 0.021484 0.186217
4 0.272949 0.480938 0.020508 0.170088
4 0.384277 0.480938 0.016602 0.217009
4 0.514648 0.466276 0.023438 0.240469
4 0.661621 0.461877 0.022461 0.255132
4 0.824707 0.450147 0.028320 0.272727
