0 0.141113 0.408492 0.083008 0.251830
0 0.226562 0.407760 0.087891 0.253294
0 0.313477 0.406296 0.085938 0.250366
0 0.723633 0.406296 0.083984 0.253294
0 0.809570 0.405564 0.087891 0.254758
0 0.898926 0.404832 0.090820 0.247438
0 0.043945 0.169839 0.085938 0.155198
0 0.135254 0.167643 0.094727 0.147877
0 0.228027 0.168375 0.088867 0.149341
0 0.315430 0.167643 0.085938 0.147877
0 0.398438 0.165447 0.078125 0.152269
0 0.478027 0.163250 0.081055 0.147877
0 0.561035 0.166911 0.083008 0.155198
0 0.641602 0.164714 0.078125 0.150805
0 0.724121 0.164714 0.086914 0.150805
0 0.811523 0.166179 0.087891 0.153734
0 0.904785 0.166179 0.098633 0.153734
0 0.386230 0.405564 0.043945 0.240117
0 0.438477 0.404832 0.033203 0.235725
0 0.491699 0.409224 0.038086 0.238653
0 0.543945 0.407760 0.039062 0.235725
0 0.601074 0.409224 0.038086 0.235725
0 0.652344 0.404832 0.035156 0.229868
