0 0.045898 0.456585 0.058594 0.102750
0 0.104492 0.453690 0.056641 0.102750
0 0.157715 0.452243 0.057617 0.117221
0 0.212402 0.451520 0.049805 0.104197
0 0.264648 0.453690 0.050781 0.108538
0 0.319336 0.458755 0.048828 0.118669
0 0.372070 0.454414 0.052734 0.107091
0 0.425293 0.459479 0.055664 0.120116
0 0.009766 0.335745 0.017578 0.130246
0 0.043945 0.334298 0.052734 0.124457
0 0.101562 0.337916 0.050781 0.123010
0 0.154297 0.334298 0.054688 0.115774
0 0.208008 0.332851 0.052734 0.118669
0 0.264160 0.335022 0.059570 0.123010
0 0.318359 0.337192 0.048828 0.118669
0 0.372559 0.337192 0.059570 0.118669
0 0.428223 0.340810 0.051758 0.111433
0 0.477051 0.327062 0.053711 0.089725
0 0.530762 0.324891 0.053711 0.094067
0 0.584473 0.321997 0.053711 0.088278
0 0.637695 0.335022 0.052734 0.123010
0 0.010742 0.246744 0.019531 0.059334
0 0.047852 0.243126 0.052734 0.057887
0 0.101562 0.246020 0.052734 0.054993
0 0.157715 0.241679 0.057617 0.052098
0 0.212402 0.246020 0.051758 0.063676
0 0.266602 0.242402 0.054688 0.056440
0 0.320312 0.245297 0.052734 0.062229
0 0.375000 0.245297 0.052734 0.056440
0 0.427734 0.248191 0.052734 0.056440
0 0.480957 0.248915 0.053711 0.057887
0 0.531738 0.248915 0.053711 0.060781
0 0.584961 0.246744 0.054688 0.062229
0 0.638184 0.248915 0.049805 0.054993
0 0.684082 0.340810 0.040039 0.125904
0 0.728027 0.339363 0.041992 0.125904
0 0.684082 0.457308 0.036133 0.130246
0 0.726074 0.451520 0.047852 0.101302
0 0.770020 0.340087 0.040039 0.121563
0 0.811523 0.340087 0.042969 0.121563
0 0.853516 0.340087 0.041016 0.121563
0 0.895020 0.337916 0.041992 0.117221
0 0.933594 0.339363 0.037109 0.120116
0 0.969727 0.339363 0.035156 0.120116
0 0.769531 0.456585 0.042969 0.114327
0 0.811523 0.454414 0.037109 0.107091
0 0.852539 0.452243 0.041016 0.105644
0 0.894043 0.448625 0.041992 0.098408
0 0.934570 0.439942 0.037109 0.083936
0 0.969727 0.430535 0.033203 0.053546
0 0.687988 0.246744 0.041992 0.053546
0 0.728516 0.248191 0.039062 0.059334
0 0.770020 0.253980 0.041992 0.053546
0 0.811035 0.253256 0.043945 0.057887
0 0.854492 0.254703 0.042969 0.054993
0 0.894531 0.252533 0.042969 0.056440
0 0.934082 0.254703 0.036133 0.052098
0 0.970215 0.245297 0.036133 0.050651
0 0.686523 0.159913 0.041016 0.123010
0 0.728027 0.161360 0.041992 0.117221
0 0.769043 0.164255 0.041992 0.120116
0 0.812012 0.162084 0.040039 0.121563
0 0.854004 0.164255 0.041992 0.125904
0 0.895996 0.162084 0.040039 0.130246
0 0.934082 0.166425 0.038086 0.124457
0 0.972168 0.162808 0.032227 0.123010
0 0.688477 0.048480 0.041016 0.094067
0 0.729004 0.051375 0.043945 0.099855
0 0.769531 0.051375 0.041016 0.099855
0 0.811035 0.052098 0.043945 0.101302
0 0.854492 0.055716 0.044922 0.108538
0 0.895996 0.054269 0.040039 0.105644
0 0.936523 0.052822 0.035156 0.102750
0 0.970703 0.052098 0.031250 0.101302
0 0.023926 0.149783 0.045898 0.123010
0 0.073730 0.147612 0.055664 0.121563
0 0.132812 0.149783 0.054688 0.125904
0 0.183594 0.150507 0.054688 0.121563
0 0.239258 0.151230 0.058594 0.128799
0 0.292480 0.151230 0.055664 0.125904
0 0.345703 0.151954 0.050781 0.124457
0 0.398926 0.155572 0.053711 0.131693
0 0.453613 0.157019 0.057617 0.128799
0 0.506836 0.157019 0.050781 0.131693
0 0.559570 0.154848 0.052734 0.127352
0 0.626465 0.161360 0.079102 0.134588
0 0.023926 0.060058 0.045898 0.056440
0 0.024414 0.018813 0.046875 0.034732
0 0.075684 0.062952 0.059570 0.056440
0 0.076172 0.018090 0.056641 0.033285
0 0.130859 0.064399 0.056641 0.056440
0 0.183594 0.061505 0.054688 0.053546
0 0.240234 0.065123 0.058594 0.057887
0 0.294922 0.068017 0.054688 0.052098
0 0.349121 0.067294 0.051758 0.053546
0 0.401367 0.065123 0.052734 0.052098
0 0.454590 0.065123 0.057617 0.054993
0 0.508789 0.065123 0.052734 0.060781
0 0.560059 0.066570 0.049805 0.057887
0 0.611816 0.070188 0.053711 0.065123
0 0.653320 0.070188 0.029297 0.059334
0 0.131836 0.014472 0.052734 0.026049
0 0.183105 0.018813 0.051758 0.034732
0 0.240234 0.020984 0.056641 0.039074
0 0.292480 0.019537 0.053711 0.036179
0 0.345215 0.022431 0.049805 0.041968
0 0.396973 0.021708 0.053711 0.040521
0 0.453125 0.018813 0.056641 0.034732
0 0.506836 0.020260 0.048828 0.037627
0 0.558594 0.019537 0.052734 0.036179
0 0.611328 0.020984 0.054688 0.039074
0 0.653809 0.022431 0.032227 0.041968
