0 0.223633 0.181085 0.078125 0.168622
0 0.225098 0.450147 0.081055 0.372434
0 0.351562 0.197214 0.083984 0.186217
0 0.437012 0.200147 0.086914 0.180352
0 0.524902 0.202346 0.088867 0.184751
0 0.612305 0.201613 0.085938 0.186217
0 0.688965 0.201613 0.067383 0.186217
0 0.347168 0.445748 0.075195 0.307918
0 0.433594 0.392962 0.080078 0.193548
0 0.438477 0.544721 0.085938 0.112903
0 0.526367 0.450147 0.095703 0.310850
0 0.614258 0.385630 0.083984 0.190616
0 0.616211 0.543255 0.083984 0.118768
0 0.690918 0.449413 0.059570 0.309384
