0 0.104583 0.347619 0.100833 0.269841
0 0.206667 0.330952 0.110000 0.296825
0 0.322083 0.315873 0.125833 0.298413
0 0.456250 0.296825 0.144167 0.314286
0 0.609167 0.276190 0.161667 0.333333
0 0.791250 0.265873 0.202500 0.334921
0 0.104167 0.544444 0.100000 0.139683
0 0.206667 0.537302 0.110000 0.163492
0 0.322917 0.534921 0.122500 0.158730
0 0.458333 0.524603 0.148333 0.179365
0 0.609167 0.518254 0.161667 0.173016
0 0.790833 0.514286 0.201667 0.184127
0 0.947083 0.476984 0.105833 0.712698
0 0.102083 0.700794 0.097500 0.176190
0 0.205417 0.708730 0.104167 0.198413
0 0.303750 0.708730 0.087500 0.204762
0 0.478333 0.707143 0.106667 0.204762
0 0.609583 0.714286 0.160833 0.222222
0 0.790417 0.716667 0.202500 0.239683
