0 0.250000 0.490469 0.058594 0.180352
0 0.312500 0.491202 0.058594 0.178886
0 0.390625 0.492669 0.058594 0.181818
0 0.452148 0.491202 0.054688 0.175953
0 0.533691 0.490469 0.055664 0.180352
0 0.595215 0.493402 0.055664 0.186217
0 0.675293 0.491202 0.051758 0.175953
0 0.736816 0.491935 0.053711 0.177419
0 0.420898 0.312317 0.119141 0.117302
0 0.562988 0.310117 0.120117 0.112903
0 0.833008 0.529326 0.048828 0.111437
0 0.279785 0.647361 0.124023 0.071848
0 0.422852 0.641496 0.128906 0.071848
0 0.564941 0.643695 0.127930 0.070381
0 0.707520 0.643695 0.116211 0.067449
