0 0.268750 0.409375 0.075000 0.093750
0 0.267188 0.484375 0.065625 0.081250
0 0.268750 0.559375 0.068750 0.081250
0 0.265625 0.635938 0.068750 0.078125
0 0.267188 0.714063 0.078125 0.071875
0 0.262500 0.790625 0.075000 0.068750
0 0.265625 0.860938 0.075000 0.071875
0 0.342187 0.432812 0.065625 0.090625
0 0.342187 0.510938 0.065625 0.078125
0 0.342187 0.578125 0.065625 0.075000
0 0.340625 0.648438 0.068750 0.078125
0 0.342187 0.721875 0.065625 0.062500
0 0.339062 0.792188 0.071875 0.065625
0 0.345313 0.867188 0.059375 0.065625
0 0.409375 0.457813 0.056250 0.084375
0 0.409375 0.528125 0.056250 0.075000
0 0.409375 0.595313 0.050000 0.071875
0 0.406250 0.660937 0.056250 0.071875
0 0.409375 0.731250 0.056250 0.068750
0 0.410938 0.803125 0.053125 0.075000
0 0.412500 0.868750 0.050000 0.062500
0 0.468750 0.868750 0.043750 0.056250
0 0.525000 0.860938 0.043750 0.053125
0 0.471875 0.798438 0.050000 0.071875
0 0.465625 0.734375 0.056250 0.062500
0 0.470313 0.668750 0.053125 0.068750
0 0.464062 0.610938 0.046875 0.071875
0 0.468750 0.546875 0.050000 0.068750
0 0.470313 0.484375 0.053125 0.075000
0 0.523438 0.501563 0.040625 0.065625
0 0.523438 0.560937 0.040625 0.059375
0 0.521875 0.618750 0.050000 0.068750
0 0.523438 0.679688 0.046875 0.065625
0 0.525000 0.740625 0.050000 0.062500
0 0.523438 0.798438 0.046875 0.059375
0 0.571875 0.862500 0.043750 0.043750
0 0.573438 0.743750 0.040625 0.050000
0 0.573438 0.687500 0.046875 0.062500
0 0.570312 0.628125 0.040625 0.056250
0 0.570312 0.576562 0.046875 0.071875
0 0.570312 0.512500 0.046875 0.075000
0 0.617188 0.528125 0.040625 0.062500
0 0.651563 0.548438 0.040625 0.065625
0 0.689063 0.567187 0.034375 0.059375
0 0.725000 0.575000 0.031250 0.056250
0 0.614062 0.592187 0.040625 0.065625
0 0.651563 0.606250 0.034375 0.050000
0 0.690625 0.615625 0.018750 0.043750
0 0.726562 0.626563 0.034375 0.046875
0 0.614062 0.646875 0.034375 0.050000
0 0.651563 0.667188 0.040625 0.053125
0 0.692187 0.668750 0.028125 0.050000
0 0.726562 0.676562 0.028125 0.040625
0 0.617188 0.701562 0.028125 0.046875
0 0.653125 0.703125 0.037500 0.043750
0 0.692187 0.709375 0.034375 0.043750
0 0.726562 0.718750 0.028125 0.037500
