0 0.093563 0.044922 0.184132 0.087891
0 0.291916 0.047363 0.203593 0.092773
0 0.494760 0.048828 0.208084 0.095703
0 0.705838 0.046387 0.208084 0.090820
0 0.906437 0.050293 0.187126 0.098633
0 0.097305 0.147461 0.179641 0.105469
0 0.288922 0.148438 0.203593 0.103516
0 0.498503 0.146973 0.215569 0.106445
0 0.705090 0.142090 0.206587 0.100586
0 0.904192 0.144531 0.191617 0.095703
0 0.096557 0.248535 0.181138 0.102539
0 0.291916 0.249023 0.209581 0.101562
0 0.500749 0.248047 0.208084 0.099609
0 0.707335 0.248047 0.205090 0.099609
0 0.904940 0.249512 0.190120 0.102539
0 0.098054 0.348145 0.184132 0.100586
0 0.294162 0.349121 0.208084 0.098633
0 0.498503 0.351562 0.200599 0.103516
0 0.702096 0.352051 0.206587 0.102539
0 0.898952 0.350586 0.187126 0.099609
0 0.102545 0.452637 0.184132 0.108398
0 0.294162 0.455078 0.199102 0.103516
0 0.496257 0.449707 0.205090 0.092773
0 0.703593 0.449707 0.209581 0.092773
0 0.904192 0.452637 0.191617 0.098633
0 0.100299 0.558594 0.188623 0.103516
0 0.294162 0.555664 0.199102 0.109375
0 0.499251 0.551758 0.211078 0.101562
0 0.705090 0.553223 0.200599 0.098633
0 0.902695 0.555664 0.194611 0.103516
0 0.097305 0.657227 0.179641 0.095703
0 0.286677 0.658691 0.199102 0.092773
0 0.492515 0.661133 0.212575 0.097656
0 0.698353 0.658203 0.199102 0.103516
0 0.904192 0.654297 0.191617 0.105469
0 0.096557 0.757812 0.181138 0.099609
0 0.291916 0.756348 0.209581 0.102539
0 0.494012 0.756348 0.209581 0.104492
0 0.702096 0.758301 0.206587 0.100586
0 0.902695 0.757812 0.194611 0.099609
0 0.095060 0.859863 0.184132 0.102539
0 0.288922 0.859375 0.203593 0.103516
0 0.497754 0.862305 0.214072 0.109375
0 0.705090 0.862793 0.200599 0.108398
0 0.902695 0.860840 0.194611 0.104492
0 0.098802 0.956543 0.191617 0.086914
0 0.291916 0.958008 0.203593 0.083984
0 0.494012 0.958496 0.209581 0.083008
0 0.708832 0.956543 0.199102 0.086914
0 0.906437 0.953125 0.187126 0.080078
