2 0.476074 0.445996 0.049805 0.202980
2 0.551270 0.432961 0.045898 0.214153
2 0.606445 0.451583 0.041016 0.221601
2 0.494141 0.341713 0.033203 0.102421
2 0.536621 0.324022 0.034180 0.100559
2 0.574707 0.351024 0.018555 0.102421
0 0.099609 0.204842 0.173828 0.405959
0 0.275391 0.210428 0.175781 0.413408
0 0.452637 0.202980 0.170898 0.402235
0 0.638184 0.207635 0.198242 0.411546
0 0.099609 0.629423 0.177734 0.432030
0 0.274414 0.630354 0.175781 0.426443
0 0.448242 0.631285 0.169922 0.432030
0 0.635254 0.635009 0.200195 0.424581
0 0.100586 0.924581 0.175781 0.150838
0 0.273438 0.921788 0.177734 0.156425
0 0.446777 0.922719 0.172852 0.154562
0 0.636230 0.923650 0.200195 0.152700
0 0.960449 0.548417 0.061523 0.083799
0 0.816895 0.552142 0.036133 0.087523
