0 0.047363 0.189883 0.075195 0.277126
0 0.140625 0.187683 0.082031 0.275660
0 0.239746 0.186950 0.079102 0.274194
0 0.338379 0.189150 0.086914 0.278592
0 0.434570 0.189883 0.082031 0.282991
0 0.528320 0.187683 0.082031 0.278592
0 0.646484 0.191349 0.126953 0.288856
0 0.920410 0.467009 0.159180 0.335777
0 0.919434 0.156891 0.161133 0.296188
0 0.044434 0.508798 0.061523 0.219941
0 0.140625 0.510997 0.064453 0.224340
0 0.239746 0.509531 0.063477 0.227273
0 0.336914 0.510264 0.066406 0.225806
0 0.437500 0.512463 0.074219 0.224340
0 0.543457 0.510264 0.073242 0.222874
0 0.651367 0.508065 0.070312 0.221408
