0 0.174805 0.319912 0.142578 0.194729
0 0.396484 0.318448 0.134766 0.191801
0 0.622070 0.318448 0.134766 0.194729
0 0.852539 0.305271 0.138672 0.159590
0 0.852539 0.456808 0.140625 0.149341
4 0.729980 0.378477 0.030273 0.314788
4 0.955078 0.379209 0.027344 0.322108
4 0.507812 0.377745 0.023438 0.313324
4 0.291504 0.377745 0.024414 0.316252
4 0.077637 0.371889 0.022461 0.307467
4 0.032715 0.367496 0.022461 0.325037
1 0.134277 0.494876 0.028320 0.073206
1 0.180176 0.493411 0.077148 0.073206
1 0.233887 0.494143 0.026367 0.071742
1 0.350098 0.492679 0.028320 0.077599
1 0.400879 0.492679 0.069336 0.068814
1 0.452148 0.494876 0.029297 0.064422
1 0.572754 0.492679 0.028320 0.071742
1 0.622070 0.496340 0.056641 0.073206
1 0.671387 0.494876 0.028320 0.061493
