0 0.350098 0.337209 0.084961 0.172093
0 0.430664 0.337209 0.076172 0.172093
0 0.507324 0.340310 0.075195 0.165891
0 0.580566 0.338760 0.069336 0.153488
0 0.669922 0.341085 0.109375 0.148837
0 0.350586 0.498450 0.083984 0.156589
0 0.431152 0.500775 0.077148 0.151938
0 0.507324 0.496124 0.075195 0.142636
0 0.580078 0.492248 0.070312 0.150388
0 0.668945 0.485271 0.107422 0.136434
0 0.774902 0.472093 0.036133 0.097674
0 0.766113 0.310853 0.016602 0.088372
0 0.814453 0.315504 0.017578 0.091473
0 0.861328 0.311628 0.017578 0.089922
0 0.907715 0.314729 0.016602 0.083721
0 0.948730 0.317054 0.016602 0.094574
0 0.991211 0.312403 0.017578 0.085271
0 0.834961 0.466667 0.019531 0.083721
0 0.881348 0.463566 0.018555 0.083721
0 0.924805 0.465116 0.019531 0.083721
0 0.967285 0.456589 0.018555 0.069767
0 0.072266 0.227132 0.082031 0.224806
0 0.163574 0.258140 0.051758 0.178295
0 0.225098 0.280620 0.038086 0.139535
0 0.079590 0.579845 0.077148 0.210853
0 0.172852 0.541860 0.054688 0.168992
0 0.230957 0.514729 0.040039 0.139535
