0 0.102083 0.158333 0.202083 0.314583
0 0.303125 0.178125 0.212500 0.304167
0 0.495312 0.195833 0.192708 0.283333
0 0.673438 0.208854 0.188542 0.265625
0 0.850000 0.218750 0.200000 0.277083
0 0.101042 0.463542 0.200000 0.302083
0 0.308333 0.460417 0.222917 0.300000
0 0.502083 0.469271 0.197917 0.278125
0 0.683333 0.471875 0.195833 0.270833
0 0.857292 0.480729 0.197917 0.265625
0 0.101042 0.764062 0.200000 0.317708
0 0.311979 0.747917 0.228125 0.293750
0 0.514062 0.741146 0.201042 0.278125
0 0.690625 0.744271 0.193750 0.273958
0 0.867708 0.730208 0.195833 0.237500
