0 0.071289 0.385630 0.107422 0.425220
0 0.198730 0.387830 0.145508 0.432551
0 0.346680 0.391496 0.150391 0.428152
0 0.496094 0.389296 0.148438 0.423754
0 0.645508 0.387830 0.150391 0.426686
0 0.795898 0.393695 0.150391 0.438416
0 0.931152 0.395894 0.120117 0.434018
0 0.069824 0.675220 0.104492 0.151026
0 0.196289 0.681085 0.148438 0.139296
0 0.346680 0.681818 0.152344 0.140762
0 0.497559 0.676686 0.149414 0.151026
0 0.646484 0.675953 0.148438 0.149560
0 0.796387 0.675953 0.151367 0.149560
0 0.934082 0.674487 0.124023 0.146628
