0 0.120605 0.048316 0.127930 0.093704
0 0.254395 0.049780 0.127930 0.096633
0 0.123047 0.232796 0.130859 0.266471
0 0.251953 0.236457 0.126953 0.262079
0 0.120605 0.456808 0.125977 0.175695
0 0.255371 0.457540 0.133789 0.177160
0 0.441406 0.045388 0.126953 0.087848
0 0.570801 0.048316 0.129883 0.093704
0 0.438965 0.229136 0.131836 0.276720
0 0.569824 0.234993 0.129883 0.265007
0 0.437988 0.454612 0.139648 0.177160
0 0.570312 0.457540 0.125000 0.171303
0 0.758301 0.048316 0.127930 0.093704
0 0.886719 0.049048 0.126953 0.095168
0 0.756348 0.232064 0.125977 0.270864
0 0.885742 0.234993 0.132812 0.265007
0 0.756836 0.454612 0.130859 0.177160
0 0.886230 0.460469 0.129883 0.180088
