0 0.323242 0.103953 0.128906 0.105417
0 0.450195 0.105417 0.128906 0.108346
0 0.323730 0.025622 0.127930 0.048316
0 0.449219 0.027086 0.126953 0.051245
0 0.575684 0.028551 0.125977 0.054173
0 0.579102 0.113470 0.128906 0.112738
0 0.683105 0.117862 0.079102 0.103953
0 0.677734 0.035139 0.074219 0.067350
0 0.319824 0.216691 0.133789 0.120059
0 0.453613 0.216691 0.133789 0.120059
0 0.583496 0.223280 0.127930 0.109810
0 0.690918 0.229136 0.086914 0.121523
0 0.314941 0.338946 0.139648 0.124451
0 0.454102 0.338214 0.138672 0.122987
0 0.588867 0.342606 0.130859 0.114202
0 0.695801 0.346266 0.092773 0.127379
0 0.312012 0.463397 0.145508 0.133236
0 0.455078 0.464129 0.140625 0.134700
0 0.592285 0.467057 0.137695 0.131772
0 0.705566 0.470717 0.100586 0.127379
0 0.307617 0.597365 0.150391 0.143485
0 0.456055 0.595168 0.146484 0.139092
0 0.596680 0.601025 0.134766 0.136164
0 0.708984 0.603221 0.099609 0.137628
0 0.304199 0.738653 0.155273 0.147877
0 0.456543 0.737189 0.149414 0.144949
0 0.602051 0.737921 0.145508 0.143485
0 0.719727 0.743777 0.107422 0.149341
0 0.299805 0.889458 0.156250 0.159590
0 0.456055 0.887262 0.156250 0.155198
0 0.607422 0.887262 0.146484 0.155198
0 0.732910 0.888726 0.108398 0.158126
