0 0.033203 0.387262 0.064453 0.390922
0 0.138672 0.385066 0.154297 0.386530
0 0.292969 0.384334 0.154297 0.387994
0 0.441895 0.382870 0.143555 0.385066
0 0.587402 0.384334 0.147461 0.382138
0 0.737305 0.383602 0.152344 0.380673
0 0.874023 0.385066 0.121094 0.377745
0 0.031738 0.645681 0.061523 0.128843
0 0.139160 0.645681 0.151367 0.125915
0 0.291016 0.644949 0.152344 0.127379
0 0.441406 0.644217 0.142578 0.122987
0 0.587891 0.640556 0.150391 0.130307
0 0.738281 0.642020 0.150391 0.133236
0 0.874512 0.646413 0.122070 0.124451
