0 0.043945 0.808370 0.044922 0.230543
0 0.090820 0.809104 0.048828 0.240822
0 0.126465 0.808370 0.022461 0.242291
0 0.182129 0.785609 0.041992 0.276065
0 0.223145 0.784875 0.040039 0.277533
0 0.266113 0.785609 0.047852 0.287812
0 0.182617 0.526432 0.042969 0.118943
0 0.225586 0.498532 0.044922 0.160059
0 0.271484 0.473568 0.048828 0.198238
0 0.391602 0.732746 0.083984 0.187959
0 0.479004 0.724670 0.094727 0.207048
0 0.574707 0.715125 0.094727 0.217327
0 0.386230 0.883260 0.086914 0.101322
0 0.481445 0.880323 0.093750 0.116006
0 0.577637 0.884728 0.100586 0.127753
0 0.695312 0.771659 0.087891 0.330396
0 0.770996 0.779001 0.067383 0.315712
0 0.836914 0.780470 0.066406 0.303965
0 0.907227 0.792217 0.044922 0.280470
0 0.770020 0.513216 0.063477 0.130690
0 0.836914 0.483113 0.062500 0.208517
