0 0.233000 0.466511 0.064000 0.147975
0 0.296000 0.453271 0.058000 0.152648
0 0.360500 0.433022 0.065000 0.143302
0 0.428500 0.424455 0.063000 0.163551
0 0.167500 0.519470 0.063000 0.082555
0 0.233000 0.503115 0.064000 0.090343
0 0.295500 0.478972 0.063000 0.088785
0 0.361000 0.465732 0.064000 0.099688
0 0.408000 0.458723 0.036000 0.079439
0 0.452000 0.466511 0.052000 0.098131
0 0.623500 0.560748 0.083000 0.196262
0 0.760500 0.520249 0.181000 0.239875
0 0.393000 0.705607 0.094000 0.096573
0 0.269000 0.887072 0.098000 0.151090
0 0.569000 0.861371 0.114000 0.124611
4 0.608000 0.515576 0.024000 0.414330
4 0.668500 0.584112 0.013000 0.274143
4 0.832500 0.544393 0.011000 0.303738
4 0.865500 0.440810 0.027000 0.495327
4 0.862000 0.841121 0.012000 0.180685
4 0.431500 0.878505 0.023000 0.174455
4 0.605500 0.860592 0.015000 0.160436
4 0.433500 0.672897 0.019000 0.161994
4 0.243000 0.705607 0.020000 0.143302
4 0.247500 0.886293 0.027000 0.146417
1 0.961000 0.835670 0.044000 0.132399
