4 0.200684 0.250366 0.094727 0.497804
4 0.386719 0.245242 0.080078 0.487555
4 0.571777 0.245974 0.090820 0.489019
1 0.127930 0.297950 0.066406 0.382138
0 0.650391 0.061493 0.089844 0.120059
0 0.729492 0.062225 0.072266 0.121523
0 0.819824 0.060029 0.108398 0.117130
0 0.650391 0.175695 0.087891 0.111274
0 0.729980 0.176428 0.077148 0.106881
0 0.822754 0.177892 0.108398 0.112738
0 0.650879 0.284041 0.086914 0.099561
0 0.731445 0.282577 0.074219 0.108346
0 0.821777 0.283309 0.112305 0.115666
0 0.652344 0.353587 0.082031 0.045388
0 0.730469 0.353587 0.072266 0.051245
0 0.820801 0.359444 0.106445 0.045388
0 0.861816 0.437775 0.038086 0.096633
1 0.775879 0.445095 0.047852 0.081991
1 0.654785 0.443631 0.036133 0.087848
0 0.693848 0.449488 0.036133 0.084919
0 0.736816 0.448023 0.030273 0.079063
