1 0.409668 0.471408 0.041992 0.112903
1 0.926758 0.465543 0.107422 0.109971
0 0.432129 0.328446 0.100586 0.161290
0 0.483398 0.467009 0.103516 0.109971
0 0.585449 0.463343 0.104492 0.105572
0 0.686523 0.467009 0.099609 0.109971
0 0.798828 0.469941 0.123047 0.112903
0 0.535156 0.327713 0.103516 0.168622
0 0.637695 0.327713 0.101562 0.168622
0 0.738770 0.327713 0.100586 0.168622
0 0.838867 0.326979 0.099609 0.167155
0 0.937988 0.309384 0.098633 0.134897
0 0.409180 0.175220 0.097656 0.115836
0 0.408691 0.065249 0.096680 0.104106
0 0.509277 0.064516 0.104492 0.102639
0 0.510742 0.177419 0.101562 0.120235
0 0.611328 0.177419 0.101562 0.117302
0 0.612305 0.057185 0.101562 0.111437
0 0.713379 0.059384 0.104492 0.107038
0 0.712891 0.175220 0.099609 0.118768
0 0.812500 0.062317 0.095703 0.098240
0 0.812012 0.176686 0.100586 0.118768
0 0.912598 0.173754 0.100586 0.112903
0 0.980469 0.175220 0.039062 0.118768
0 0.911133 0.058651 0.099609 0.114370
0 0.980469 0.060850 0.039062 0.118768
0 0.322266 0.442815 0.039062 0.181818
0 0.282715 0.434018 0.038086 0.161290
0 0.285156 0.219941 0.037109 0.149560
0 0.325195 0.203812 0.039062 0.146628
