0 0.123535 0.112170 0.245117 0.153959
0 0.124023 0.257331 0.246094 0.153959
0 0.124512 0.401760 0.239258 0.149560
0 0.126465 0.548387 0.241211 0.149560
0 0.124512 0.692082 0.241211 0.152493
0 0.127930 0.840909 0.246094 0.151026
0 0.122070 0.958211 0.242188 0.083578
0 0.623047 0.065249 0.298828 0.127566
0 0.885742 0.063783 0.228516 0.124633
0 0.623535 0.209677 0.299805 0.170088
0 0.886230 0.208211 0.227539 0.173021
0 0.625488 0.374633 0.301758 0.168622
0 0.886719 0.373167 0.226562 0.168622
0 0.624512 0.539589 0.299805 0.167155
0 0.887695 0.540323 0.224609 0.174487
0 0.625000 0.711144 0.296875 0.175953
0 0.889160 0.708944 0.221680 0.174487
0 0.625000 0.876100 0.298828 0.168622
0 0.889648 0.878299 0.220703 0.167155
