0 0.107422 0.085938 0.210938 0.169922
0 0.318848 0.085449 0.219727 0.168945
0 0.535645 0.084473 0.219727 0.166992
0 0.751953 0.084473 0.214844 0.166992
0 0.929688 0.087402 0.140625 0.172852
0 0.104980 0.278809 0.208008 0.211914
0 0.320801 0.275879 0.215820 0.211914
0 0.535156 0.275879 0.212891 0.211914
0 0.750488 0.278809 0.217773 0.217773
0 0.929688 0.280762 0.140625 0.213867
0 0.105957 0.457031 0.209961 0.144531
0 0.319824 0.457031 0.217773 0.148438
0 0.538086 0.455566 0.218750 0.151367
0 0.752930 0.457520 0.222656 0.151367
0 0.928711 0.457520 0.142578 0.141602
0 0.104980 0.643555 0.208008 0.214844
0 0.320801 0.643066 0.219727 0.219727
0 0.535156 0.640625 0.218750 0.214844
0 0.754883 0.639160 0.214844 0.219727
0 0.929688 0.643066 0.140625 0.211914
0 0.106934 0.854004 0.211914 0.209961
0 0.319824 0.858887 0.221680 0.211914
0 0.539062 0.857910 0.216797 0.213867
0 0.754883 0.856934 0.220703 0.215820
0 0.931152 0.857910 0.137695 0.213867
