0 0.781944 0.540682 0.076852 0.199475
0 0.969444 0.495407 0.061111 0.439633
0 0.922222 0.500000 0.042593 0.341207
0 0.857870 0.513123 0.037963 0.199475
0 0.010185 0.512467 0.018519 0.069554
0 0.024074 0.398950 0.040741 0.094488
0 0.051389 0.522966 0.050926 0.098425
0 0.097685 0.521654 0.041667 0.090551
0 0.152778 0.520997 0.062963 0.073491
0 0.205556 0.414042 0.025926 0.082677
0 0.239815 0.419291 0.040741 0.080052
0 0.274537 0.425197 0.025000 0.070866
0 0.293981 0.428478 0.017593 0.061680
0 0.326852 0.437664 0.046296 0.061680
0 0.281944 0.540682 0.049074 0.118110
0 0.343056 0.537402 0.019444 0.108924
0 0.376389 0.522310 0.037963 0.062992
0 0.417130 0.524278 0.036111 0.056430
0 0.454167 0.521654 0.030556 0.051181
0 0.646296 0.534121 0.022222 0.070866
0 0.704167 0.539370 0.043519 0.078740
