0 0.075195 0.098921 0.148438 0.194245
0 0.269043 0.094424 0.227539 0.185252
0 0.547852 0.098022 0.320312 0.192446
0 0.847168 0.098921 0.252930 0.194245
0 0.071289 0.403777 0.140625 0.221223
0 0.268555 0.401978 0.222656 0.206835
0 0.550293 0.400180 0.315430 0.214029
0 0.844727 0.404676 0.253906 0.223022
2 0.642090 0.110612 0.069336 0.149281
0 0.070312 0.707734 0.138672 0.235612
0 0.262695 0.705935 0.226562 0.228417
0 0.552246 0.706835 0.327148 0.241007
0 0.848145 0.705036 0.241211 0.205036
0 0.070801 0.937950 0.139648 0.124101
0 0.270508 0.939748 0.238281 0.120504
0 0.555664 0.936151 0.322266 0.127698
0 0.847656 0.934353 0.244141 0.131295
