0 0.154392 0.229739 0.123295 0.157858
0 0.274414 0.225511 0.111293 0.160677
0 0.385161 0.227625 0.110202 0.156448
0 0.498909 0.228330 0.117294 0.157858
0 0.610475 0.226920 0.105837 0.160677
0 0.721495 0.226216 0.116203 0.159267
0 0.833606 0.227625 0.108020 0.156448
0 0.155210 0.374912 0.115112 0.140944
0 0.269504 0.372445 0.113475 0.145877
0 0.384343 0.375264 0.116203 0.151515
0 0.498363 0.379140 0.111839 0.143763
0 0.609929 0.379845 0.111293 0.145173
0 0.722040 0.379845 0.112930 0.145173
0 0.833606 0.378436 0.110202 0.142354
0 0.155210 0.520085 0.115112 0.140944
0 0.269504 0.519380 0.111293 0.142354
0 0.383797 0.520085 0.117294 0.143763
0 0.495908 0.520789 0.106929 0.142354
0 0.607474 0.520085 0.114021 0.140944
0 0.721222 0.521494 0.111293 0.138125
0 0.829787 0.523961 0.105837 0.143058
0 0.156301 0.710359 0.112930 0.245243
0 0.269504 0.712474 0.113475 0.241015
0 0.383252 0.713178 0.114021 0.245243
0 0.497272 0.715645 0.114021 0.240310
0 0.609929 0.717054 0.111293 0.243129
0 0.720131 0.717759 0.109111 0.241720
0 0.827605 0.717054 0.105837 0.240310
0 0.957447 0.682523 0.085106 0.162791
