0 0.198242 0.295749 0.093750 0.229205
0 0.286133 0.301294 0.082031 0.218115
0 0.429688 0.235675 0.029297 0.097967
0 0.626465 0.325323 0.083008 0.210721
0 0.710449 0.322551 0.084961 0.216266
0 0.698730 0.368762 0.299805 0.134935
0 0.070312 0.339187 0.113281 0.127542
0 0.179199 0.338262 0.104492 0.129390
0 0.279785 0.340111 0.096680 0.133087
0 0.386230 0.342884 0.116211 0.127542
0 0.498047 0.348429 0.107422 0.138632
0 0.241211 0.715342 0.150391 0.262477
0 0.392578 0.720887 0.152344 0.251386
0 0.023438 0.714418 0.044922 0.260628
2 0.645508 0.775416 0.050781 0.312384
2 0.696777 0.782810 0.041992 0.297597
2 0.750488 0.786506 0.061523 0.330869
