0 0.146413 0.052246 0.149341 0.102539
0 0.292094 0.050781 0.130307 0.099609
0 0.451684 0.049805 0.124451 0.097656
0 0.587848 0.052246 0.130307 0.102539
0 0.753294 0.049805 0.130307 0.097656
0 0.898975 0.049805 0.125915 0.097656
0 0.140556 0.154297 0.146413 0.095703
0 0.292826 0.159668 0.125915 0.104492
0 0.449488 0.159180 0.128843 0.095703
0 0.589312 0.156738 0.127379 0.100586
0 0.755490 0.162109 0.134700 0.095703
0 0.898243 0.159668 0.127379 0.110352
0 0.154466 0.279297 0.127379 0.082031
0 0.293558 0.274902 0.133236 0.094727
0 0.450220 0.272949 0.130307 0.090820
0 0.593704 0.272949 0.133236 0.094727
0 0.756955 0.269043 0.134700 0.086914
0 0.898975 0.269043 0.134700 0.092773
0 0.152269 0.374512 0.137628 0.104492
0 0.293558 0.378418 0.133236 0.104492
0 0.455344 0.375000 0.125915 0.097656
0 0.595168 0.371582 0.130307 0.096680
0 0.755490 0.369141 0.134700 0.097656
0 0.899707 0.369141 0.130307 0.093750
0 0.155198 0.475098 0.134700 0.096680
0 0.296486 0.476074 0.127379 0.090820
0 0.451684 0.474121 0.124451 0.094727
0 0.592972 0.470703 0.122987 0.101562
0 0.756223 0.471680 0.124451 0.103516
0 0.899707 0.476074 0.130307 0.104492
0 0.146413 0.589844 0.143485 0.083984
0 0.297950 0.590820 0.142020 0.091797
0 0.144949 0.681641 0.146413 0.099609
0 0.301611 0.688965 0.143485 0.102539
0 0.456808 0.592285 0.122987 0.090820
0 0.593704 0.593750 0.136164 0.093750
0 0.454612 0.689453 0.118594 0.105469
0 0.593704 0.692383 0.133236 0.099609
0 0.759151 0.589355 0.130307 0.088867
0 0.892387 0.593750 0.121523 0.091797
0 0.758419 0.690430 0.140556 0.099609
0 0.903367 0.690430 0.134700 0.089844
0 0.147145 0.797363 0.156662 0.108398
0 0.300878 0.796875 0.136164 0.109375
0 0.455344 0.796387 0.140556 0.118164
0 0.599561 0.803711 0.147877 0.111328
0 0.755490 0.803223 0.146413 0.116211
0 0.901171 0.804688 0.144949 0.109375
0 0.139092 0.903320 0.152269 0.111328
0 0.298682 0.907715 0.137628 0.112305
0 0.454612 0.903809 0.142020 0.106445
0 0.608346 0.909180 0.153734 0.099609
0 0.766471 0.909668 0.139092 0.094727
0 0.906296 0.914062 0.143485 0.083984
0 0.142753 0.981934 0.159590 0.036133
0 0.297218 0.977051 0.143485 0.045898
0 0.452416 0.977051 0.146413 0.045898
0 0.609078 0.978516 0.158126 0.042969
0 0.762811 0.979492 0.131772 0.041016
0 0.907028 0.979980 0.133236 0.040039
