0 0.327148 0.251098 0.107422 0.139092
0 0.432617 0.244510 0.101562 0.140556
0 0.536621 0.245242 0.106445 0.142020
0 0.628418 0.246706 0.084961 0.144949
0 0.326172 0.384334 0.109375 0.139092
0 0.430176 0.382870 0.104492 0.144949
0 0.536621 0.387994 0.108398 0.146413
0 0.628906 0.387262 0.085938 0.136164
0 0.325684 0.532211 0.108398 0.144949
0 0.486328 0.536603 0.101562 0.153734
0 0.603027 0.532943 0.133789 0.146413
1 0.405273 0.534407 0.050781 0.152269
0 0.726562 0.420205 0.033203 0.764275
0 0.764648 0.486091 0.058594 0.969253
0 0.863770 0.500000 0.143555 0.997072
0 0.969727 0.500732 0.060547 0.998536
