2 0.539551 0.529830 0.071289 0.292614
0 0.124023 0.057528 0.246094 0.112216
0 0.372070 0.058239 0.255859 0.113636
0 0.626953 0.055398 0.255859 0.107955
0 0.877930 0.056818 0.244141 0.110795
0 0.124023 0.203125 0.246094 0.184659
0 0.375000 0.198153 0.257812 0.180398
0 0.626953 0.196023 0.251953 0.176136
0 0.876465 0.200284 0.247070 0.184659
0 0.124512 0.382102 0.243164 0.173295
0 0.372559 0.383523 0.252930 0.176136
0 0.625488 0.381392 0.252930 0.180398
0 0.875977 0.384233 0.248047 0.186080
0 0.875000 0.563920 0.250000 0.184659
0 0.627441 0.559659 0.254883 0.184659
0 0.372070 0.563920 0.257812 0.176136
0 0.126465 0.556108 0.247070 0.171875
