0 0.085938 0.099707 0.128906 0.158358
0 0.216797 0.099707 0.134766 0.149560
0 0.349121 0.102639 0.127930 0.146628
0 0.477051 0.104839 0.127930 0.151026
0 0.606934 0.107038 0.131836 0.146628
0 0.735840 0.109238 0.125977 0.151026
0 0.863770 0.110704 0.129883 0.148094
0 0.957031 0.114370 0.056641 0.155425
0 0.084473 0.259531 0.129883 0.155425
0 0.214844 0.258798 0.130859 0.156891
0 0.346680 0.260264 0.130859 0.153959
0 0.476562 0.260264 0.128906 0.153959
0 0.605957 0.258798 0.129883 0.151026
0 0.734375 0.258798 0.126953 0.151026
0 0.860352 0.260997 0.125000 0.155425
0 0.953125 0.266862 0.060547 0.143695
0 0.084961 0.413490 0.128906 0.149560
0 0.215820 0.414956 0.132812 0.146628
0 0.346680 0.416422 0.128906 0.149560
0 0.475098 0.414956 0.127930 0.152493
0 0.605957 0.412757 0.133789 0.148094
0 0.736328 0.413490 0.126953 0.146628
0 0.863281 0.417155 0.126953 0.153959
0 0.955566 0.416422 0.057617 0.155425
0 0.084961 0.567449 0.132812 0.149560
0 0.215332 0.565982 0.127930 0.152493
0 0.345703 0.565249 0.132812 0.151026
0 0.477051 0.565982 0.129883 0.149560
0 0.609375 0.565982 0.134766 0.149560
0 0.738281 0.563783 0.123047 0.153959
0 0.863281 0.566716 0.128906 0.159824
0 0.958008 0.570381 0.060547 0.152493
0 0.085938 0.722141 0.132812 0.159824
0 0.216797 0.722874 0.128906 0.158358
0 0.346191 0.721408 0.129883 0.155425
0 0.475586 0.721408 0.128906 0.155425
0 0.606445 0.720674 0.132812 0.153959
0 0.736328 0.719941 0.126953 0.155425
0 0.862793 0.719208 0.125977 0.153959
0 0.955566 0.719208 0.059570 0.153959
0 0.084473 0.876100 0.129883 0.148094
0 0.215820 0.876100 0.132812 0.148094
0 0.347656 0.875367 0.130859 0.146628
0 0.477051 0.874633 0.127930 0.151026
0 0.606934 0.873900 0.131836 0.149560
0 0.738281 0.872434 0.130859 0.152493
0 0.863281 0.868768 0.119141 0.145161
0 0.953125 0.867302 0.060547 0.148094
