0 0.668919 0.090264 0.040541 0.115619
0 0.712162 0.092292 0.045946 0.119675
0 0.673649 0.200811 0.050000 0.113590
0 0.718919 0.205882 0.048649 0.115619
0 0.680405 0.306288 0.052703 0.117647
0 0.725676 0.313387 0.048649 0.111562
0 0.687162 0.415822 0.052703 0.113590
0 0.734459 0.419878 0.044595 0.113590
0 0.083108 0.141988 0.085135 0.182556
0 0.156081 0.155172 0.079730 0.172414
0 0.231757 0.162272 0.077027 0.170385
0 0.302703 0.176471 0.072973 0.170385
0 0.372297 0.183570 0.077027 0.172414
0 0.435135 0.195740 0.075676 0.164300
0 0.086486 0.312373 0.081081 0.178499
0 0.163514 0.323529 0.081081 0.172414
0 0.238514 0.323529 0.079730 0.176471
0 0.307432 0.336714 0.074324 0.170385
0 0.377703 0.342799 0.079730 0.174442
0 0.445270 0.348884 0.071622 0.166329
0 0.091216 0.483773 0.087838 0.176471
0 0.167568 0.483773 0.083784 0.168357
0 0.242568 0.493915 0.079730 0.172414
0 0.316216 0.497972 0.075676 0.172414
0 0.385135 0.502028 0.078378 0.172414
0 0.452027 0.508114 0.071622 0.164300
0 0.092568 0.653144 0.090541 0.170385
0 0.172297 0.653144 0.082432 0.186613
0 0.247973 0.665314 0.082432 0.174442
0 0.318919 0.664300 0.081081 0.168357
0 0.391892 0.662272 0.078378 0.172414
0 0.460135 0.672414 0.071622 0.160243
0 0.100676 0.835700 0.087838 0.178499
0 0.179054 0.828600 0.079730 0.168357
0 0.255405 0.831643 0.078378 0.166329
0 0.328378 0.832657 0.081081 0.172414
0 0.397973 0.826572 0.071622 0.160243
0 0.465541 0.838742 0.071622 0.148073
