0 0.184570 0.561511 0.041016 0.188049
0 0.227051 0.561511 0.045898 0.191564
0 0.283691 0.565026 0.065430 0.181019
0 0.349121 0.564148 0.065430 0.179262
0 0.413574 0.564148 0.063477 0.179262
0 0.477051 0.564148 0.063477 0.179262
0 0.538086 0.564148 0.058594 0.179262
0 0.598633 0.561511 0.062500 0.173989
0 0.660156 0.562390 0.060547 0.172232
0 0.723633 0.565026 0.066406 0.177504
0 0.790527 0.561511 0.067383 0.184534
0 0.861328 0.561511 0.074219 0.184534
0 0.936523 0.558875 0.076172 0.189807
0 0.987305 0.560633 0.025391 0.196837
