2 0.935547 0.926082 0.078906 0.147837
0 0.087109 0.078125 0.172656 0.153846
0 0.256250 0.079928 0.159375 0.157452
0 0.412109 0.087740 0.150781 0.173077
0 0.558594 0.115385 0.145313 0.151442
0 0.702344 0.131611 0.139063 0.150240
0 0.810937 0.146034 0.071875 0.138221
0 0.087891 0.221154 0.169531 0.182692
0 0.254688 0.235577 0.167187 0.173077
0 0.410547 0.248798 0.153906 0.161058
0 0.559766 0.260817 0.147656 0.158654
0 0.702734 0.273438 0.139844 0.150240
0 0.812500 0.282452 0.075000 0.149038
0 0.086719 0.378606 0.168750 0.168269
0 0.251953 0.390024 0.161719 0.159856
0 0.410938 0.397837 0.157812 0.158654
0 0.559766 0.408654 0.147656 0.151442
0 0.703906 0.414062 0.145313 0.143029
0 0.814453 0.418269 0.074219 0.134615
0 0.087109 0.541466 0.167969 0.164663
0 0.252734 0.545072 0.160156 0.157452
0 0.410547 0.540865 0.155469 0.149038
0 0.562109 0.545072 0.146094 0.131010
0 0.087109 0.695913 0.163281 0.158654
0 0.253125 0.693510 0.164062 0.139423
