0 0.095703 0.128843 0.189453 0.254758
0 0.306152 0.129575 0.227539 0.256223
0 0.534180 0.128843 0.230469 0.254758
0 0.763672 0.128111 0.228516 0.253294
0 0.939453 0.127379 0.121094 0.251830
0 0.095215 0.376281 0.188477 0.237189
0 0.307129 0.376281 0.227539 0.237189
0 0.535645 0.376281 0.229492 0.237189
0 0.761719 0.377013 0.222656 0.238653
0 0.936523 0.374817 0.126953 0.243045
0 0.094727 0.663250 0.187500 0.336750
0 0.307617 0.662518 0.228516 0.329429
0 0.536133 0.661786 0.228516 0.330893
0 0.763672 0.659590 0.226562 0.326501
0 0.938477 0.658858 0.123047 0.330893
0 0.938965 0.912884 0.122070 0.174231
0 0.764160 0.915813 0.229492 0.168375
0 0.535645 0.916545 0.227539 0.166911
0 0.308594 0.915813 0.228516 0.168375
0 0.097656 0.919473 0.193359 0.161054
