0 0.039062 0.522847 0.048828 0.226714
0 0.090332 0.522847 0.055664 0.223199
0 0.155762 0.528998 0.075195 0.214411
0 0.228516 0.534271 0.070312 0.203866
0 0.295410 0.539543 0.063477 0.189807
0 0.354004 0.536907 0.057617 0.177504
0 0.406738 0.542179 0.051758 0.166960
0 0.459473 0.545694 0.049805 0.166960
0 0.506836 0.546573 0.048828 0.158172
0 0.558105 0.548330 0.053711 0.158172
0 0.606934 0.552724 0.049805 0.156415
0 0.654785 0.557996 0.051758 0.152900
0 0.705078 0.552724 0.052734 0.149385
0 0.752930 0.555360 0.050781 0.144112
0 0.794922 0.555360 0.033203 0.137083
0 0.822266 0.555360 0.025391 0.144112
