0 0.179730 0.376577 0.078378 0.223423
0 0.253378 0.378378 0.068919 0.219820
0 0.320946 0.377477 0.066216 0.218018
0 0.381081 0.376577 0.054054 0.219820
0 0.461486 0.376577 0.106757 0.219820
0 0.538514 0.374775 0.047297 0.223423
0 0.589865 0.373874 0.055405 0.221622
0 0.652027 0.372973 0.068919 0.223423
0 0.719595 0.372072 0.066216 0.221622
0 0.795946 0.374775 0.086486 0.216216
0 0.179730 0.622523 0.083784 0.232432
0 0.256081 0.622523 0.066216 0.221622
0 0.322297 0.621622 0.060811 0.223423
0 0.379054 0.619820 0.050000 0.227027
0 0.435135 0.619820 0.062162 0.227027
0 0.488514 0.622523 0.044595 0.221622
0 0.535811 0.621622 0.050000 0.219820
0 0.589189 0.620721 0.056757 0.221622
0 0.652027 0.620721 0.068919 0.221622
0 0.718243 0.618018 0.063514 0.227027
0 0.777027 0.618018 0.054054 0.227027
0 0.825676 0.618919 0.043243 0.225225
