0 0.063204 0.422833 0.123905 0.465116
0 0.197747 0.439746 0.147685 0.477801
0 0.319775 0.110994 0.081352 0.103594
0 0.317897 0.216702 0.080100 0.112051
0 0.315394 0.332981 0.082603 0.128964
0 0.311014 0.455603 0.081352 0.116279
0 0.312265 0.575053 0.081352 0.122622
0 0.402378 0.091966 0.086358 0.128964
0 0.400501 0.206131 0.080100 0.103594
0 0.394869 0.330867 0.081352 0.124736
0 0.393617 0.457717 0.086358 0.133192
0 0.391114 0.573996 0.086358 0.124736
0 0.484981 0.086681 0.086358 0.118393
0 0.483730 0.202960 0.083855 0.122622
0 0.477472 0.331924 0.088861 0.135307
0 0.480601 0.460888 0.087610 0.126850
0 0.478723 0.579281 0.088861 0.118393
0 0.563830 0.578224 0.083855 0.120507
0 0.647059 0.581395 0.090113 0.131078
0 0.732791 0.588795 0.083855 0.124736
0 0.811014 0.601480 0.080100 0.128964
0 0.885482 0.607822 0.073842 0.124736
0 0.961202 0.613108 0.077597 0.118393
0 0.566959 0.463002 0.085106 0.131078
0 0.650814 0.463002 0.082603 0.131078
0 0.732165 0.470402 0.077597 0.116279
0 0.813517 0.487315 0.080100 0.137421
0 0.887359 0.497886 0.067584 0.116279
0 0.960576 0.502114 0.078849 0.124736
0 0.565081 0.328753 0.088861 0.141649
0 0.649562 0.336152 0.085106 0.139535
0 0.732165 0.347780 0.077597 0.133192
0 0.809762 0.361522 0.077597 0.135307
0 0.885482 0.374207 0.073842 0.160677
0 0.954318 0.393235 0.063830 0.122622
0 0.993742 0.298097 0.012516 0.093023
0 0.993742 0.395349 0.012516 0.122622
0 0.566959 0.200846 0.085106 0.126850
0 0.651439 0.208245 0.083855 0.116279
0 0.732165 0.217759 0.077597 0.135307
0 0.811014 0.234672 0.080100 0.114165
0 0.885482 0.260042 0.073842 0.135307
0 0.949937 0.282241 0.057572 0.120507
0 0.565707 0.086681 0.087610 0.118393
0 0.652065 0.093023 0.085106 0.131078
0 0.733417 0.105708 0.077597 0.105708
0 0.810388 0.124736 0.076345 0.143763
0 0.885482 0.151163 0.073842 0.154334
0 0.953692 0.181818 0.070088 0.139535
0 0.993116 0.198732 0.013767 0.097252
5 0.155820 0.859408 0.241552 0.205074
2 0.382979 0.841438 0.035044 0.156448
2 0.433667 0.836152 0.038798 0.145877
