0 0.047852 0.455344 0.044922 0.316252
0 0.105469 0.462665 0.048828 0.289898
0 0.162598 0.460469 0.047852 0.288433
0 0.225586 0.459736 0.044922 0.292826
0 0.285645 0.458272 0.049805 0.298682
0 0.348633 0.457540 0.046875 0.300146
0 0.409668 0.457540 0.055664 0.308931
0 0.471680 0.454612 0.050781 0.332357
0 0.533691 0.454612 0.053711 0.308931
0 0.601074 0.453148 0.053711 0.311859
0 0.667969 0.450220 0.050781 0.311859
0 0.739746 0.450220 0.053711 0.317716
0 0.813965 0.448023 0.053711 0.316252
0 0.887207 0.450220 0.063477 0.332357
0 0.959473 0.436310 0.061523 0.333821
