0 0.283691 0.141493 0.061523 0.279514
0 0.354004 0.139757 0.053711 0.276042
0 0.422852 0.139757 0.062500 0.276042
0 0.491699 0.137153 0.053711 0.270833
0 0.555664 0.145833 0.058594 0.288194
0 0.623535 0.139757 0.055664 0.276042
0 0.698242 0.138021 0.058594 0.272569
0 0.284180 0.486111 0.048828 0.343750
0 0.355469 0.490451 0.052734 0.342014
0 0.418945 0.490451 0.054688 0.352431
0 0.490234 0.491319 0.060547 0.354167
0 0.559082 0.483507 0.061523 0.335069
0 0.625488 0.495660 0.059570 0.376736
0 0.693848 0.495660 0.051758 0.376736
