0 0.150845 0.154785 0.156047 0.295898
0 0.319896 0.156738 0.182055 0.299805
0 0.498049 0.154297 0.174252 0.304688
0 0.678804 0.152344 0.187256 0.300781
0 0.858908 0.152344 0.170351 0.302734
0 0.147594 0.541992 0.152146 0.470703
0 0.314694 0.544434 0.182055 0.465820
0 0.495449 0.544922 0.179454 0.466797
0 0.679454 0.543457 0.188557 0.469727
0 0.862159 0.544922 0.176853 0.472656
0 0.861508 0.886719 0.178153 0.210938
0 0.679454 0.888184 0.185956 0.208008
0 0.498700 0.892090 0.175553 0.215820
0 0.312744 0.891602 0.170351 0.216797
0 0.143043 0.896973 0.156047 0.206055
2 0.317295 0.612793 0.130039 0.264648
