0 0.101562 0.109238 0.201172 0.162757
0 0.300781 0.110704 0.187500 0.151026
0 0.493652 0.115103 0.198242 0.159824
0 0.690430 0.115836 0.193359 0.161290
0 0.884766 0.113636 0.195312 0.156891
0 0.103027 0.288123 0.200195 0.197947
0 0.298828 0.288856 0.191406 0.196481
0 0.496094 0.288856 0.203125 0.196481
0 0.692383 0.290323 0.189453 0.193548
0 0.886230 0.291789 0.198242 0.196481
0 0.103027 0.480938 0.192383 0.178886
0 0.298340 0.478739 0.196289 0.183284
0 0.496582 0.478006 0.198242 0.181818
0 0.692871 0.477273 0.194336 0.183284
0 0.888672 0.480205 0.197266 0.189150
