0 0.309570 0.934114 0.083984 0.125915
0 0.395020 0.937775 0.084961 0.124451
0 0.311523 0.800878 0.082031 0.149341
0 0.396484 0.803807 0.085938 0.155198
0 0.480469 0.939239 0.083984 0.118594
0 0.563477 0.940703 0.080078 0.112738
0 0.645508 0.948755 0.080078 0.102489
0 0.726562 0.950220 0.082031 0.099561
0 0.791992 0.956808 0.052734 0.086384
0 0.477051 0.811127 0.083008 0.146413
0 0.557617 0.823572 0.087891 0.150805
0 0.638672 0.830161 0.087891 0.146413
0 0.716309 0.833821 0.088867 0.144949
0 0.783691 0.840410 0.057617 0.137628
0 0.312012 0.658858 0.086914 0.137628
0 0.394531 0.667643 0.080078 0.137628
0 0.474121 0.680088 0.081055 0.133236
0 0.552734 0.684480 0.082031 0.133236
0 0.311035 0.533675 0.077148 0.130307
0 0.390625 0.538067 0.082031 0.139092
0 0.471191 0.549780 0.079102 0.139092
0 0.549316 0.554173 0.083008 0.139092
0 0.622559 0.568082 0.077148 0.137628
0 0.697266 0.559297 0.074219 0.108346
0 0.760254 0.560761 0.053711 0.093704
