0 0.067871 0.422709 0.098633 0.279070
0 0.009277 0.142955 0.016602 0.283174
0 0.011230 0.421341 0.020508 0.279070
0 0.067871 0.140903 0.104492 0.279070
0 0.169922 0.142271 0.101562 0.281806
0 0.271484 0.143639 0.099609 0.284542
0 0.370117 0.146375 0.103516 0.290014
0 0.471191 0.146375 0.104492 0.290014
0 0.566895 0.143639 0.100586 0.284542
0 0.666504 0.144323 0.096680 0.285910
0 0.166992 0.423393 0.101562 0.285910
0 0.270508 0.422025 0.099609 0.277702
0 0.369141 0.426129 0.099609 0.285910
0 0.466309 0.426129 0.098633 0.283174
0 0.569336 0.422025 0.097656 0.277702
0 0.667480 0.425445 0.098633 0.281806
