0 0.217571 0.111816 0.187500 0.221680
0 0.404481 0.114258 0.186321 0.226562
0 0.593160 0.113770 0.183962 0.225586
0 0.211675 0.382324 0.187500 0.315430
0 0.401533 0.373047 0.187500 0.300781
0 0.600825 0.379395 0.187500 0.321289
0 0.758844 0.112793 0.147406 0.223633
0 0.757665 0.377930 0.156840 0.312500
4 0.897406 0.280762 0.143868 0.559570
2 0.436910 0.263672 0.022406 0.072266
2 0.451651 0.277832 0.016509 0.045898
2 0.491156 0.292480 0.027123 0.065430
2 0.545401 0.312012 0.029481 0.073242
2 0.600825 0.345703 0.029481 0.083984
2 0.630307 0.356934 0.029481 0.059570
2 0.672759 0.367676 0.022406 0.067383
