0 0.086426 0.055965 0.084961 0.108984
0 0.202637 0.076583 0.079102 0.150221
0 0.301270 0.089838 0.071289 0.176730
0 0.384277 0.106038 0.061523 0.191458
0 0.457031 0.123711 0.052734 0.179676
0 0.524414 0.145066 0.044922 0.172312
0 0.582031 0.167158 0.025391 0.142857
0 0.031738 0.354934 0.061523 0.321060
0 0.118652 0.355670 0.110352 0.322533
0 0.218750 0.366716 0.089844 0.300442
0 0.310547 0.365243 0.093750 0.297496
0 0.391602 0.384389 0.068359 0.259205
0 0.457520 0.382180 0.063477 0.254786
0 0.516113 0.395434 0.053711 0.228277
0 0.567871 0.392489 0.049805 0.222386
