0 0.445833 0.594444 0.154630 0.058333
0 0.602778 0.592361 0.159259 0.062500
0 0.761574 0.593056 0.156481 0.072222
0 0.387500 0.709722 0.036111 0.155556
0 0.422222 0.701389 0.033333 0.161111
0 0.458333 0.698611 0.033333 0.172222
0 0.500000 0.693056 0.042593 0.180556
0 0.546296 0.702778 0.029630 0.147222
0 0.581944 0.701389 0.041667 0.163889
0 0.626389 0.692361 0.047222 0.170833
0 0.676852 0.695833 0.050000 0.180556
0 0.736574 0.702778 0.062037 0.161111
0 0.795833 0.693750 0.052778 0.162500
0 0.855093 0.695139 0.065741 0.179167
2 0.981944 0.736111 0.034259 0.083333
2 0.917593 0.746528 0.027778 0.051389
2 0.904167 0.736111 0.021296 0.063889
2 0.780556 0.736806 0.025926 0.065278
2 0.746759 0.756944 0.032407 0.066667
2 0.680556 0.741667 0.033333 0.063889
2 0.352778 0.740278 0.027778 0.069444
0 0.296759 0.704861 0.050926 0.156944
