0 0.016113 0.230600 0.030273 0.458272
0 0.068848 0.232064 0.073242 0.461201
0 0.144043 0.230600 0.073242 0.458272
0 0.220215 0.232064 0.075195 0.455344
0 0.300293 0.094436 0.077148 0.185944
0 0.376465 0.092972 0.079102 0.183016
0 0.454590 0.092972 0.077148 0.183016
0 0.533691 0.090776 0.077148 0.178624
0 0.613281 0.093704 0.076172 0.184480
0 0.694336 0.092972 0.080078 0.183016
0 0.771973 0.227672 0.077148 0.452416
0 0.852051 0.228404 0.077148 0.453880
0 0.931641 0.226940 0.078125 0.450952
0 0.984863 0.228404 0.030273 0.453880
0 0.782715 0.505857 0.055664 0.098097
0 0.852539 0.507321 0.082031 0.101025
0 0.932129 0.508053 0.077148 0.099561
0 0.985352 0.508785 0.029297 0.101025
0 0.286621 0.407028 0.045898 0.301611
0 0.337891 0.407028 0.056641 0.292826
0 0.409180 0.394583 0.058594 0.344070
0 0.464844 0.393851 0.048828 0.339678
0 0.527344 0.394583 0.046875 0.335286
0 0.585938 0.394583 0.058594 0.346999
0 0.650391 0.409956 0.048828 0.295754
0 0.707520 0.403367 0.049805 0.306003
