0 0.161621 0.339678 0.135742 0.541728
0 0.040039 0.337482 0.078125 0.546120
0 0.338379 0.149341 0.196289 0.146413
0 0.535645 0.163982 0.172852 0.143485
0 0.685059 0.353587 0.106445 0.472914
0 0.824707 0.354319 0.149414 0.456808
0 0.824707 0.058565 0.145508 0.111274
0 0.686035 0.057101 0.106445 0.111274
0 0.537598 0.051245 0.174805 0.099561
0 0.341309 0.039531 0.194336 0.076135
0 0.165039 0.032211 0.136719 0.061493
0 0.041016 0.028551 0.080078 0.054173
0 0.295410 0.428990 0.065430 0.342606
0 0.393555 0.429722 0.060547 0.338214
0 0.486328 0.429722 0.060547 0.326501
0 0.572266 0.428990 0.056641 0.319180
1 0.295898 0.426794 0.101562 0.399707
1 0.439453 0.423133 0.187500 0.392387
1 0.577148 0.426061 0.078125 0.366032
