0 0.083108 0.090264 0.163514 0.176471
0 0.249324 0.089249 0.168919 0.174442
0 0.435811 0.093306 0.198649 0.182556
0 0.617568 0.092292 0.164865 0.180527
0 0.784459 0.091278 0.166216 0.178499
0 0.933784 0.091278 0.132432 0.178499
0 0.083108 0.290061 0.163514 0.210953
0 0.250676 0.283976 0.174324 0.219067
0 0.436486 0.289047 0.197297 0.208925
0 0.616892 0.291075 0.163514 0.212982
0 0.782432 0.289047 0.167568 0.217039
0 0.931757 0.288032 0.128378 0.215010
0 0.083108 0.511156 0.163514 0.231237
0 0.249324 0.508114 0.168919 0.237323
0 0.434459 0.512170 0.201351 0.245436
0 0.617568 0.517241 0.164865 0.235294
0 0.783784 0.513185 0.167568 0.227181
0 0.932432 0.514199 0.129730 0.225152
0 0.082432 0.745436 0.162162 0.237323
0 0.247973 0.745436 0.168919 0.237323
0 0.435135 0.751521 0.205405 0.245436
0 0.620270 0.753550 0.164865 0.241379
0 0.785135 0.752535 0.164865 0.239351
0 0.933784 0.747465 0.132432 0.249493
0 0.083784 0.930020 0.164865 0.139959
0 0.247973 0.931034 0.168919 0.137931
0 0.435135 0.932049 0.205405 0.135903
0 0.620270 0.933063 0.167568 0.133874
0 0.785811 0.933063 0.163514 0.133874
0 0.933108 0.933063 0.133784 0.133874
