0 0.891113 0.051320 0.217773 0.099707
0 0.890137 0.187683 0.219727 0.164223
0 0.890137 0.349707 0.219727 0.165689
0 0.892090 0.519795 0.215820 0.168622
0 0.891113 0.687683 0.217773 0.164223
0 0.892578 0.854839 0.214844 0.170088
0 0.893555 0.969941 0.212891 0.060117
0 0.378418 0.083578 0.346680 0.164223
0 0.382812 0.239003 0.349609 0.146628
0 0.383301 0.385630 0.346680 0.149560
0 0.381348 0.532991 0.344727 0.142229
0 0.380859 0.678152 0.343750 0.139296
0 0.381836 0.818915 0.351562 0.145161
0 0.381836 0.947214 0.351562 0.105572
0 0.067383 0.046188 0.132812 0.089443
0 0.065918 0.191349 0.129883 0.203812
0 0.067871 0.397361 0.133789 0.202346
0 0.067871 0.607771 0.133789 0.215543
0 0.068848 0.810850 0.135742 0.214076
0 0.069336 0.956745 0.134766 0.086510
