0 0.379883 0.272328 0.156250 0.213763
0 0.551270 0.275256 0.188477 0.216691
0 0.379395 0.481698 0.159180 0.196193
0 0.549316 0.478038 0.178711 0.188873
0 0.792480 0.313324 0.131836 0.184480
0 0.928711 0.307467 0.142578 0.181552
0 0.791992 0.483895 0.132812 0.159590
0 0.928223 0.483895 0.143555 0.162518
0 0.683105 0.387994 0.053711 0.363104
0 0.213867 0.155198 0.041016 0.199122
0 0.249023 0.200586 0.035156 0.172767
0 0.288086 0.379941 0.031250 0.420205
0 0.148438 0.102489 0.056641 0.193265
0 0.058594 0.071010 0.115234 0.139092
0 0.268555 0.448023 0.054688 0.292826
