0 0.109000 0.076462 0.216000 0.149925
0 0.332000 0.074213 0.228000 0.145427
0 0.554000 0.072714 0.224000 0.142429
0 0.782500 0.075712 0.223000 0.148426
0 0.948000 0.075712 0.104000 0.148426
0 0.109500 0.362819 0.213000 0.422789
0 0.330000 0.359070 0.224000 0.424288
0 0.556500 0.357571 0.227000 0.424288
0 0.783000 0.357571 0.228000 0.424288
0 0.948500 0.361319 0.103000 0.422789
0 0.109500 0.685907 0.211000 0.229385
0 0.327000 0.681409 0.228000 0.235382
0 0.554500 0.687406 0.225000 0.235382
0 0.781000 0.688156 0.228000 0.233883
0 0.947500 0.685157 0.105000 0.242879
0 0.107500 0.901799 0.205000 0.196402
0 0.328000 0.898051 0.226000 0.203898
0 0.555000 0.901049 0.228000 0.197901
0 0.780500 0.902549 0.229000 0.194903
0 0.947500 0.904798 0.105000 0.190405
