0 0.718354 0.190430 0.202532 0.097656
0 0.909810 0.189941 0.180380 0.098633
0 0.720728 0.294434 0.223101 0.122070
0 0.916139 0.297363 0.167722 0.116211
0 0.722310 0.431152 0.226266 0.157227
0 0.911392 0.429688 0.177215 0.160156
0 0.720728 0.603027 0.238924 0.180664
0 0.917722 0.599609 0.164557 0.187500
0 0.730222 0.791504 0.248418 0.202148
0 0.921677 0.789062 0.156646 0.208984
0 0.282437 0.348145 0.106013 0.077148
0 0.399525 0.345215 0.137658 0.077148
0 0.537184 0.344238 0.143987 0.075195
0 0.275316 0.425293 0.101266 0.086914
0 0.397943 0.425293 0.131329 0.092773
0 0.528481 0.426270 0.136076 0.084961
0 0.275316 0.531250 0.101266 0.126953
0 0.390823 0.526367 0.136076 0.121094
0 0.528481 0.530273 0.136076 0.119141
0 0.268987 0.729492 0.107595 0.275391
0 0.385285 0.663574 0.140823 0.149414
0 0.520570 0.731934 0.136076 0.274414
1 0.382911 0.807617 0.126582 0.123047
0 0.817247 0.113281 0.365506 0.044922
