0 0.033293 0.134698 0.064165 0.153017
0 0.124697 0.134698 0.121065 0.148707
0 0.244552 0.134698 0.118644 0.148707
0 0.363196 0.133621 0.118644 0.146552
0 0.483656 0.131466 0.122276 0.150862
0 0.604722 0.125000 0.119855 0.137931
0 0.722155 0.123922 0.115012 0.140086
0 0.842010 0.125000 0.124697 0.142241
0 0.949758 0.123922 0.090799 0.144397
0 0.033293 0.433190 0.064165 0.150862
0 0.122276 0.434267 0.113801 0.148707
0 0.238499 0.429957 0.118644 0.140086
0 0.359564 0.424569 0.123487 0.150862
0 0.481235 0.419181 0.119855 0.140086
0 0.601090 0.417026 0.119855 0.144397
0 0.722760 0.417026 0.123487 0.144397
0 0.844431 0.414871 0.119855 0.148707
0 0.950363 0.413793 0.092010 0.146552
0 0.031477 0.724138 0.060533 0.146552
0 0.121065 0.723060 0.118644 0.148707
0 0.239709 0.719828 0.118644 0.142241
0 0.361380 0.718750 0.124697 0.144397
0 0.483051 0.718750 0.118644 0.144397
0 0.602300 0.716595 0.119855 0.148707
0 0.723971 0.714440 0.123487 0.144397
0 0.845642 0.711207 0.119855 0.150862
0 0.951574 0.713362 0.092010 0.155172
