0 0.134185 0.336648 0.070288 0.252841
0 0.207668 0.339489 0.073482 0.258523
0 0.287540 0.340909 0.086262 0.255682
0 0.373003 0.338068 0.084665 0.255682
0 0.456070 0.336648 0.081470 0.258523
0 0.536741 0.335227 0.079872 0.255682
0 0.618211 0.335227 0.083067 0.255682
0 0.706869 0.335227 0.094249 0.255682
0 0.789936 0.335227 0.071885 0.255682
0 0.860224 0.335227 0.068690 0.255682
0 0.131789 0.600852 0.071885 0.178977
0 0.204473 0.602273 0.073482 0.176136
0 0.289137 0.602273 0.083067 0.176136
0 0.373802 0.602273 0.086262 0.176136
0 0.457668 0.599432 0.081470 0.170455
0 0.539137 0.600852 0.081470 0.167614
0 0.622204 0.602273 0.084665 0.170455
0 0.708466 0.599432 0.087859 0.176136
0 0.789137 0.599432 0.073482 0.176136
0 0.861022 0.599432 0.070288 0.176136
0 0.863419 0.767045 0.068690 0.159091
0 0.789936 0.762784 0.068690 0.150568
0 0.707668 0.778409 0.086262 0.176136
0 0.373003 0.776989 0.084665 0.167614
0 0.287540 0.784091 0.083067 0.170455
0 0.206070 0.765625 0.076677 0.156250
0 0.131789 0.769886 0.071885 0.164773
0 0.451278 0.799716 0.023962 0.127841
0 0.544728 0.802557 0.025559 0.122159
1 0.498403 0.806818 0.067093 0.119318
