0 0.253906 0.324963 0.099609 0.106352
0 0.252441 0.437223 0.098633 0.127031
0 0.252930 0.546529 0.095703 0.094535
0 0.348633 0.320532 0.099609 0.103397
0 0.351074 0.434269 0.096680 0.118168
0 0.350098 0.543575 0.098633 0.103397
0 0.452148 0.319055 0.099609 0.103397
0 0.450684 0.432053 0.098633 0.125554
0 0.450195 0.542836 0.099609 0.104874
0 0.551758 0.319793 0.097656 0.104874
0 0.549805 0.433530 0.099609 0.125554
0 0.551270 0.545052 0.104492 0.106352
0 0.648926 0.317578 0.096680 0.106352
0 0.749023 0.319793 0.097656 0.110783
0 0.650879 0.435746 0.096680 0.127031
0 0.745117 0.439439 0.099609 0.122600
0 0.650391 0.542836 0.093750 0.101920
0 0.749023 0.548006 0.101562 0.094535
