0 0.250000 0.158442 0.141844 0.114286
0 0.392730 0.160390 0.143617 0.118182
0 0.536348 0.161039 0.143617 0.116883
0 0.680851 0.161039 0.145390 0.116883
0 0.786348 0.162338 0.069149 0.114286
0 0.249113 0.278571 0.143617 0.112987
0 0.392730 0.279221 0.143617 0.111688
0 0.535461 0.279870 0.141844 0.112987
0 0.679965 0.281818 0.147163 0.109091
0 0.788121 0.279870 0.069149 0.105195
0 0.787234 0.394156 0.070922 0.123377
0 0.751773 0.456494 0.000000 0.001299
0 0.680851 0.401948 0.141844 0.110390
0 0.535461 0.400649 0.148936 0.107792
0 0.390071 0.399351 0.141844 0.110390
0 0.248227 0.399351 0.141844 0.110390
0 0.246454 0.520779 0.141844 0.114286
0 0.390071 0.520130 0.145390 0.115584
0 0.535461 0.520779 0.145390 0.116883
0 0.680851 0.522727 0.145390 0.112987
0 0.792553 0.522727 0.078014 0.112987
0 0.243794 0.636364 0.140071 0.114286
0 0.385638 0.640260 0.143617 0.106494
0 0.533688 0.638312 0.152482 0.102597
0 0.680851 0.637662 0.141844 0.103896
0 0.790780 0.639610 0.078014 0.107792
0 0.250000 0.760390 0.138298 0.105195
0 0.390957 0.757792 0.143617 0.110390
0 0.535461 0.759091 0.145390 0.112987
0 0.678191 0.759740 0.140071 0.111688
0 0.792553 0.757792 0.088652 0.107792
2 0.076241 0.914286 0.070922 0.103896
