0 0.124324 0.083815 0.159459 0.163776
0 0.279730 0.088632 0.159459 0.173410
0 0.448649 0.080925 0.181081 0.157996
0 0.628378 0.075145 0.194595 0.146435
0 0.831081 0.065511 0.210811 0.127168
0 0.970270 0.048170 0.059459 0.092486
0 0.025676 0.093449 0.048649 0.183044
0 0.025676 0.256262 0.048649 0.157996
0 0.122973 0.255299 0.145946 0.156069
0 0.278378 0.244701 0.164865 0.177264
0 0.445946 0.232177 0.170270 0.152216
0 0.632432 0.218690 0.197297 0.183044
0 0.829730 0.208092 0.213514 0.181118
0 0.968243 0.197495 0.063514 0.202312
0 0.026351 0.421002 0.050000 0.156069
0 0.125000 0.413295 0.147297 0.171484
0 0.279730 0.408478 0.162162 0.161850
0 0.447297 0.399807 0.172973 0.179191
0 0.625000 0.397881 0.195946 0.186898
0 0.829730 0.394027 0.213514 0.194605
0 0.967568 0.394990 0.062162 0.196532
