0 0.144531 0.429619 0.041016 0.102639
0 0.093750 0.412023 0.035156 0.049853
0 0.046387 0.409824 0.036133 0.042522
0 0.005371 0.396628 0.008789 0.045455
0 0.233887 0.694282 0.032227 0.180352
0 0.286133 0.696481 0.037109 0.178886
0 0.347168 0.693548 0.034180 0.178886
0 0.403320 0.693548 0.035156 0.181818
0 0.468750 0.697947 0.037109 0.184751
0 0.522949 0.695748 0.038086 0.180352
0 0.583984 0.696481 0.041016 0.181818
0 0.637207 0.700880 0.036133 0.178886
0 0.701660 0.696481 0.038086 0.181818
0 0.753906 0.696481 0.037109 0.178886
0 0.258789 0.565249 0.105469 0.048387
0 0.374023 0.570381 0.105469 0.055718
0 0.495117 0.568915 0.105469 0.055718
0 0.611328 0.570381 0.111328 0.052786
0 0.731445 0.574780 0.099609 0.049853
1 0.257812 0.695748 0.107422 0.215543
1 0.375488 0.698680 0.110352 0.221408
1 0.496094 0.699413 0.103516 0.217009
1 0.613770 0.704545 0.110352 0.224340
1 0.733887 0.698680 0.104492 0.215543
