0 0.031250 0.101025 0.054688 0.199122
0 0.045898 0.359444 0.054688 0.317716
0 0.219238 0.065154 0.135742 0.127379
0 0.353027 0.064422 0.125977 0.125915
0 0.498047 0.059297 0.162109 0.115666
0 0.658203 0.058565 0.156250 0.114202
0 0.798828 0.059297 0.119141 0.115666
0 0.258789 0.435578 0.048828 0.185944
0 0.340820 0.400439 0.085938 0.285505
0 0.422852 0.400439 0.078125 0.285505
0 0.479980 0.401171 0.036133 0.286969
0 0.546387 0.398975 0.096680 0.291362
0 0.636230 0.399707 0.083008 0.292826
0 0.734375 0.398975 0.113281 0.294290
0 0.823242 0.401903 0.064453 0.300146
