0 0.164000 0.353906 0.052000 0.173437
0 0.259000 0.346875 0.134000 0.165625
0 0.393000 0.341406 0.136000 0.176563
0 0.535000 0.314844 0.150000 0.132812
0 0.633500 0.311719 0.047000 0.139063
0 0.533500 0.342187 0.101000 0.078125
0 0.637000 0.336719 0.106000 0.089063
0 0.741000 0.328125 0.112000 0.078125
0 0.847000 0.325000 0.104000 0.084375
0 0.558500 0.610938 0.127000 0.209375
0 0.682500 0.604688 0.121000 0.221875
0 0.810500 0.596875 0.135000 0.206250
0 0.515500 0.654687 0.125000 0.118750
0 0.640000 0.650781 0.122000 0.126562
0 0.764500 0.643750 0.125000 0.128125
0 0.888500 0.641406 0.123000 0.132812
0 0.563500 0.871094 0.129000 0.107813
0 0.692000 0.904687 0.130000 0.190625
0 0.821000 0.905469 0.136000 0.189062
0 0.257500 0.632812 0.137000 0.171875
0 0.390500 0.629687 0.129000 0.178125
0 0.259000 0.804688 0.138000 0.178125
0 0.393000 0.812500 0.128000 0.193750
4 0.465000 0.846094 0.028000 0.167187
4 0.128500 0.614844 0.019000 0.248438
4 0.131000 0.340625 0.022000 0.265625
4 0.951500 0.867969 0.029000 0.264062
