0 0.070312 0.136896 0.107422 0.247438
0 0.176758 0.144217 0.109375 0.244510
0 0.288574 0.146413 0.114258 0.248902
0 0.397461 0.153734 0.103516 0.234261
0 0.504395 0.156662 0.110352 0.240117
0 0.615723 0.166179 0.112305 0.221083
0 0.725586 0.172035 0.107422 0.232796
0 0.833008 0.180088 0.107422 0.216691
0 0.943359 0.183748 0.113281 0.224012
0 0.067383 0.451684 0.109375 0.376281
0 0.177246 0.457540 0.110352 0.364568
0 0.288086 0.459004 0.111328 0.367496
0 0.397949 0.461201 0.108398 0.363104
0 0.508301 0.464129 0.112305 0.368960
0 0.616699 0.467789 0.104492 0.361640
0 0.724121 0.469985 0.110352 0.366032
0 0.832520 0.473646 0.106445 0.358712
0 0.939453 0.478038 0.107422 0.367496
