0 0.042969 0.163250 0.083984 0.308931
0 0.164551 0.165447 0.161133 0.313324
0 0.319336 0.163982 0.148438 0.316252
0 0.474609 0.165447 0.154297 0.319180
0 0.630371 0.167643 0.157227 0.311859
0 0.786133 0.166911 0.154297 0.310395
0 0.931641 0.164714 0.136719 0.314788
0 0.045410 0.495608 0.088867 0.329429
0 0.167480 0.491215 0.157227 0.332357
0 0.322266 0.493411 0.152344 0.327965
0 0.476074 0.500000 0.155273 0.341142
0 0.630371 0.498536 0.153320 0.344070
0 0.789062 0.500000 0.164062 0.346999
0 0.935547 0.500732 0.128906 0.345534
0 0.043457 0.835286 0.084961 0.329429
0 0.165527 0.827233 0.151367 0.327965
0 0.322266 0.822108 0.156250 0.317716
0 0.476562 0.828697 0.152344 0.327965
0 0.631836 0.834553 0.152344 0.327965
0 0.791504 0.836018 0.159180 0.327965
