0 0.020996 0.296905 0.032227 0.094778
0 0.056641 0.297872 0.037109 0.096712
0 0.099609 0.297872 0.048828 0.096712
0 0.144043 0.297872 0.040039 0.096712
0 0.173828 0.296905 0.019531 0.094778
0 0.175293 0.441006 0.024414 0.205029
0 0.142090 0.441973 0.038086 0.195358
0 0.099121 0.442940 0.047852 0.201161
0 0.056641 0.440039 0.044922 0.199226
0 0.019043 0.441973 0.030273 0.195358
0 0.275391 0.276596 0.044922 0.096712
0 0.318359 0.273694 0.044922 0.102515
0 0.363770 0.274662 0.041992 0.100580
0 0.409180 0.276596 0.042969 0.096712
0 0.450684 0.277563 0.049805 0.098646
0 0.487305 0.270793 0.025391 0.077369
0 0.550293 0.275629 0.022461 0.083172
0 0.583496 0.281431 0.041992 0.075435
0 0.627930 0.281431 0.046875 0.087041
0 0.670898 0.287234 0.042969 0.079304
0 0.715332 0.285300 0.045898 0.079304
0 0.761230 0.284333 0.041992 0.077369
0 0.864258 0.294971 0.015625 0.083172
0 0.893555 0.294971 0.039062 0.087041
0 0.935547 0.297872 0.044922 0.092843
0 0.979004 0.298839 0.041992 0.090909
0 0.868652 0.435203 0.014648 0.189555
0 0.895508 0.438104 0.044922 0.187621
0 0.936523 0.441006 0.044922 0.205029
0 0.979004 0.441006 0.041992 0.197292
0 0.268555 0.455513 0.062500 0.187621
0 0.336914 0.457447 0.070312 0.187621
0 0.401367 0.456480 0.062500 0.185687
0 0.464355 0.462282 0.063477 0.185687
0 0.566406 0.455513 0.062500 0.187621
0 0.631836 0.459381 0.070312 0.191489
0 0.700684 0.462282 0.067383 0.185687
0 0.766602 0.454545 0.066406 0.193424
