2 0.424805 0.501466 0.095703 0.392962
0 0.138672 0.076246 0.275391 0.120235
0 0.136230 0.211877 0.270508 0.121701
0 0.130859 0.351906 0.259766 0.131965
0 0.128418 0.551320 0.254883 0.231672
0 0.465332 0.082845 0.319336 0.133431
0 0.467773 0.218475 0.335938 0.140762
0 0.474121 0.351173 0.352539 0.136364
0 0.383789 0.542522 0.185547 0.231672
0 0.559082 0.542522 0.174805 0.211144
0 0.789551 0.027126 0.264648 0.051320
0 0.799316 0.108504 0.284180 0.134897
0 0.815430 0.230205 0.285156 0.143695
0 0.821777 0.356305 0.291992 0.126100
