2 0.868687 0.276855 0.101010 0.102539
0 0.055556 0.080078 0.108225 0.158203
0 0.200577 0.080078 0.121212 0.158203
0 0.346320 0.080078 0.124098 0.158203
0 0.498557 0.080078 0.125541 0.158203
0 0.646465 0.079102 0.124098 0.156250
0 0.796537 0.079102 0.121212 0.156250
0 0.943001 0.080078 0.113997 0.158203
0 0.053391 0.277344 0.103896 0.203125
0 0.196248 0.276855 0.121212 0.198242
0 0.345599 0.276367 0.128427 0.203125
0 0.491342 0.273438 0.116883 0.201172
0 0.646465 0.278320 0.124098 0.205078
0 0.794372 0.278320 0.128427 0.201172
0 0.942280 0.273438 0.115440 0.201172
0 0.059163 0.488281 0.115440 0.197266
0 0.199134 0.489258 0.132756 0.201172
0 0.343434 0.489258 0.124098 0.195312
0 0.492785 0.487305 0.119769 0.195312
0 0.641414 0.486328 0.119769 0.195312
0 0.792208 0.487793 0.124098 0.198242
0 0.940115 0.488281 0.119769 0.197266
0 0.057720 0.702637 0.112554 0.190430
0 0.196970 0.699219 0.128427 0.199219
0 0.345599 0.702637 0.128427 0.200195
0 0.495671 0.697754 0.131313 0.196289
0 0.642857 0.699219 0.131313 0.193359
0 0.787879 0.703125 0.124098 0.201172
0 0.932900 0.700684 0.134199 0.194336
0 0.057720 0.906738 0.112554 0.186523
0 0.200577 0.905762 0.129870 0.188477
0 0.344877 0.905762 0.138528 0.188477
0 0.492063 0.905273 0.124098 0.189453
0 0.641414 0.905273 0.119769 0.189453
0 0.789322 0.901855 0.129870 0.196289
0 0.940115 0.905762 0.119769 0.188477
