0 0.060075 0.428118 0.117647 0.467230
0 0.350438 0.511628 0.172716 0.224101
0 0.520025 0.519027 0.166458 0.238901
0 0.689612 0.527484 0.172716 0.221987
0 0.850438 0.541226 0.148936 0.241015
0 0.960576 0.562368 0.078849 0.215645
0 0.358573 0.151163 0.166458 0.247357
0 0.524406 0.146934 0.165207 0.238901
0 0.690864 0.164905 0.165207 0.257928
0 0.846683 0.192389 0.148936 0.262156
0 0.958698 0.228330 0.082603 0.245243
0 0.359199 0.339323 0.162703 0.124736
0 0.523780 0.328753 0.173967 0.154334
0 0.692115 0.344609 0.165207 0.169133
0 0.846683 0.371036 0.141427 0.171247
0 0.958698 0.399577 0.082603 0.152220
5 0.157697 0.855180 0.235294 0.200846
