0 0.404167 0.335556 0.078333 0.066667
0 0.485000 0.335556 0.086667 0.066667
0 0.570833 0.336667 0.078333 0.068889
0 0.660833 0.337778 0.095000 0.062222
0 0.741667 0.337778 0.066667 0.062222
0 0.395833 0.497778 0.068333 0.137778
0 0.463333 0.497778 0.066667 0.137778
0 0.533333 0.495556 0.073333 0.133333
0 0.607500 0.496667 0.075000 0.131111
0 0.399167 0.316667 0.085000 0.095556
0 0.456667 0.315556 0.036667 0.093333
0 0.570833 0.316667 0.195000 0.104444
0 0.411667 0.623333 0.110000 0.086667
0 0.526667 0.624444 0.120000 0.084444
0 0.650833 0.620000 0.128333 0.075556
0 0.779167 0.617778 0.128333 0.080000
0 0.922500 0.618889 0.155000 0.077778
