0 0.091797 0.104685 0.144531 0.136164
0 0.092285 0.243777 0.143555 0.142020
0 0.091797 0.381406 0.142578 0.133236
0 0.091797 0.517570 0.144531 0.139092
0 0.091797 0.658126 0.144531 0.142020
0 0.090820 0.794290 0.146484 0.130307
0 0.091309 0.928990 0.147461 0.139092
0 0.270508 0.103221 0.140625 0.144949
0 0.412598 0.105417 0.143555 0.140556
0 0.270020 0.243777 0.139648 0.142020
0 0.267090 0.382138 0.145508 0.134700
0 0.265137 0.518302 0.141602 0.137628
0 0.264648 0.656662 0.142578 0.139092
0 0.267090 0.792094 0.147461 0.131772
0 0.267578 0.927526 0.146484 0.139092
0 0.412109 0.241581 0.140625 0.137628
0 0.411133 0.381406 0.142578 0.142020
0 0.411621 0.518302 0.143555 0.131772
0 0.410156 0.655198 0.146484 0.142020
0 0.410645 0.794290 0.147461 0.136164
0 0.412109 0.927526 0.144531 0.130307
0 0.588379 0.104685 0.143555 0.142020
0 0.731934 0.104685 0.143555 0.142020
0 0.588379 0.242313 0.141602 0.130307
0 0.586914 0.377013 0.144531 0.139092
0 0.586914 0.513909 0.144531 0.134700
0 0.587891 0.650805 0.142578 0.139092
0 0.587402 0.789898 0.141602 0.139092
0 0.585938 0.927526 0.144531 0.136164
0 0.730957 0.243045 0.145508 0.137628
0 0.731445 0.382870 0.144531 0.142020
0 0.731445 0.518302 0.144531 0.128843
0 0.731445 0.651537 0.144531 0.137628
0 0.730957 0.791362 0.143555 0.142020
0 0.730957 0.928258 0.143555 0.131772
0 0.906250 0.102489 0.142578 0.137628
0 0.905762 0.240117 0.143555 0.137628
0 0.904785 0.377745 0.139648 0.137628
0 0.904785 0.513909 0.139648 0.134700
0 0.906738 0.650805 0.143555 0.139092
0 0.906250 0.789165 0.144531 0.137628
0 0.905762 0.928258 0.143555 0.140556
