0 0.163086 0.203271 0.152344 0.176012
0 0.324707 0.204829 0.174805 0.179128
0 0.494629 0.206386 0.172852 0.179128
0 0.668457 0.207165 0.168945 0.177570
0 0.828125 0.206386 0.150391 0.176012
0 0.163574 0.494548 0.151367 0.185358
0 0.323730 0.497664 0.172852 0.182243
0 0.495605 0.496106 0.170898 0.179128
0 0.666992 0.496106 0.173828 0.185358
0 0.830078 0.501558 0.150391 0.183801
0 0.162109 0.792056 0.152344 0.185358
0 0.324219 0.792056 0.171875 0.179128
0 0.493652 0.791277 0.168945 0.180685
0 0.666016 0.795950 0.167969 0.180685
0 0.826172 0.798287 0.152344 0.176012
