0 0.117188 0.315430 0.144531 0.099609
0 0.019531 0.315918 0.037109 0.100586
0 0.270996 0.316406 0.147461 0.103516
0 0.417969 0.319336 0.146484 0.097656
0 0.570801 0.319336 0.159180 0.097656
0 0.728027 0.319336 0.155273 0.097656
0 0.883789 0.321777 0.156250 0.102539
0 0.980957 0.322266 0.038086 0.101562
0 0.019043 0.494629 0.036133 0.100586
0 0.112793 0.496094 0.151367 0.107422
0 0.264648 0.498535 0.152344 0.102539
0 0.416992 0.496094 0.152344 0.097656
0 0.572754 0.497070 0.159180 0.095703
0 0.729980 0.500000 0.155273 0.101562
0 0.881348 0.500488 0.147461 0.100586
0 0.977539 0.500000 0.044922 0.099609
0 0.016113 0.705566 0.030273 0.157227
0 0.113281 0.704102 0.158203 0.160156
0 0.268066 0.706543 0.151367 0.155273
0 0.420898 0.708496 0.154297 0.159180
0 0.575684 0.708496 0.155273 0.159180
0 0.732910 0.706055 0.155273 0.154297
0 0.886230 0.706055 0.151367 0.154297
0 0.980957 0.707520 0.038086 0.157227
