0 0.148438 0.526042 0.111328 0.166667
0 0.353027 0.524740 0.174805 0.169271
0 0.568359 0.523438 0.113281 0.169271
0 0.674805 0.524089 0.087891 0.175781
0 0.780273 0.518880 0.117188 0.173177
0 0.950195 0.472656 0.099609 0.093750
0 0.560059 0.192057 0.049805 0.095052
0 0.559570 0.022135 0.048828 0.041667
0 0.689453 0.020182 0.046875 0.037760
0 0.687988 0.194010 0.047852 0.096354
0 0.819336 0.020833 0.052734 0.039062
0 0.819824 0.192708 0.051758 0.109375
0 0.950684 0.024740 0.032227 0.046875
0 0.954590 0.190755 0.047852 0.113281
0 0.403320 0.195312 0.048828 0.093750
0 0.178223 0.195312 0.049805 0.093750
0 0.078613 0.202474 0.053711 0.079427
4 0.225098 0.488932 0.051758 0.266927
4 0.460938 0.483724 0.046875 0.264323
4 0.871582 0.490885 0.057617 0.250000
4 0.029785 0.494141 0.055664 0.248698
4 0.024902 0.140625 0.040039 0.278646
4 0.121582 0.141927 0.038086 0.281250
4 0.220703 0.141927 0.039062 0.281250
4 0.351074 0.141927 0.032227 0.281250
4 0.497070 0.122396 0.044922 0.242188
4 0.622070 0.123047 0.041016 0.243490
4 0.765625 0.121094 0.052734 0.239583
4 0.889648 0.121094 0.068359 0.239583
