0 0.257812 0.109971 0.208984 0.217009
0 0.423828 0.057185 0.125000 0.111437
0 0.611816 0.112170 0.249023 0.221408
0 0.776367 0.112170 0.078125 0.221408
0 0.957520 0.110704 0.084961 0.218475
0 0.958984 0.328446 0.082031 0.217009
0 0.959473 0.513196 0.081055 0.161290
0 0.297852 0.330645 0.123047 0.215543
0 0.423828 0.326979 0.126953 0.228739
0 0.551270 0.329179 0.127930 0.218475
0 0.677734 0.329179 0.123047 0.224340
0 0.776367 0.332111 0.074219 0.218475
0 0.297852 0.518328 0.123047 0.159824
0 0.423828 0.516862 0.128906 0.162757
0 0.550293 0.516129 0.127930 0.155425
0 0.677246 0.516862 0.125977 0.153959
0 0.779785 0.513930 0.081055 0.151026
4 0.870605 0.297654 0.106445 0.592375
4 0.105469 0.298387 0.099609 0.593842
