0 0.191667 0.070815 0.377778 0.137339
0 0.522222 0.074034 0.288889 0.143777
0 0.834722 0.072961 0.330556 0.141631
0 0.187500 0.284335 0.369444 0.160944
0 0.522222 0.284335 0.300000 0.160944
0 0.836111 0.281116 0.327778 0.154506
0 0.187500 0.511803 0.369444 0.178112
0 0.522222 0.509657 0.305556 0.182403
0 0.836111 0.511803 0.327778 0.182403
0 0.187500 0.731760 0.369444 0.180258
0 0.520833 0.730687 0.297222 0.182403
0 0.834722 0.732833 0.330556 0.186695
0 0.187500 0.931330 0.369444 0.137339
0 0.519444 0.932403 0.288889 0.135193
0 0.833333 0.930258 0.333333 0.139485
