0 0.069824 0.090776 0.137695 0.178624
0 0.069824 0.396047 0.137695 0.434846
0 0.071777 0.801611 0.141602 0.396779
0 0.295410 0.089312 0.163086 0.175695
0 0.295410 0.388726 0.170898 0.428990
0 0.291504 0.801611 0.174805 0.396779
0 0.527832 0.089312 0.170898 0.175695
0 0.524902 0.391654 0.172852 0.428990
0 0.524902 0.800878 0.172852 0.398243
0 0.765137 0.085652 0.174805 0.168375
0 0.762695 0.387262 0.171875 0.428990
0 0.765137 0.799414 0.176758 0.401171
0 0.958496 0.082723 0.083008 0.162518
0 0.957520 0.383602 0.084961 0.442167
0 0.959961 0.800146 0.080078 0.399707
