0 0.117676 0.443548 0.106445 0.285924
0 0.245117 0.445748 0.136719 0.284457
0 0.381836 0.449413 0.136719 0.277126
0 0.516602 0.447214 0.132812 0.272727
0 0.646973 0.447214 0.127930 0.272727
0 0.782715 0.448680 0.143555 0.275660
0 0.908203 0.446481 0.107422 0.280059
0 0.910645 0.642229 0.106445 0.096774
0 0.785156 0.644428 0.144531 0.092375
0 0.648438 0.638563 0.128906 0.080645
0 0.517090 0.639296 0.133789 0.079179
0 0.382324 0.637830 0.135742 0.076246
0 0.243164 0.635630 0.142578 0.080645
0 0.118164 0.642229 0.107422 0.093842
