0 0.476351 0.627789 0.085135 0.359026
0 0.556757 0.674442 0.075676 0.354970
0 0.639189 0.753550 0.075676 0.363083
0 0.720270 0.802231 0.072973 0.359026
0 0.817568 0.841785 0.075676 0.316430
0 0.910811 0.873225 0.081081 0.253550
0 0.975676 0.906694 0.048649 0.186613
0 0.484459 0.066937 0.066216 0.129817
0 0.558784 0.093306 0.087838 0.182556
0 0.639865 0.117647 0.087838 0.231237
0 0.725676 0.145030 0.072973 0.286004
0 0.828378 0.180527 0.078378 0.356998
0 0.919595 0.213996 0.077027 0.399594
0 0.982432 0.254564 0.035135 0.375254
