0 0.7670000195503235 0.4665110111236572 0.06400001049041748 0.14797496795654297
0 0.7039999961853027 0.4532710015773773 0.05799996852874756 0.15264803171157837
0 0.6395000219345093 0.43302199244499207 0.06499999761581421 0.14330202341079712
0 0.5715000033378601 0.4244549870491028 0.06300008296966553 0.1635509729385376
0 0.8324999809265137 0.5194699764251709 0.06299996376037598 0.08255502581596375
0 0.7670000195503235 0.5031149983406067 0.06400001049041748 0.09034299850463867
0 0.7044999599456787 0.4789719879627228 0.06300002336502075 0.08878499269485474
0 0.6389999985694885 0.46573200821876526 0.06400001049041748 0.09968799352645874
0 0.5920000076293945 0.4587230086326599 0.03600001335144043 0.07943898439407349
0 0.5479999780654907 0.4665110111236572 0.05199998617172241 0.0981309711933136
0 0.3765000104904175 0.5607479810714722 0.08299994468688965 0.19626200199127197
0 0.2394999861717224 0.5202490091323853 0.1809999942779541 0.23987498879432678
0 0.6069999933242798 0.705606997013092 0.09399998188018799 0.09657299518585205
0 0.7310000061988831 0.8870720267295837 0.0979999303817749 0.15109002590179443
0 0.4309999942779541 0.8613709807395935 0.11399996280670166 0.1246110200881958
4 0.3920000195503235 0.5155760049819946 0.024000048637390137 0.41433000564575195
4 0.33149999380111694 0.5841119885444641 0.013000011444091797 0.2741429805755615
4 0.16750001907348633 0.544393002986908 0.01100003719329834 0.303737998008728
4 0.13450002670288086 0.440809965133667 0.026999950408935547 0.495326966047287
4 0.1380000114440918 0.8411210179328918 0.011999964714050293 0.18068504333496094
4 0.5685000419616699 0.8785049915313721 0.023000001907348633 0.17445504665374756
4 0.3945000171661377 0.8605920076370239 0.014999985694885254 0.16043603420257568
4 0.5665000081062317 0.6728969812393188 0.018999934196472168 0.16199398040771484
4 0.7569999694824219 0.705606997013092 0.020000040531158447 0.14330196380615234
4 0.7524999976158142 0.8862929940223694 0.027000069618225098 0.1464170217514038
1 0.038999974727630615 0.835669994354248 0.04400002956390381 0.13239896297454834
