0 0.10372713208198547 0.040171269327402115 0.159539133310318 0.07881121337413788
0 0.2559433877468109 0.03803929314017296 0.14749744534492493 0.07607858628034592
0 0.40358462929725647 0.03438236564397812 0.15250997245311737 0.06876473128795624
0 0.5497409105300903 0.03211253136396408 0.14850473403930664 0.06422506272792816
0 0.6989201903343201 0.029822833836078644 0.1485307812690735 0.05964566767215729
0 0.8455281257629395 0.024676231667399406 0.14744538068771362 0.04935246333479881
0 0.959477961063385 0.022427022457122803 0.0810440257191658 0.044854044914245605
0 0.10822390764951706 0.23420743644237518 0.15783599019050598 0.09611016511917114
0 0.2614615261554718 0.23018819093704224 0.15171100199222565 0.09152117371559143
0 0.40961942076683044 0.22420035302639008 0.14767970144748688 0.0913582444190979
0 0.5557887554168701 0.21974213421344757 0.14979952573776245 0.09723249822854996
0 0.7023705840110779 0.21019487082958221 0.14664532244205475 0.08986828476190567
0 0.8263659477233887 0.2066328227519989 0.10028264671564102 0.0879945382475853
0 0.9868585467338562 0.19821006059646606 0.026282910257577896 0.09176983684301376
0 0.2657931447029114 0.44307228922843933 0.1448640674352646 0.10282259434461594
0 0.41041144728660583 0.4365028738975525 0.14791405200958252 0.10439301282167435
