0 0.9321290254592896 0.3179819881916046 0.13378900289535522 0.46345001459121704
0 0.9345700144767761 0.048246003687381744 0.1289060115814209 0.09356699883937836
0 0.7666019797325134 0.05190100520849228 0.203125 0.10087700188159943
0 0.7651370167732239 0.4312869906425476 0.20605504512786865 0.6754390001296997
0 0.93408203125 0.6593570113182068 0.12988299131393433 0.22807002067565918
0 0.5629880428314209 0.048246003687381744 0.20410197973251343 0.09356699883937836
0 0.5625 0.42836299538612366 0.20507800579071045 0.6725149750709534
0 0.36865198612213135 0.4261699914932251 0.1826169490814209 0.6798250675201416
0 0.36962902545928955 0.04386000335216522 0.1826169490814209 0.08479499816894531
0 0.21923798322677612 0.04459099844098091 0.11621105670928955 0.08625700324773788
0 0.21923798322677612 0.4247080087661743 0.1201169490814209 0.6798250675201416
0 0.13769501447677612 0.4195910096168518 0.046875 0.6608189344406128
0 0.10009801387786865 0.41812899708747864 0.0361330509185791 0.6315789818763733
0 0.06201201677322388 0.41301199793815613 0.0361330509185791 0.5979530215263367
0 0.021973013877868652 0.42397695779800415 0.04394495487213135 0.5760229825973511
0 0.13769501447677612 0.048246003687381744 0.0429689884185791 0.09356699883937836
0 0.0976560115814209 0.05555599927902222 0.0351560115814209 0.1081869900226593
0 0.06445300579071045 0.06140400469303131 0.03320300579071045 0.11988300085067749
0 0.030273020267486572 0.07090599834918976 0.0273439884185791 0.13888898491859436
0 0.0073239803314208984 0.07163700461387634 0.014647960662841797 0.14035099744796753
0 0.9316409826278687 0.8845030069351196 0.13476598262786865 0.23099398612976074
0 0.76220703125 0.885233998298645 0.20214802026748657 0.22953200340270996
0 0.5595700144767761 0.8823099732398987 0.203125 0.23538005352020264
0 0.3666989803314209 0.8845030069351196 0.1826169490814209 0.23099398612976074
0 0.21923798322677612 0.8815789818763733 0.11816394329071045 0.2222219705581665
0 0.13818401098251343 0.85453200340271 0.04394495487213135 0.22953200340270996
0 0.09716802835464478 0.8289470076560974 0.0419919490814209 0.21344995498657227
0 0.059081971645355225 0.8026319742202759 0.030272960662841797 0.21637403964996338
0 0.027831971645355225 0.7821639776229858 0.028319954872131348 0.20175397396087646
0 0.006835997104644775 0.7638890147209167 0.01367199420928955 0.18567299842834473
