0 0.8745119571685791 0.21904799342155457 0.19628900289535522 0.19047600030899048
0 0.8740230202674866 0.46587300300598145 0.1914060115814209 0.2015869915485382
0 0.6118159890174866 0.21984100341796875 0.21191394329071045 0.19523799419403076
0 0.6123049855232239 0.47301599383354187 0.21289098262786865 0.19999998807907104
0 0.3544920086860657 0.21904799342155457 0.2070310115814209 0.19682498276233673
0 0.20800799131393433 0.4634920060634613 0.03125 0.22857099771499634
0 0.17040997743606567 0.4563489854335785 0.0361330509185791 0.2619050145149231
0 0.12792998552322388 0.45714300870895386 0.04101598262786865 0.27619004249572754
0 0.09033197164535522 0.45396798849105835 0.02441394329071045 0.3142859935760498
0 0.35351598262786865 0.47698402404785156 0.203125 0.20476201176643372
