0 0.8855942487716675 0.324727863073349 0.12393803149461746 0.18754619359970093
0 0.8120074272155762 0.27916714549064636 0.05559983476996422 0.13885539770126343
0 0.7022016048431396 0.2522435784339905 0.11553024500608444 0.1135144829750061
0 0.6352274417877197 0.24139733612537384 0.03375878185033798 0.0949154943227768
0 0.5360064506530762 0.3429064154624939 0.08053616434335709 0.10213450342416763
0 0.4603176712989807 0.31585386395454407 0.07895760983228683 0.10172919929027557
0 0.521957278251648 0.4523148536682129 0.08102329075336456 0.13340428471565247
0 0.44793379306793213 0.4320395886898041 0.08649399131536484 0.12762151658535004
0 0.29001590609550476 0.371176153421402 0.12417648732662201 0.25708532333374023
0 0.19423437118530273 0.3351551294326782 0.1263880580663681 0.23609092831611633
0 0.5821985602378845 0.4652419984340668 0.051499854773283005 0.116240493953228
0 0.7640440464019775 0.4941541850566864 0.09034529328346252 0.1885046660900116
0 0.8620161414146423 0.5180394053459167 0.12702088057994843 0.2146911919116974
