0 0.5732289552688599 0.23812879621982574 0.10901252925395966 0.19599978625774384
0 0.5612537264823914 0.400381475687027 0.11845014989376068 0.1942509114742279
0 0.5518139004707336 0.5496009588241577 0.11632099002599716 0.19490085542201996
0 0.5364238619804382 0.7180719971656799 0.12417027354240417 0.20339134335517883
0 0.5224716663360596 0.895477831363678 0.1317576766014099 0.20904436707496643
0 0.42150694131851196 0.8687689900398254 0.11674896627664566 0.20592637360095978
0 0.4377268850803375 0.6890259385108948 0.11138232052326202 0.22653654217720032
0 0.45379438996315 0.5278294086456299 0.11326398700475693 0.19222868978977203
0 0.46867647767066956 0.3823505640029907 0.10909716039896011 0.18221382796764374
0 0.6960088014602661 0.7368829250335693 0.002950865775346756 0.006579437758773565
0 0.4837910532951355 0.23615358769893646 0.1057465523481369 0.1769585907459259
0 0.3663333058357239 0.5177258849143982 0.10283432900905609 0.2143196314573288
0 0.3473024368286133 0.6758791208267212 0.10441368818283081 0.22579319775104523
0 0.330779105424881 0.8199082612991333 0.10056045651435852 0.1749364137649536
0 0.25360333919525146 0.8000625967979431 0.07985753566026688 0.13330323994159698
0 0.2692878842353821 0.6713467836380005 0.0929858610033989 0.21245425939559937
0 0.28850266337394714 0.5221643447875977 0.09032274037599564 0.20598600804805756
0 0.30787762999534607 0.3795164227485657 0.09192915260791779 0.20315834879875183
0 0.4002944529056549 0.23352937400341034 0.09290561079978943 0.20205803215503693
0 0.32608649134635925 0.24315492808818817 0.08697784692049026 0.20320160686969757
0 0.26404228806495667 0.2688498795032501 0.07080528140068054 0.17962151765823364
0 0.21654044091701508 0.28969869017601013 0.05789399519562721 0.17261220514774323
0 0.2455376833677292 0.3945794105529785 0.07329774647951126 0.18700866401195526
0 0.2003457099199295 0.413631409406662 0.06128178536891937 0.16850434243679047
0 0.17748017609119415 0.5433226227760315 0.059222761541604996 0.17461144924163818
0 0.22543001174926758 0.529121458530426 0.07444930076599121 0.18745769560337067
0 0.2071252018213272 0.6702989935874939 0.07775817811489105 0.19960655272006989
0 0.15737147629261017 0.6778643727302551 0.059361666440963745 0.18552334606647491
3 0.08024342358112335 0.5898646116256714 0.1604868471622467 0.41341617703437805
