4 0.2558763325214386 0.486508309841156 0.08936835825443268 0.3815946578979492
4 0.13557159900665283 0.5524207353591919 0.059149064123630524 0.2733648419380188
4 0.3312050998210907 0.47789379954338074 0.06404270976781845 0.2815828323364258
4 0.5892783403396606 0.40103399753570557 0.06247398629784584 0.27708640694618225
4 0.620807945728302 0.3749803900718689 0.0838841050863266 0.3691898584365845
4 0.849791944026947 0.3233981430530548 0.06813716143369675 0.27755221724510193
4 0.9644694924354553 0.25833842158317566 0.07106097042560577 0.36577874422073364
4 0.7746251821517944 0.38372376561164856 0.05705991014838219 0.1727355569601059
0 0.2052762508392334 0.5003918409347534 0.10473407059907913 0.19320781528949738
0 0.29680299758911133 0.4727810323238373 0.06975772976875305 0.17676837742328644
0 0.08262376487255096 0.5641339421272278 0.09878231585025787 0.12467427551746368
0 0.38380005955696106 0.49618446826934814 0.07235447317361832 0.07629451155662537
0 0.457157164812088 0.4736153185367584 0.08699721097946167 0.07428120821714401
0 0.5398929715156555 0.4487965404987335 0.09188132733106613 0.07583239674568176
0 0.017922544851899147 0.23836712539196014 0.035845089703798294 0.10420354455709457
0 0.06840907037258148 0.2143251746892929 0.09192650765180588 0.1091684028506279
0 0.14733175933361053 0.18780143558979034 0.0872308686375618 0.10234514623880386
0 0.22420619428157806 0.16484418511390686 0.08430022746324539 0.10141437500715256
0 0.30078014731407166 0.13615041971206665 0.08313553780317307 0.10637640208005905
0 0.37795522809028625 0.11893065273761749 0.09095027297735214 0.10885835438966751
0 0.4583432674407959 0.09194151312112808 0.08646052330732346 0.11009792983531952
0 0.5375606417655945 0.06751114875078201 0.08235549181699753 0.10746142268180847
0 0.6085748076438904 0.0497630275785923 0.08684521168470383 0.0995260551571846
0 0.6871069669723511 0.03665618225932121 0.0876251831650734 0.07331236451864243
0 0.7636856436729431 0.02331719920039177 0.08996441960334778 0.04663439840078354
0 0.8404625058174133 0.01106314267963171 0.08879000693559647 0.02212628535926342
