0 0.6220700144767761 0.024158000946044922 0.0625 0.04538799822330475
0 0.6210939884185791 0.1456809937953949 0.0625 0.18887299299240112
0 0.6201170086860657 0.3345530033111572 0.06445300579071045 0.18887299299240112
0 0.6210939884185791 0.5300149917602539 0.0625 0.1874079704284668
0 0.6235350370407104 0.7232800126075745 0.06542998552322388 0.19619297981262207
0 0.6230469942092896 0.9099559783935547 0.06835901737213135 0.18008804321289062
0 0.5532230138778687 0.026353999972343445 0.0634770393371582 0.049779996275901794
0 0.4877930283546448 0.02562200091779232 0.06543004512786865 0.048315998166799545
0 0.4213870167732239 0.024158000946044922 0.06543004512786865 0.04538799822330475
0 0.3559569716453552 0.02562200091779232 0.0673830509185791 0.048315998166799545
0 0.28759801387786865 0.026353999972343445 0.0693359375 0.049779996275901794
0 0.2226560115814209 0.02562200091779232 0.06835901737213135 0.048315998166799545
0 0.15771502256393433 0.026353999972343445 0.0615229606628418 0.049779996275901794
0 0.09521502256393433 0.027818001806735992 0.0673830509185791 0.05270899832248688
0 0.03125 0.028551001101732254 0.0625 0.054173000156879425
0 0.5532230138778687 0.16837500035762787 0.0595700740814209 0.14348497986793518
0 0.49023401737213135 0.16910700500011444 0.0664060115814209 0.14202001690864563
0 0.4223629832267761 0.16837500035762787 0.06933605670928955 0.14055600762367249
0 0.3569340109825134 0.16910700500011444 0.0615229606628418 0.13909199833869934
0 0.29101598262786865 0.16910700500011444 0.0703120231628418 0.13909199833869934
0 0.22412097454071045 0.16691100597381592 0.0634770393371582 0.14348500967025757
0 0.16113299131393433 0.16617900133132935 0.0625 0.14201998710632324
0 0.09521502256393433 0.16691100597381592 0.06933605670928955 0.1405559778213501
0 0.030762016773223877 0.16691100597381592 0.05956995487213135 0.1405559778213501
0 0.554688036441803 0.36456799507141113 0.06445300579071045 0.14348500967025757
0 0.4887700080871582 0.363103985786438 0.0673830509185791 0.14641296863555908
0 0.4223629832267761 0.3601759970188141 0.06543004512786865 0.1405559778213501
0 0.3569340109825134 0.36164000630378723 0.06543004512786865 0.13762801885604858
0 0.2919920086860657 0.36383599042892456 0.06445300579071045 0.14201998710632324
0 0.22851598262786865 0.363103985786438 0.0625 0.14641296863555908
0 0.16162097454071045 0.3594439923763275 0.0712890625 0.13909202814102173
0 0.09375 0.35798001289367676 0.06445300579071045 0.14201998710632324
0 0.030762016773223877 0.35871198773384094 0.0615229606628418 0.14348500967025757
0 0.5546879768371582 0.5563690066337585 0.0625 0.14348497986793518
0 0.48974597454071045 0.5571010112762451 0.0673830509185791 0.14201998710632324
0 0.4233400225639343 0.5534409880638123 0.06543004512786865 0.1346999704837799
0 0.3579099774360657 0.5527089834213257 0.06543004512786865 0.13616397976875305
0 0.29150402545928955 0.5527089834213257 0.0673830509185791 0.13616397976875305
0 0.22753900289535522 0.5527089834213257 0.06054699420928955 0.13616397976875305
0 0.1640620231628418 0.5519769787788391 0.0664060115814209 0.1346999704837799
0 0.09716802835464478 0.5512449741363525 0.0673830509185791 0.13909196853637695
0 0.03173825144767761 0.5512449741363525 0.06347650289535522 0.13909196853637695
0 0.5541989803314209 0.7474380135536194 0.06347697973251343 0.13323605060577393
0 0.49023401737213135 0.7459740042686462 0.06445300579071045 0.13616394996643066
0 0.4248049855232239 0.7503659725189209 0.0664060115814209 0.14494895935058594
0 0.3583980202674866 0.7510979771614075 0.0664060115814209 0.1434849500656128
0 0.29150402545928955 0.7467060089111328 0.0673830509185791 0.13470005989074707
0 0.22802698612213135 0.748170018196106 0.05956995487213135 0.13177204132080078
0 0.1645510196685791 0.748170018196106 0.0673830509185791 0.13177204132080078
0 0.09863299131393433 0.7467060089111328 0.06445300579071045 0.13177204132080078
0 0.03369098901748657 0.751829981803894 0.06543004512786865 0.14201998710632324
0 0.554688036441803 0.9348459839820862 0.06054699420928955 0.12445104122161865
0 0.4892579913139343 0.9341139793395996 0.0703120231628418 0.1259150505065918
0 0.4233400225639343 0.9319180250167847 0.0615229606628418 0.12152302265167236
0 0.3579099774360657 0.933381974697113 0.06933605670928955 0.11859405040740967
0 0.29150402545928955 0.9363099932670593 0.0634770393371582 0.12445104122161865
0 0.22509801387786865 0.9355779886245728 0.0693359375 0.1259150505065918
0 0.1601560115814209 0.9348459839820862 0.06054699420928955 0.12445104122161865
0 0.09570300579071045 0.9363099932670593 0.06835901737213135 0.12152302265167236
0 0.030762016773223877 0.9341139793395996 0.0615229606628418 0.11713004112243652
0 0.6767579913139343 0.05124500021338463 0.04882800579071045 0.09956099838018417
0 0.6782230138778687 0.22913600504398346 0.0439450740814209 0.12445101141929626
0 0.6796879768371582 0.4143480062484741 0.046875 0.12591499090194702
0 0.6782230138778687 0.600292980670929 0.0498049259185791 0.12884294986724854
0 0.6787109971046448 0.7877010107040405 0.0429689884185791 0.12298703193664551
0 0.6831049919128418 0.9546120166778564 0.0478520393371582 0.08199095726013184
