0 0.04052700102329254 0.4670569896697998 0.07910200953483582 0.2635430097579956
0 0.14648400247097015 0.47144898772239685 0.1328119933605194 0.2576870322227478
0 0.27148398756980896 0.4831629991531372 0.1171879917383194 0.23426103591918945
0 0.38476601243019104 0.4860909879207611 0.10742199420928955 0.21961897611618042
0 0.48974600434303284 0.49341100454330444 0.10253900289535522 0.19619297981262207
0 0.5922849774360657 0.5007320046424866 0.10058605670928955 0.16691100597381592
0 0.6928709745407104 0.5102490186691284 0.1005859375 0.14787697792053223
0 0.8007810115814209 0.5256220102310181 0.109375 0.12298703193664551
0 0.9165040254592896 0.5358710289001465 0.12206995487213135 0.10248899459838867
0 0.9887697696685791 0.5366029739379883 0.022460520267486572 0.10395300388336182
