0 0.964654803276062 0.5130913257598877 0.06810703873634338 0.3264094591140747
0 0.9080559015274048 0.5108283758163452 0.06987076997756958 0.30048951506614685
0 0.852666437625885 0.49905067682266235 0.06880849599838257 0.2988489270210266
0 0.7914660573005676 0.48776739835739136 0.06629818677902222 0.3027880787849426
0 0.7331705689430237 0.47623735666275024 0.07149910926818848 0.30951038002967834
0 0.6719701290130615 0.46495509147644043 0.06876274198293686 0.31049612164497375
0 0.6126124858856201 0.4547378420829773 0.07798854261636734 0.32082560658454895
0 0.5525307655334473 0.44140467047691345 0.07504859566688538 0.3436295986175537
0 0.49222391843795776 0.43102404475212097 0.07608926296234131 0.32049867510795593
0 0.4268057644367218 0.41826799511909485 0.07631535828113556 0.32345113158226013
0 0.36197522282600403 0.4041173458099365 0.07346583157777786 0.32296064496040344
0 0.29217079281806946 0.392101913690567 0.07676760852336884 0.32935696840286255
0 0.2201610505580902 0.37746235728263855 0.07665456086397171 0.32788074016571045
0 0.1487622708082199 0.36741700768470764 0.08739571273326874 0.34575486183166504
0 0.07955627888441086 0.34129372239112854 0.08560838550329208 0.3469039797782898
