0 0.11155406385660172 0.07384274154901505 0.13283242285251617 0.1476854830980301
0 0.21067751944065094 0.09134434908628464 0.13429147005081177 0.18268869817256927
0 0.31550875306129456 0.10903791338205338 0.13944710791110992 0.21807582676410675
0 0.41692689061164856 0.12307266891002655 0.1274644285440445 0.2461453378200531
0 0.5170745849609375 0.14655499160289764 0.13464447855949402 0.27077388763427734
0 0.6205047369003296 0.18628840148448944 0.13403047621250153 0.2522112727165222
0 0.7230288982391357 0.22195236384868622 0.1309477537870407 0.2626360058784485
0 0.8229756355285645 0.2591581642627716 0.1288747936487198 0.2464817613363266
0 0.9262412786483765 0.2927517890930176 0.13532495498657227 0.25541386008262634
0 0.07195435464382172 0.3239804208278656 0.14390870928764343 0.40708935260772705
0 0.17080669105052948 0.35964444279670715 0.15066327154636383 0.3956054747104645
0 0.274814635515213 0.39116790890693665 0.1519576460123062 0.3988070785999298
0 0.3778098523616791 0.42316168546676636 0.14863795042037964 0.39360710978507996
0 0.481170654296875 0.4560212790966034 0.1530645191669464 0.40054041147232056
0 0.5826002955436707 0.48908528685569763 0.1447775661945343 0.39107945561408997
0 0.6833008527755737 0.5204162001609802 0.15085174143314362 0.3970739245414734
0 0.784731388092041 0.5534814596176147 0.1462366282939911 0.3886720538139343
0 0.8846896886825562 0.5868825316429138 0.14828574657440186 0.3977479040622711
