0 0.3583329916000366 0.23142899572849274 0.18166697025299072 0.23428598046302795
0 0.5 0.4107140004634857 0.08333301544189453 0.3442860245704651
0 0.5891669988632202 0.36071398854255676 0.0733330249786377 0.27000004053115845
0 0.6591669917106628 0.36000001430511475 0.06666696071624756 0.27142900228500366
0 0.7270830273628235 0.36214300990104675 0.06916701793670654 0.2757139801979065
0 0.5849999785423279 0.6328570246696472 0.06333303451538086 0.2428569793701172
0 0.650833010673523 0.6364290118217468 0.06500005722045898 0.23571395874023438
0 0.7170829772949219 0.6371430158615112 0.06749999523162842 0.23714303970336914
0 0.30083298683166504 0.4742859899997711 0.061667025089263916 0.21999996900558472
0 0.3604170083999634 0.4749999940395355 0.05750000476837158 0.2185710072517395
0 0.41666701436042786 0.4742859899997711 0.05500000715255737 0.2171429991722107
0 0.34375 0.6850000023841858 0.20083297789096832 0.17571401596069336
0 0.5008329749107361 0.6842859983444214 0.0816669762134552 0.20000004768371582
