0 0.23244601488113403 0.5484910011291504 0.10411596298217773 0.6530170440673828
0 0.3087170124053955 0.778016984462738 0.053269028663635254 0.1206899881362915
0 0.3093219995498657 0.6648709774017334 0.05205798149108887 0.09698295593261719
0 0.3093219995498657 0.5689659714698792 0.05205798149108887 0.10775899887084961
0 0.3093219995498657 0.47090500593185425 0.04721498489379883 0.10991397500038147
0 0.3075060248374939 0.3760780096054077 0.04358398914337158 0.10129296779632568
0 0.3619850277900696 0.7887930274009705 0.053269028663635254 0.1293100118637085
0 0.41162198781967163 0.7941809892654419 0.048426032066345215 0.12284505367279053
0 0.4104120135307312 0.690733015537262 0.0460050106048584 0.10129296779632568
0 0.3613799810409546 0.5851290225982666 0.05205798149108887 0.10991394519805908
0 0.4104120135307312 0.5915949940681458 0.04358398914337158 0.10129296779632568
0 0.3613799810409546 0.48383599519729614 0.054479002952575684 0.11422398686408997
0 0.4098060131072998 0.4956899881362915 0.042372941970825195 0.09482800960540771
0 0.4085959792137146 0.40409499406814575 0.04479396343231201 0.10991400480270386
0 0.360168993473053 0.38685300946235657 0.04963696002960205 0.11422401666641235
0 0.3087170124053955 0.28125 0.0460050106048584 0.10129298269748688
0 0.360168993473053 0.2941809892654419 0.04963696002960205 0.10129298269748688
0 0.4092010259628296 0.3178879916667938 0.04358398914337158 0.09698301553726196
0 0.45883798599243164 0.8081899881362915 0.05084705352783203 0.125
0 0.45883798599243164 0.6993529796600342 0.053269028663635254 0.10129296779632568
0 0.45883798599243164 0.6109910011291504 0.048426032066345215 0.10129296779632568
0 0.4570220112800598 0.5183190107345581 0.05205798149108887 0.10129296779632568
0 0.45762699842453003 0.4245690107345581 0.048426032066345215 0.10344803333282471
0 0.4570220112800598 0.33189699053764343 0.04721498489379883 0.09913802146911621
0 0.5084750056266785 0.8178880214691162 0.0460050106048584 0.13146603107452393
0 0.5538740158081055 0.8308190107345581 0.04479402303695679 0.11853396892547607
0 0.5962469577789307 0.8362069725990295 0.04721498489379883 0.1120690107345581
0 0.6410410404205322 0.840516984462738 0.04479402303695679 0.1120690107345581
0 0.6834139823913574 0.8523709774017334 0.04237300157546997 0.10560297966003418
0 0.7245759963989258 0.8609910011291504 0.03995203971862793 0.11422395706176758
0 0.7209439873695374 0.7650859951972961 0.03510892391204834 0.08620703220367432
0 0.6797820329666138 0.7553880214691162 0.04479402303695679 0.10560297966003418
0 0.6386200189590454 0.7435340285301208 0.04237300157546997 0.09482800960540771
0 0.5956420302391052 0.7349140048027039 0.04358398914337158 0.09913802146911621
0 0.5514529943466187 0.7230600118637085 0.04721498489379883 0.09698295593261719
0 0.5054479837417603 0.7112069725990295 0.04721498489379883 0.09913802146911621
0 0.5072639584541321 0.6239219903945923 0.04358398914337158 0.10129296779632568
0 0.5520579814910889 0.6379309892654419 0.04116201400756836 0.09482800960540771
0 0.5950360298156738 0.6465520262718201 0.04721498489379883 0.09913802146911621
0 0.6368040442466736 0.6584050059318542 0.03874099254608154 0.08836197853088379
0 0.6809929609298706 0.6713359951972961 0.04721498489379883 0.09698295593261719
0 0.7179180383682251 0.6864219903945923 0.04116201400756836 0.09267199039459229
0 0.7154960036277771 0.5959050059318542 0.03631997108459473 0.08836197853088379
0 0.6761499643325806 0.5862069725990295 0.04479402303695679 0.09482800960540771
0 0.6355929970741272 0.5711209774017334 0.0460050106048584 0.09482800960540771
0 0.5920100212097168 0.5625 0.04116201400756836 0.09913802146911621
0 0.5478209853172302 0.5463359951972961 0.04721498489379883 0.10560297966003418
0 0.5030269622802734 0.528016984462738 0.04479402303695679 0.09913802146911621
0 0.5042369961738586 0.44396600127220154 0.04721498489379883 0.09913802146911621
0 0.5478209853172302 0.45258599519729614 0.04479396343231201 0.09051698446273804
0 0.5920100212097168 0.47090500593185425 0.04116201400756836 0.08836197853088379
0 0.634382963180542 0.4913789629936218 0.04116201400756836 0.09482797980308533
0 0.6755450367927551 0.5021550059318542 0.04358398914337158 0.09482800960540771
0 0.7118639945983887 0.5129309892654419 0.03874099254608154 0.09051701426506042
0 0.7130750417709351 0.43103399872779846 0.04116201400756836 0.09051698446273804
0 0.6719130277633667 0.4202589988708496 0.04116201400756836 0.08620703220367432
0 0.6319609880447388 0.4094829857349396 0.03874099254608154 0.09913802146911621
0 0.587772011756897 0.3879309892654419 0.04479408264160156 0.09913802146911621
0 0.5478209853172302 0.36853399872779846 0.03995192050933838 0.08620697259902954
0 0.5024210214614868 0.3469829857349396 0.0460050106048584 0.09913802146911621
