0 0.3540859818458557 0.27031299471855164 0.08949398994445801 0.20625001192092896
0 0.2801560163497925 0.28281301259994507 0.06225705146789551 0.19687499105930328
0 0.1303499937057495 0.32968801259994507 0.05058395862579346 0.08437502384185791
0 0.2315179705619812 0.5382810235023499 0.14396893978118896 0.18281197547912598
0 0.34144002199172974 0.5398439764976501 0.08365797996520996 0.1890619993209839
0 0.535019040107727 0.5351560115814209 0.10116702318191528 0.14531302452087402
0 0.745136022567749 0.5265629887580872 0.04280203580856323 0.10000002384185791
0 0.594357967376709 0.296875 0.11478596925735474 0.140625
0 0.49416297674179077 0.33281299471855164 0.08171200752258301 0.12187498807907104
0 0.952335000038147 0.39765599370002747 0.021401047706604004 0.06718701124191284
0 0.9202330112457275 0.38906198740005493 0.027236998081207275 0.078125
0 0.8852139711380005 0.37421900033950806 0.031127989292144775 0.09531199932098389
0 0.8404669761657715 0.35781198740005493 0.05058401823043823 0.11562502384185791
0 0.782101035118103 0.32890599966049194 0.06614798307418823 0.12343800067901611
0 0.7042800188064575 0.299219012260437 0.09338498115539551 0.13593699038028717
0 0.7675099968910217 0.638280987739563 0.10311305522918701 0.19843697547912598
0 0.6371600031852722 0.6734380125999451 0.1459139585494995 0.25
0 0.40758800506591797 0.7296879887580872 0.297664999961853 0.359375
0 0.126459002494812 0.7796869874000549 0.252918004989624 0.44062507152557373
