0 0.8887476921081543 0.28950363397598267 0.1425757259130478 0.17948071658611298
0 0.7709582448005676 0.258050799369812 0.13111558556556702 0.17944326996803284
0 0.6614711880683899 0.2347952127456665 0.1294773370027542 0.17514003813266754
0 0.5492123961448669 0.20950378477573395 0.136658176779747 0.1781107485294342
0 0.4393864572048187 0.18268287181854248 0.12573553621768951 0.1781977415084839
0 0.33000507950782776 0.1566634476184845 0.13576970994472504 0.17921243607997894
0 0.21926675736904144 0.132420614361763 0.1273256242275238 0.17464189231395721
0 0.8686318397521973 0.4284900724887848 0.13225683569908142 0.16139766573905945
0 0.7562564611434937 0.4000330865383148 0.1312987059354782 0.1657530814409256
0 0.6426406502723694 0.37651923298835754 0.13473868370056152 0.17178085446357727
0 0.5296918153762817 0.3542056381702423 0.12940432131290436 0.16335298120975494
0 0.4195845425128937 0.3294123411178589 0.12905342876911163 0.1645800620317459
0 0.30903369188308716 0.3038187325000763 0.13066762685775757 0.16495375335216522
0 0.19920764863491058 0.2769988179206848 0.12760265171527863 0.16162849962711334
0 0.8493226170539856 0.5676632523536682 0.13225683569908142 0.16139766573905945
0 0.7367128729820251 0.5408954620361328 0.12867847084999084 0.1618775576353073
0 0.6239166259765625 0.5154796242713928 0.13478337228298187 0.16459830105304718
0 0.5132721066474915 0.49056097865104675 0.12437524646520615 0.16088132560253143
0 0.403352290391922 0.46441683173179626 0.13118095695972443 0.16114859282970428
0 0.2909998297691345 0.43980032205581665 0.12811598181724548 0.1578233540058136
0 0.1836174577474594 0.41738128662109375 0.12339206039905548 0.16130688786506653
0 0.8229387998580933 0.7498244643211365 0.1439778208732605 0.2608879506587982
0 0.7110297679901123 0.72600919008255 0.14395283162593842 0.25695911049842834
0 0.5987710952758789 0.7007167339324951 0.14505364000797272 0.2611370384693146
0 0.4860096275806427 0.6770524382591248 0.14439757168293 0.2564079165458679
0 0.37473294138908386 0.6526849865913391 0.14208237826824188 0.25848767161369324
0 0.26597079634666443 0.6282030344009399 0.13974332809448242 0.2566387355327606
0 0.16008612513542175 0.6029921770095825 0.13632738590240479 0.2545395791530609
0 0.044715527445077896 0.5402469038963318 0.08943105489015579 0.17549176514148712
