0 0.30721786618232727 0.14705951511859894 0.10969900339841843 0.1674768626689911
0 0.42272892594337463 0.18531450629234314 0.13392561674118042 0.1761414110660553
0 0.5388317108154297 0.22085486352443695 0.11440844088792801 0.14759817719459534
0 0.6368929743766785 0.24693869054317474 0.09250311553478241 0.14806018769741058
0 0.7037802338600159 0.2664797306060791 0.055490609258413315 0.12914718687534332
0 0.30132609605789185 0.29553744196891785 0.10540539771318436 0.16284923255443573
0 0.4773087501525879 0.3386605381965637 0.0999758318066597 0.15456794202327728
0 0.5791299939155579 0.36073192954063416 0.11231982707977295 0.1475556343793869
0 0.6721678376197815 0.37898799777030945 0.08166529983282089 0.13240468502044678
0 0.30108436942100525 0.4477667808532715 0.11686929315328598 0.1621752828359604
0 0.41866230964660645 0.466523140668869 0.1166832223534584 0.15490849316120148
0 0.5306008458137512 0.4810754060745239 0.11533599346876144 0.1430779993534088
0 0.7486659288406372 0.5127872228622437 0.04268047213554382 0.11799056828022003
0 0.32549813389778137 0.595954954624176 0.15824240446090698 0.1475842446088791
0 0.5329362750053406 0.6142712831497192 0.1098124086856842 0.13116230070590973
0 0.6569188237190247 0.6277047395706177 0.13482706248760223 0.12985605001449585
0 0.4410374164581299 0.7555432915687561 0.17056116461753845 0.09880771487951279
5 0.6017490029335022 0.8238031268119812 0.25702136754989624 0.0923997163772583
5 0.0454736165702343 0.7821705937385559 0.0909472331404686 0.09142719954252243
0 0.71011883020401 0.7737530469894409 0.05351540073752403 0.09278999269008636
