0 0.2540000081062317 0.17933300137519836 0.15999998152256012 0.08399999141693115
0 0.5130000114440918 0.17933300137519836 0.09399998188018799 0.07333299517631531
0 0.7680000066757202 0.18333299458026886 0.156000018119812 0.07600000500679016
0 0.7739999890327454 0.34599998593330383 0.18799996376037598 0.12400001287460327
0 0.5130000114440918 0.34599998593330383 0.10599997639656067 0.12666696310043335
0 0.25600001215934753 0.3413330018520355 0.18400001525878906 0.12000000476837158
1 0.5080000162124634 0.6246669888496399 0.10000002384185791 0.15333294868469238
4 0.421999990940094 0.40000003576278687 0.08399999141693115 0.6186670064926147
4 0.6039999723434448 0.40333300828933716 0.08000004291534424 0.6146670579910278
4 0.9549999833106995 0.414000004529953 0.09000003337860107 0.5879999995231628
4 0.06499999761581421 0.413332998752594 0.12599998712539673 0.5946670770645142
