0 0.7992933988571167 0.25024449825286865 0.1260080337524414 0.15931381285190582
0 0.6805005073547363 0.2513824701309204 0.11421278119087219 0.1615362912416458
0 0.5710434317588806 0.25829729437828064 0.11302448809146881 0.15736527740955353
0 0.4585823714733124 0.26396989822387695 0.12007389962673187 0.15905079245567322
0 0.34822413325309753 0.26748475432395935 0.10881765931844711 0.16129717230796814
0 0.238424152135849 0.271664023399353 0.11903149634599686 0.16037674248218536
0 0.12759999930858612 0.27795130014419556 0.11086675524711609 0.1572696417570114
0 0.8022441267967224 0.3918227553367615 0.11747820675373077 0.14246419072151184
0 0.689160943031311 0.3944266140460968 0.11598717421293259 0.14720207452774048
0 0.5756757855415344 0.4022081792354584 0.11883080005645752 0.15281863510608673
0 0.46302783489227295 0.4109843969345093 0.11431470513343811 0.14506924152374268
0 0.3527243435382843 0.4165613651275635 0.11381126940250397 0.14642006158828735
0 0.24186377227306366 0.4214748442173004 0.11542999744415283 0.14649179577827454
0 0.1315055787563324 0.4249906837940216 0.11265943199396133 0.1436237394809723
0 0.8060036897659302 0.5333651304244995 0.11747820675373077 0.14246419072151184
0 0.6929661631584167 0.5376869440078735 0.11373826861381531 0.14367155730724335
0 0.579966127872467 0.5433834791183472 0.1197088211774826 0.14530834555625916
0 0.4691237509250641 0.5489833950996399 0.10942298918962479 0.1434803009033203
0 0.3587837815284729 0.5531865358352661 0.11639931052923203 0.14241637289524078
0 0.24634097516536713 0.5595455169677734 0.11362875252962112 0.13954833149909973
0 0.1390506625175476 0.5667089223861694 0.1083613783121109 0.1441187858581543
0 0.8098524212837219 0.7189284563064575 0.11802159249782562 0.24405911564826965
0 0.6979667544364929 0.7259519100189209 0.11845098435878754 0.23996074497699738
0 0.5855056047439575 0.7316235303878784 0.119100421667099 0.2441069334745407
0 0.4728211760520935 0.7390260100364685 0.11897273361682892 0.2392973005771637
0 0.36145713925361633 0.745337188243866 0.11634805798530579 0.24192629754543304
0 0.25250253081321716 0.7508543729782104 0.1141538992524147 0.24045684933662415
0 0.14620891213417053 0.7548772692680359 0.11087993532419205 0.2389386147260666
0 0.03055356815457344 0.7269004583358765 0.06110713630914688 0.16244976222515106
