0 0.9298818707466125 0.6029188632965088 0.14023621380329132 0.3861175775527954
0 0.9688700437545776 0.30568549036979675 0.06225989758968353 0.3335924446582794
0 0.8837735652923584 0.8894498944282532 0.1949152797460556 0.22110015153884888
0 0.7550507187843323 0.8743884563446045 0.19042155146598816 0.2512231171131134
0 0.6614966988563538 0.8546637892723083 0.1373646855354309 0.26455602049827576
0 0.5919427275657654 0.8274167776107788 0.12683291733264923 0.23561431467533112
0 0.6401281952857971 0.6067962646484375 0.1225520446896553 0.2382057011127472
0 0.7260048389434814 0.6056298017501831 0.14448663592338562 0.284274697303772
0 0.832947850227356 0.5993671417236328 0.20095300674438477 0.34694284200668335
0 0.8971340656280518 0.3093140721321106 0.2057318389415741 0.39406639337539673
0 0.7775279879570007 0.3622607886791229 0.15483973920345306 0.3227907121181488
