0 0.7875857949256897 0.49027374386787415 0.08100927621126175 0.055164895951747894
0 0.788366973400116 0.5527164340019226 0.07946725189685822 0.07610665261745453
0 0.7860092520713806 0.6283537745475769 0.07758891582489014 0.07882944494485855
0 0.7107522487640381 0.6266428828239441 0.07560842484235764 0.07594702392816544
0 0.7120934128761292 0.5537691712379456 0.07560842484235764 0.07594702392816544
0 0.7134088277816772 0.48229584097862244 0.07555682957172394 0.07314339280128479
0 0.6397266983985901 0.4736382067203522 0.07469607889652252 0.07870971411466599
0 0.5756117105484009 0.4695834815502167 0.05454426631331444 0.08347702771425247
0 0.5288846492767334 0.4648447036743164 0.042057476937770844 0.08576186746358871
0 0.6383209824562073 0.5500161051750183 0.07274138182401657 0.07722866535186768
0 0.5747008919715881 0.5452806949615479 0.057386524975299835 0.0807940810918808
0 0.5235695838928223 0.5438665747642517 0.04959257319569588 0.07627101987600327
0 0.6379566788673401 0.6222290396690369 0.07464450597763062 0.0759071409702301
0 0.5733210444450378 0.6202563047409058 0.057257577776908875 0.0737876147031784
0 0.5187880992889404 0.6201047897338867 0.054441049695014954 0.07787184417247772
0 0.17273347079753876 0.4634356200695038 0.08009593188762665 0.057927608489990234
0 0.169136181473732 0.5278007984161377 0.08340249955654144 0.08047008514404297
0 0.167769193649292 0.6020767092704773 0.08152516931295395 0.08319291472434998
0 0.24818745255470276 0.533175528049469 0.07758891582489014 0.0788293331861496
0 0.25040337443351746 0.46524542570114136 0.07537630200386047 0.06333427131175995
0 0.32434338331222534 0.4598899781703949 0.07670236378908157 0.08299346268177032
0 0.38995590806007385 0.4612009525299072 0.05736073479056358 0.07939279079437256
0 0.44068264961242676 0.4583911597728729 0.04693080112338066 0.0887639969587326
0 0.3243836462497711 0.5363276600837708 0.06982169300317764 0.07570762932300568
0 0.3875466287136078 0.5396418571472168 0.05923806503415108 0.07667004317045212
0 0.44157278537750244 0.5411756634712219 0.05149569362401962 0.07494950294494629
0 0.4392150640487671 0.6168130040168762 0.05352776125073433 0.08063444495201111
