0 0.9244935512542725 0.4128127098083496 0.14300835132598877 0.19192740321159363
0 0.9033454060554504 0.5479089021682739 0.1303868144750595 0.13394437730312347
0 0.8861679434776306 0.6602152585983276 0.13506628572940826 0.14561623334884644
0 0.7924892902374268 0.35742634534835815 0.15907099843025208 0.20835119485855103
0 0.6628794074058533 0.3319476544857025 0.1479906141757965 0.20578689873218536
0 0.5397185683250427 0.3011872470378876 0.14738504588603973 0.20141157507896423
0 0.41704708337783813 0.27279776334762573 0.145801842212677 0.2010451704263687
0 0.2951657474040985 0.24459119141101837 0.145801842212677 0.2010451704263687
0 0.16601112484931946 0.2158297300338745 0.15974470973014832 0.20215333998203278
0 0.7682650685310364 0.5324528217315674 0.16163089871406555 0.20470844209194183
0 0.6405069828033447 0.4995000958442688 0.15243642032146454 0.20469816029071808
0 0.5159485936164856 0.47293171286582947 0.1502475142478943 0.19995544850826263
0 0.3926364481449127 0.4432646632194519 0.14421966671943665 0.2006790190935135
0 0.27184996008872986 0.4130537211894989 0.14519615471363068 0.19666889309883118
0 0.14412708580493927 0.38575297594070435 0.15567098557949066 0.1948578655719757
0 0.18816496431827545 0.5573848485946655 0.13236811757087708 0.17040474712848663
0 0.6842079758644104 0.6676669716835022 0.1412598043680191 0.16822734475135803
0 0.4315415918827057 0.6283854842185974 0.13355225324630737 0.13467691838741302
1 0.5550051331520081 0.656958281993866 0.08546074479818344 0.11931208521127701
1 0.3082294762134552 0.5987184047698975 0.09148966521024704 0.11858980357646942
1 0.0984649807214737 0.5445284247398376 0.07144857197999954 0.12877576053142548
1 0.7729174494743347 0.6994853019714355 0.07673446834087372 0.14482316374778748
