0 0.9249999523162842 0.28311800956726074 0.14843803644180298 0.0879250168800354
0 0.7601560354232788 0.28077399730682373 0.18437498807907104 0.10433799028396606
0 0.5777339935302734 0.2825320065021515 0.18046903610229492 0.10785500705242157
0 0.3996090292930603 0.2860490083694458 0.1757810115814209 0.10082101821899414
0 0.22187501192092896 0.28898000717163086 0.1796879768371582 0.10668200254440308
0 0.06601601839065552 0.2983590066432953 0.13203096389770508 0.0879250168800354
0 0.9246090054512024 0.3839389979839325 0.1460939645767212 0.11606103181838989
0 0.7601560354232788 0.3874559998512268 0.18281203508377075 0.10902702808380127
0 0.5789059996604919 0.385111004114151 0.1796879768371582 0.10433799028396606
0 0.40039098262786865 0.3886280059814453 0.1773439645767212 0.09730398654937744
0 0.21953099966049194 0.3898009955883026 0.18437504768371582 0.09964799880981445
0 0.0636720061302185 0.3886280059814453 0.127344012260437 0.10199302434921265
0 0.9257810115814209 0.4912079870700836 0.14374995231628418 0.11723297834396362
0 0.7628909945487976 0.49355199933052063 0.1820310354232788 0.1125440001487732
0 0.578125 0.49355199933052063 0.1875 0.1125440001487732
0 0.3968750238418579 0.49472498893737793 0.17499995231628418 0.110198974609375
0 0.21875 0.49179399013519287 0.1812499761581421 0.10433802008628845
0 0.06406301259994507 0.49062100052833557 0.12812495231628418 0.10668200254440308
0 0.924219012260437 0.5937870144844055 0.15000003576278687 0.09964799880981445
0 0.7621090412139893 0.601406991481781 0.18828099966049194 0.110198974609375
0 0.5761719942092896 0.601406991481781 0.1835939884185791 0.110198974609375
0 0.39492201805114746 0.601406991481781 0.17890596389770508 0.110198974609375
0 0.21679699420928955 0.603751003742218 0.1773439645767212 0.10550999641418457
0 0.06406301259994507 0.6072679758071899 0.12812495231628418 0.11254405975341797
0 0.9257810115814209 0.7086750268936157 0.14687496423721313 0.12309503555297852
0 0.7605470418930054 0.7121919989585876 0.18359404802322388 0.11606097221374512
0 0.5773440003395081 0.7075030207633972 0.18281197547912598 0.1066819429397583
0 0.39531201124191284 0.7116060256958008 0.1812499761581421 0.09847605228424072
0 0.2148439884185791 0.7127779722213745 0.1796879768371582 0.10082101821899414
0 0.0625 0.7104340195655823 0.125 0.10550999641418457
0 0.9273439645767212 0.8135989904403687 0.14375001192092896 0.10785496234893799
0 0.763280987739563 0.8141850233078003 0.18437504768371582 0.10668206214904785
0 0.578125 0.8118410110473633 0.18437504768371582 0.10199296474456787
0 0.39531201124191284 0.8141850233078003 0.1812499761581421 0.09730398654937744
0 0.21445298194885254 0.8206329941749573 0.18046903610229492 0.110198974609375
0 0.06210923194885254 0.8200470209121704 0.12421846389770508 0.11137199401855469
