0 0.15094433724880219 0.3338157534599304 0.08836568892002106 0.24400775134563446
0 0.23543334007263184 0.3002122938632965 0.08657177537679672 0.24509674310684204
0 0.4090270400047302 0.27368271350860596 0.08392337709665298 0.20937415957450867
0 0.4906158447265625 0.24720610678195953 0.08357544243335724 0.19647091627120972
0 0.5698528289794922 0.21278192102909088 0.0859442949295044 0.20108692348003387
0 0.19024230539798737 0.7186667919158936 0.08435933291912079 0.2514829933643341
0 0.2794869840145111 0.6860852837562561 0.08413249999284744 0.2586822509765625
1 0.41411516070365906 0.6883795857429504 0.09444467723369598 0.2665506899356842
0 0.7045241594314575 0.17447082698345184 0.04446997866034508 0.07289940863847733
0 0.7584436535835266 0.15041296184062958 0.05539117753505707 0.07737111300230026
