0 0.8667023777961731 0.36512988805770874 0.2665953040122986 0.3911868929862976
0 0.582268476486206 0.34309104084968567 0.32680022716522217 0.3897949457168579
0 0.2649952173233032 0.32378771901130676 0.3260071277618408 0.39709410071372986
0 0.8728790283203125 0.11908337473869324 0.254241943359375 0.13177548348903656
0 0.5890752077102661 0.10066016763448715 0.32021278142929077 0.13788922131061554
0 0.2738754451274872 0.08002007752656937 0.31721168756484985 0.1391560584306717
0 0.8610779047012329 0.7371971011161804 0.2778441905975342 0.39266031980514526
0 0.5694088935852051 0.7187395691871643 0.324021577835083 0.39842984080314636
0 0.254253625869751 0.6966260671615601 0.3291414678096771 0.4002474844455719
0 0.050554532557725906 0.6797999143600464 0.10110906511545181 0.3849083185195923
0 0.8570552468299866 0.9569392800331116 0.2723334729671478 0.08612149208784103
0 0.5627092123031616 0.9453248381614685 0.32516202330589294 0.10935035347938538
0 0.24592100083827972 0.937566339969635 0.3229541778564453 0.12486737221479416
0 0.04636365547776222 0.9330224394798279 0.09272731095552444 0.13395510613918304
