0 0.8989260196685791 0.48567700386047363 0.12988299131393433 0.17447900772094727
0 0.7661130428314209 0.48632800579071045 0.12988299131393433 0.18098998069763184
0 0.6357420086860657 0.48242199420928955 0.12304699420928955 0.18098998069763184
0 0.5009769797325134 0.48567700386047363 0.11914098262786865 0.17708301544189453
0 0.375 0.48697900772094727 0.1171879768371582 0.17708301544189453
0 0.2695310115814209 0.4850260019302368 0.0585939884185791 0.1835939884185791
0 0.18994098901748657 0.48307299613952637 0.0322270393371582 0.16927099227905273
2 0.041992008686065674 0.5104169845581055 0.02929699420928955 0.05208301544189453
2 0.47509801387786865 0.5351560115814209 0.0458979606628418 0.06510400772094727
2 0.5209959745407104 0.5162760019302368 0.022460997104644775 0.055989980697631836
