0 0.9296879768371582 0.13689599931240082 0.10742199420928955 0.247437983751297
0 0.8232420086860657 0.14421698451042175 0.109375 0.2445099800825119
0 0.7114260196685791 0.14641299843788147 0.11425799131393433 0.24890200793743134
0 0.6025390028953552 0.1537339985370636 0.10351598262786865 0.23426099121570587
0 0.4956049919128418 0.1566620022058487 0.1103520393371582 0.24011698365211487
0 0.38427698612213135 0.16617900133132935 0.11230504512786865 0.22108298540115356
0 0.2744140028953552 0.17203499376773834 0.10742199420928955 0.23279598355293274
0 0.16699200868606567 0.18008799850940704 0.10742199420928955 0.21669098734855652
0 0.05664098262786865 0.1837480068206787 0.1132810115814209 0.22401201725006104
0 0.9326170086860657 0.45168399810791016 0.109375 0.3762810230255127
0 0.8227540254592896 0.45754003524780273 0.11035197973251343 0.3645680248737335
0 0.7119140028953552 0.4590040445327759 0.11132800579071045 0.3674960434436798
0 0.6020510196685791 0.461201012134552 0.10839802026748657 0.363103985786438
0 0.4916989505290985 0.4641290009021759 0.11230498552322388 0.3689599633216858
0 0.3833010196685791 0.4677889943122864 0.1044919490814209 0.36163997650146484
0 0.27587902545928955 0.4699850082397461 0.1103520393371582 0.3660320043563843
0 0.1674799919128418 0.47364598512649536 0.10644495487213135 0.35871195793151855
0 0.06054699420928955 0.4780380129814148 0.10742199420928955 0.3674960136413574
