0 0.15881973505020142 0.07910773903131485 0.21187348663806915 0.1582154780626297
0 0.36231568455696106 0.08332986384630203 0.21769742667675018 0.16665972769260406
0 0.5673685669898987 0.08485785126686096 0.22546273469924927 0.16971570253372192
0 0.7751136422157288 0.08981529623270035 0.2275506556034088 0.1796305924654007
0 0.9361075758934021 0.09713064134120941 0.12778489291667938 0.18324331939220428
0 0.11508814990520477 0.4016076326370239 0.19205647706985474 0.1838226169347763
0 0.31671616435050964 0.40980300307273865 0.24872256815433502 0.18924258649349213
0 0.533563494682312 0.42285850644111633 0.22396111488342285 0.19079682230949402
0 0.7402645945549011 0.43267422914505005 0.22813692688941956 0.19099512696266174
0 0.9175658822059631 0.44160541892051697 0.1648682802915573 0.18902872502803802
0 0.08165016025304794 0.752644419670105 0.1633003205060959 0.18587158620357513
0 0.2677828073501587 0.759757936000824 0.2470744103193283 0.19325891137123108
0 0.48984989523887634 0.7730612754821777 0.2372213900089264 0.1982511430978775
0 0.7028879523277283 0.782488226890564 0.22901637852191925 0.1992260217666626
0 0.8982911705970764 0.7949488162994385 0.2034176141023636 0.20431631803512573
