0 0.2617189884185791 0.19033700227737427 0.03320300579071045 0.187407985329628
0 0.25927698612213135 0.3521229922771454 0.03418004512786865 0.13909202814102173
0 0.22412097454071045 0.17496299743652344 0.03808605670928955 0.15080499649047852
0 0.22509801387786865 0.35871198773384094 0.03808605670928955 0.21376299858093262
0 0.18945300579071045 0.19985398650169373 0.03125 0.18301598727703094
0 0.18652302026748657 0.38360199332237244 0.0351560115814209 0.17569500207901
0 0.5961909890174866 0.12445099651813507 0.09472692012786865 0.24597400426864624
0 0.8066409826278687 0.11859400570392609 0.11132800579071045 0.23426100611686707
0 0.9560549855232239 0.11200600117444992 0.0859379768371582 0.22108300030231476
0 0.804688036441803 0.38506603240966797 0.11132800579071045 0.3103950321674347
0 0.5961909890174866 0.39970698952674866 0.08691394329071045 0.3016110062599182
0 0.9560549855232239 0.37847700715065 0.0859379768371582 0.3323569893836975
