0 0.19905684888362885 0.7823796272277832 0.09500211477279663 0.35372039675712585
0 0.2824608087539673 0.7557152509689331 0.09622630476951599 0.34866759181022644
0 0.3850489854812622 0.7267753481864929 0.09721794724464417 0.35700544714927673
0 0.46853557229042053 0.7008057236671448 0.09771376848220825 0.36117440462112427
0 0.5964368581771851 0.6679471135139465 0.101105235517025 0.351320743560791
0 0.6804192662239075 0.6461463570594788 0.09971475601196289 0.35498398542404175
0 0.784809947013855 0.6160054206848145 0.10553696751594543 0.3578909635543823
0 0.8735061287879944 0.5929417610168457 0.10570219904184341 0.3592802584171295
0 0.2033349871635437 0.44211429357528687 0.19596251845359802 0.2664417028427124
0 0.1820342242717743 0.23847565054893494 0.19633068144321442 0.22349126636981964
0 0.3594253659248352 0.1923467367887497 0.20043179392814636 0.227281853556633
0 0.3879871070384979 0.39977404475212097 0.21081307530403137 0.28387650847435
0 0.5717799663543701 0.13756012916564941 0.20658333599567413 0.23296628892421722
0 0.7576315999031067 0.09909339994192123 0.20309486985206604 0.19818679988384247
0 0.5955207943916321 0.3412623107433319 0.2104339897632599 0.27301186323165894
0 0.7840592265129089 0.2907108962535858 0.21331091225147247 0.2818552255630493
1 0.24139519035816193 0.7703109383583069 0.21890515089035034 0.42864570021629333
1 0.42938095331192017 0.7191908955574036 0.21058523654937744 0.42775997519493103
1 0.6403793692588806 0.6611838340759277 0.22034305334091187 0.4330671727657318
1 0.8306957483291626 0.6051369905471802 0.2324325144290924 0.4349626898765564
