0 0.7301385998725891 0.06080305576324463 0.3396996259689331 0.12160611152648926
0 0.4263944923877716 0.0822889506816864 0.36416319012641907 0.1645779013633728
0 0.14149697124958038 0.11524047702550888 0.28299394249916077 0.19000869989395142
0 0.7767736911773682 0.17465507984161377 0.34280431270599365 0.18582020699977875
0 0.4716174006462097 0.21692241728305817 0.37208107113838196 0.19424378871917725
0 0.16797684133052826 0.2637735605239868 0.3359536826610565 0.1848585456609726
0 0.006170461419969797 0.2900766134262085 0.012340922839939594 0.15314555168151855
0 0.8214021325111389 0.3261663317680359 0.35430026054382324 0.19019851088523865
0 0.5199446678161621 0.3660673499107361 0.3717993497848511 0.1878688633441925
0 0.20349149405956268 0.4072941541671753 0.35748037695884705 0.1860034167766571
0 0.03597112372517586 0.43196719884872437 0.07194224745035172 0.15476229786872864
0 0.8452848792076111 0.47416868805885315 0.3094302713871002 0.18876506388187408
0 0.5652468800544739 0.5105818510055542 0.373749315738678 0.19100353121757507
0 0.24911250174045563 0.5542793869972229 0.3568829298019409 0.1841968148946762
0 0.05893108621239662 0.579669713973999 0.11786217242479324 0.1543891876935959
0 0.8689216375350952 0.6184977293014526 0.2621566951274872 0.1799827516078949
0 0.6151230335235596 0.6538727283477783 0.3695737421512604 0.1921883076429367
0 0.29727891087532043 0.6984207630157471 0.3618549704551697 0.1854204684495926
0 0.09361029416322708 0.7284092903137207 0.1289709359407425 0.15796244144439697
0 0.8990209698677063 0.7636995315551758 0.20195801556110382 0.18137633800506592
0 0.6627151966094971 0.8053117394447327 0.37474483251571655 0.19401384890079498
0 0.3435972332954407 0.8475146293640137 0.3638463616371155 0.19144214689731598
0 0.1438845545053482 0.8729038834571838 0.13434109091758728 0.16038991510868073
0 0.9250030517578125 0.8759821653366089 0.1499938666820526 0.12054353952407837
0 0.6978826522827148 0.9206868410110474 0.35244372487068176 0.12657855451107025
0 0.37934187054634094 0.9505577683448792 0.34611886739730835 0.09888443350791931
0 0.1829116940498352 0.9725203514099121 0.11164189875125885 0.0549592562019825
