0 0.14737190306186676 0.03536621853709221 0.14939917623996735 0.07073243707418442
0 0.3068128824234009 0.060329847037792206 0.2046036571264267 0.12065969407558441
0 0.49562376737594604 0.08969762176275253 0.21343469619750977 0.17939524352550507
0 0.5102095603942871 0.01269342377781868 0.20088599622249603 0.02538684755563736
0 0.6984038949012756 0.04055209830403328 0.19774894416332245 0.08110419660806656
0 0.8901075720787048 0.07869964838027954 0.2024640440940857 0.11596481502056122
0 0.993281364440918 0.11586494743824005 0.013437257148325443 0.07010538130998611
0 0.686446487903595 0.12182678282260895 0.21359756588935852 0.21394577622413635
0 0.8781954050064087 0.18093577027320862 0.21194714307785034 0.2122892439365387
0 0.9821433424949646 0.21599110960960388 0.035713352262973785 0.16583827137947083
0 0.12672001123428345 0.12714391946792603 0.15014246106147766 0.19805261492729187
0 0.2853262424468994 0.16800087690353394 0.2078123241662979 0.21333444118499756
0 0.47413724660873413 0.22308140993118286 0.2121816724538803 0.2192816585302353
0 0.6649699211120605 0.27752599120140076 0.2112039029598236 0.2120625376701355
0 0.8567548990249634 0.33351460099220276 0.21408657729625702 0.21755534410476685
0 0.9717133045196533 0.36819422245025635 0.05657342076301575 0.1694478541612625
0 0.10589615255594254 0.27803096175193787 0.14017066359519958 0.1823226660490036
0 0.26244446635246277 0.3226452171802521 0.21236540377140045 0.21010953187942505
0 0.451998770236969 0.3779524564743042 0.206508606672287 0.20370958745479584
0 0.6427046656608582 0.4304795265197754 0.21466688811779022 0.21657918393611908
0 0.8384978175163269 0.4883158802986145 0.21863967180252075 0.21433044970035553
0 0.9634785056114197 0.5248018503189087 0.07304301857948303 0.17628230154514313
0 0.08507147431373596 0.4289167523384094 0.1435423642396927 0.19142602384090424
0 0.24042373895645142 0.47379350662231445 0.20888157188892365 0.2159678190946579
0 0.4310934543609619 0.5294409394264221 0.21417801082134247 0.21296963095664978
0 0.6245741844177246 0.5871992707252502 0.21450383961200714 0.21537531912326813
0 0.8216094970703125 0.6472943425178528 0.2219395935535431 0.21764320135116577
0 0.9475565552711487 0.6863340139389038 0.07232637703418732 0.17085862159729004
0 0.0662955492734909 0.5835610628128052 0.1325910985469818 0.19751141965389252
0 0.21543791890144348 0.6296749114990234 0.20904453098773956 0.21717073023319244
0 0.4091641902923584 0.6856282949447632 0.2201261967420578 0.21478380262851715
0 0.05376232787966728 0.7476045489311218 0.10752465575933456 0.2112692892551422
0 0.19458873569965363 0.789324164390564 0.21929144859313965 0.21914279460906982
0 0.39092588424682617 0.8517124056816101 0.21771244704723358 0.22327478229999542
0 0.9262074828147888 0.8439520001411438 0.07395601272583008 0.18289007246494293
0 0.9048684239387512 0.9552888870239258 0.07393614947795868 0.08942221105098724
0 0.5505409836769104 0.8108124136924744 0.14718970656394958 0.3551795780658722
0 0.6458857655525208 0.8365833163261414 0.1311783343553543 0.3268333673477173
0 0.7434974908828735 0.8500767350196838 0.1500922441482544 0.2998465597629547
0 0.8366477489471436 0.8661335706710815 0.1415872573852539 0.2677328288555145
