0 0.27589237689971924 0.28892236948013306 0.47252970933914185 0.12236544489860535
0 0.7413861155509949 0.30164122581481934 0.461200475692749 0.1288653016090393
0 0.8652083277702332 0.5810943245887756 0.20176613330841064 0.42744213342666626
0 0.11611428111791611 0.5462886095046997 0.1896357536315918 0.42137619853019714
0 0.36031824350357056 0.3665706217288971 0.2968582510948181 0.051123689860105515
0 0.6537497043609619 0.37995898723602295 0.29234686493873596 0.05929550901055336
0 0.3541342318058014 0.43701615929603577 0.26508814096450806 0.07907208800315857
0 0.6463299989700317 0.44335490465164185 0.25950706005096436 0.07048791646957397
1 0.3347092270851135 0.6224184036254883 0.27909550070762634 0.3247576951980591
1 0.6350475549697876 0.6332897543907166 0.29051274061203003 0.31965380907058716
