0 0.8956089019775391 0.22202371060848236 0.13888511061668396 0.17808897793293
0 0.7672505974769592 0.19883108139038086 0.14394181966781616 0.1705026626586914
0 0.6372248530387878 0.17825312912464142 0.13700608909130096 0.16641679406166077
0 0.511566698551178 0.15773634612560272 0.1373516470193863 0.17072825133800507
0 0.38399288058280945 0.13687244057655334 0.14083752036094666 0.16710907220840454
0 0.25737735629081726 0.11618267744779587 0.13543601334095 0.17038212716579437
0 0.1317768692970276 0.09494633227586746 0.13903701305389404 0.16820009052753448
0 0.0400099977850914 0.08201121538877487 0.0677705779671669 0.16240589320659637
0 0.8844882845878601 0.37896299362182617 0.13961301743984222 0.17538687586784363
0 0.7566661834716797 0.35513830184936523 0.14068546891212463 0.17699697613716125
0 0.6272343993186951 0.33320969343185425 0.14045515656471252 0.1741226613521576
0 0.4998343586921692 0.31019023060798645 0.1385394036769867 0.1737765222787857
0 0.3730272352695465 0.2858199179172516 0.13926738500595093 0.17107442021369934
0 0.24706321954727173 0.26305991411209106 0.13639333844184875 0.17055511474609375
0 0.12332082539796829 0.24288830161094666 0.1348232924938202 0.17452143132686615
0 0.03359999507665634 0.2321954071521759 0.06719999015331268 0.1515989452600479
0 0.8719128370285034 0.5298065543174744 0.13819383084774017 0.16946405172348022
0 0.7434393167495728 0.5080510973930359 0.14179477095603943 0.16728205978870392
0 0.6149647831916809 0.4862954914569855 0.13819383084774017 0.16946405172348022
0 0.48911595344543457 0.4620983302593231 0.1374669075012207 0.1721663922071457
0 0.3609304428100586 0.43674999475479126 0.1428682655096054 0.16889233887195587
0 0.23299315571784973 0.4143624007701874 0.13604778051376343 0.16624364256858826
0 0.10817819833755493 0.3954549729824066 0.1366237848997116 0.17343036830425262
0 0.026039142161607742 0.3783803880214691 0.052078284323215485 0.16257888078689575
0 0.8598160147666931 0.6807366013526917 0.1420252025127411 0.170156329870224
0 0.7320516109466553 0.6561923623085022 0.1374669075012207 0.1721663922071457
0 0.6042295694351196 0.6323676705360413 0.14214038848876953 0.1715935319662094
0 0.47533395886421204 0.6098069548606873 0.1391521394252777 0.16963720321655273
0 0.3455386161804199 0.586354672908783 0.14394181966781616 0.1705026477575302
0 0.21926872432231903 0.5613524317741394 0.1327924132347107 0.17273814976215363
0 0.09642695635557175 0.5420735478401184 0.1390002965927124 0.1795261651277542
0 0.019453998655080795 0.5288776159286499 0.03890799731016159 0.1602238565683365
0 0.846703290939331 0.8322121500968933 0.14283160865306854 0.1802184283733368
0 0.7182874083518982 0.809738039970398 0.13888511061668396 0.1780889630317688
0 0.5914812088012695 0.7853679656982422 0.13961289823055267 0.17538678646087646
0 0.4645588994026184 0.7624347805976868 0.1386546492576599 0.17521364986896515
0 0.3362582325935364 0.7385225892066956 0.14237083494663239 0.17446884512901306
0 0.2089148312807083 0.7147843837738037 0.13673897087574005 0.17486751079559326
0 0.08492408692836761 0.6916519403457642 0.13566647469997406 0.17325745522975922
0 0.014594088308513165 0.6752094626426697 0.02918817661702633 0.1614878922700882
0 0.8360435366630554 0.9496508836746216 0.13903701305389404 0.10069826990365982
0 0.7072065472602844 0.9378815293312073 0.14190995693206787 0.12423692643642426
0 0.5779474377632141 0.9262852072715759 0.13987915217876434 0.14742964506149292
0 0.4510827958583832 0.9123856425285339 0.1373516470193863 0.17072826623916626
0 0.3237393796443939 0.8886473774909973 0.14106787741184235 0.16998335719108582
0 0.19501753151416779 0.8639311790466309 0.14033997058868408 0.17268551886081696
0 0.07269427925348282 0.8381830453872681 0.12826977670192719 0.16342096030712128
0 0.010097661055624485 0.820822536945343 0.02019532211124897 0.15591146051883698
