0 0.18321359157562256 0.09508904814720154 0.2216346710920334 0.19017809629440308
0 0.14605072140693665 0.291534960269928 0.2185382843017578 0.2699465751647949
0 0.4408324360847473 0.17065806686878204 0.23769110441207886 0.27260830998420715
0 0.4017415940761566 0.40835046768188477 0.23937590420246124 0.277493953704834
0 0.6934224963188171 0.27816784381866455 0.23314227163791656 0.2720452845096588
0 0.7998632788658142 0.5694869756698608 0.06551918387413025 0.22792547941207886
0 0.8378413319587708 0.5785922408103943 0.07539378851652145 0.2613023519515991
0 0.879398763179779 0.5972095131874084 0.08236317336559296 0.2767796218395233
0 0.916771650314331 0.6100433468818665 0.07188427448272705 0.30559241771698
0 0.6550429463386536 0.5209503173828125 0.23052041232585907 0.2778601348400116
