0 0.41527116298675537 0.5609017610549927 0.2131565809249878 0.3586898744106293
0 0.6081634759902954 0.5856552720069885 0.20988254249095917 0.3583430051803589
0 0.8006044626235962 0.6049638986587524 0.22149024903774261 0.36170071363449097
0 0.9511140584945679 0.517080545425415 0.09777189791202545 0.1439569741487503
0 0.6967123746871948 0.304727703332901 0.08373351395130157 0.08332559466362
0 0.9400053024291992 0.7362891435623169 0.08463109284639359 0.26211026310920715
1 0.9401440024375916 0.7312788963317871 0.11971205472946167 0.3069867491722107
0 0.39765292406082153 0.7694818377494812 0.2019040733575821 0.10010018199682236
0 0.5932942628860474 0.7902095317840576 0.1931300312280655 0.0906611829996109
0 0.787004828453064 0.8150497674942017 0.19833576679229736 0.09546742588281631
