2 0.558803379535675 0.8284823298454285 0.044751837849617004 0.1018388569355011
2 0.6735066175460815 0.8780831694602966 0.043717700988054276 0.11351051181554794
2 0.7040352821350098 0.8617660999298096 0.03927242383360863 0.11468861252069473
2 0.4261264503002167 0.8377971053123474 0.045393504202365875 0.12475793808698654
2 0.39123961329460144 0.8216496109962463 0.05471828952431679 0.14391575753688812
2 0.7647102475166321 0.6156911849975586 0.024981094524264336 0.04979167506098747
0 0.7046811580657959 0.4597163498401642 0.10732190310955048 0.1495657116174698
0 0.6136007905006409 0.4298599660396576 0.11044979095458984 0.15195252001285553
0 0.5192185640335083 0.3981565535068512 0.11434265226125717 0.15326015651226044
0 0.4239312410354614 0.36910098791122437 0.11226113885641098 0.157902792096138
0 0.3504696190357208 0.34442487359046936 0.07236792147159576 0.14450247585773468
0 0.6883733868598938 0.5760249495506287 0.1073826402425766 0.1375672072172165
0 0.596977710723877 0.5482775568962097 0.10557134449481964 0.13161690533161163
0 0.5023870468139648 0.5179800391197205 0.11377479881048203 0.13704293966293335
0 0.4074811339378357 0.489791601896286 0.10967358201742172 0.1343301236629486
0 0.33235040307044983 0.4660307466983795 0.07117167115211487 0.12406853586435318
0 0.24491801857948303 0.17168286442756653 0.12199157476425171 0.16117128729820251
0 0.2266577184200287 0.2976691424846649 0.12122764438390732 0.16224993765354156
0 0.20745369791984558 0.42998206615448 0.12429574131965637 0.17663554847240448
0 0.20972371101379395 0.5724611878395081 0.08217218518257141 0.15447291731834412
0 0.7948773503303528 0.4612269699573517 0.08865254372358322 0.17935317754745483
4 0.6532098054885864 0.6645957231521606 0.025217046961188316 0.0886000543832779
4 0.5665073990821838 0.636210024356842 0.03126510977745056 0.09196677803993225
4 0.47855478525161743 0.6059283018112183 0.02771741896867752 0.08676853775978088
4 0.3932063579559326 0.5787353515625 0.028961054980754852 0.07650252431631088
4 0.6289651393890381 0.638737678527832 0.02158203162252903 0.05799742788076401
4 0.5530338883399963 0.6169228553771973 0.020818257704377174 0.05907711759209633
