0 0.8977009057998657 0.10150666534900665 0.20459814369678497 0.16539005935192108
0 0.668612539768219 0.07740704715251923 0.3319968283176422 0.15481409430503845
0 0.3657514452934265 0.061446528881788254 0.3336998522281647 0.12289305776357651
0 0.18251539766788483 0.04474148899316788 0.11911384761333466 0.08948297798633575
0 0.8769671320915222 0.23572176694869995 0.24606569111347198 0.16896571218967438
0 0.6263439655303955 0.20542284846305847 0.3390997648239136 0.17640677094459534
0 0.3265549838542938 0.17559388279914856 0.33824053406715393 0.16761773824691772
0 0.1397864818572998 0.15411598980426788 0.11305811256170273 0.14172233641147614
0 0.8513573408126831 0.37594205141067505 0.2972852885723114 0.1728925108909607
0 0.5848577618598938 0.3444139063358307 0.3390606939792633 0.17042750120162964
0 0.2921210527420044 0.31074994802474976 0.3258148431777954 0.16890425980091095
0 0.10664568096399307 0.2879682183265686 0.12453829497098923 0.14304250478744507
0 0.8224709033966064 0.5137577652931213 0.324869304895401 0.1715109646320343
0 0.5433593392372131 0.4787566065788269 0.3407638370990753 0.17333880066871643
0 0.24952450394630432 0.4472898244857788 0.32532262802124023 0.16721801459789276
0 0.0651276484131813 0.42550405859947205 0.12188871949911118 0.14273783564567566
0 0.7822969555854797 0.6482537984848022 0.3241743743419647 0.16328470408916473
0 0.5064401626586914 0.6130452156066895 0.33684077858924866 0.17451728880405426
0 0.21067558228969574 0.5819371938705444 0.32990190386772156 0.1682875007390976
0 0.038770172744989395 0.5632462501525879 0.07754034548997879 0.14621832966804504
0 0.7482540607452393 0.7851966619491577 0.31351447105407715 0.1647743284702301
0 0.46305498480796814 0.7538511157035828 0.34158405661582947 0.17614857852458954
0 0.16750448942184448 0.7204452157020569 0.33154261112213135 0.17390801012516022
0 0.02137342281639576 0.6986584663391113 0.04274684563279152 0.14841142296791077
0 0.71978360414505 0.8905428647994995 0.2926936149597168 0.10806694626808167
0 0.4290711581707001 0.8608867526054382 0.32321012020111084 0.1132059246301651
0 0.1462952047586441 0.8278125524520874 0.2925904095172882 0.11091038584709167
0 0.000620687089394778 0.8088085651397705 0.001241374178789556 0.0843452513217926
