0 0.7124694585800171 0.31118831038475037 0.12667842209339142 0.08468177169561386
0 0.7210270762443542 0.5236998796463013 0.12676888704299927 0.13157878816127777
0 0.7237949967384338 0.6845169067382812 0.11947336792945862 0.08004783093929291
0 0.8500022888183594 0.5419812202453613 0.06475662440061569 0.12411961704492569
0 0.5410865545272827 0.4987851083278656 0.1000344529747963 0.15862005949020386
0 0.5366839170455933 0.3117005228996277 0.11173254996538162 0.05265001952648163
0 0.38660746812820435 0.325131356716156 0.10544253885746002 0.043799567967653275
0 0.3204386830329895 0.5144291520118713 0.09462571144104004 0.14413143694400787
0 0.560005784034729 0.676576554775238 0.06876014173030853 0.07885539531707764
5 0.5148526430130005 0.7657930850982666 0.16455508768558502 0.14347219467163086
5 0.21859188377857208 0.7853325605392456 0.16259223222732544 0.14621281623840332
