0 0.3847219944000244 0.2990739941596985 0.2250000238418579 0.09074097871780396
0 0.37916702032089233 0.39722201228141785 0.23611104488372803 0.11666697263717651
0 0.37777799367904663 0.4907410144805908 0.24444401264190674 0.0814809799194336
0 0.3666669726371765 0.6055560111999512 0.25 0.1481480598449707
0 0.35555601119995117 0.7833330035209656 0.28333306312561035 0.20740699768066406
0 0.35555601119995117 0.9435187578201294 0.305556058883667 0.11296248435974121
0 0.5638890266418457 0.6092590093612671 0.11666697263717651 0.10370397567749023
0 0.5680559873580933 0.7185189723968506 0.125 0.11481499671936035
0 0.5722219944000244 0.8166670203208923 0.1499999761581421 0.08518505096435547
0 0.5847220420837402 0.9268519878387451 0.16388899087905884 0.14629602432250977
0 0.22777801752090454 0.2944439947605133 0.10000002384185791 0.09259301424026489
0 0.20694398880004883 0.39722201228141785 0.13611102104187012 0.11666697263717651
0 0.19999998807907104 0.492592990398407 0.1333329677581787 0.07777798175811768
0 0.1791669726371765 0.6055560111999512 0.14722204208374023 0.1407409906387329
0 0.1499999761581421 0.7898150086402893 0.1888890266418457 0.2166670560836792
0 0.12916702032089233 0.9435187578201294 0.1638890504837036 0.11296248435974121
