0 0.11842670291662216 0.007242247462272644 0.1543990522623062 0.014484494924545288
0 0.2653588354587555 0.012159844860434532 0.14278440177440643 0.024319689720869064
0 0.40795862674713135 0.014971811324357986 0.14761805534362793 0.029943622648715973
0 0.5490674376487732 0.019108057022094727 0.14375711977481842 0.03821611404418945
0 0.6930953860282898 0.023363765329122543 0.14378902316093445 0.04672753065824509
0 0.8347544074058533 0.024612804874777794 0.14272059500217438 0.04922560974955559
0 0.9527298212051392 0.02858271263539791 0.09454036504030228 0.05716542527079582
0 0.11512269824743271 0.17071692645549774 0.15283562242984772 0.09834007918834686
0 0.2630125880241394 0.18015125393867493 0.14690066874027252 0.09365348517894745
0 0.40608274936676025 0.18714703619480133 0.1430077850818634 0.09346313029527664
0 0.5471756458282471 0.19551467895507812 0.14508189260959625 0.09942638128995895
0 0.6888665556907654 0.19877156615257263 0.1420021653175354 0.09194747358560562
0 0.8085468411445618 0.2060922086238861 0.09723156690597534 0.08975831419229507
0 0.9753300547599792 0.2143532931804657 0.049339935183525085 0.09349409490823746
0 0.25880733132362366 0.3958466649055481 0.14034301042556763 0.105057492852211
0 0.39848798513412476 0.4019424021244049 0.1432950347661972 0.10666731745004654
