2 0.5441141724586487 0.5793421268463135 0.09813004732131958 0.19226793944835663
2 0.9148939251899719 0.6214097738265991 0.04572469741106033 0.10135890543460846
0 0.7673099637031555 0.1455795168876648 0.2586117684841156 0.2911590337753296
0 0.7394588589668274 0.4500731825828552 0.27456098794937134 0.45568278431892395
0 0.593068540096283 0.12319572269916534 0.1352115422487259 0.2463914453983307
0 0.5680009722709656 0.42348513007164 0.14585666358470917 0.4080613851547241
0 0.4792059361934662 0.11470688134431839 0.1425962597131729 0.22941376268863678
0 0.37356340885162354 0.3874779939651489 0.08316043019294739 0.3505401909351349
0 0.35224834084510803 0.10545068979263306 0.07477322220802307 0.2109013795852661
0 0.4044761657714844 0.11497148871421814 0.06586279720067978 0.22994297742843628
0 0.28323328495025635 0.10327582061290741 0.11335655301809311 0.20655164122581482
0 0.25315332412719727 0.3677072823047638 0.12006864696741104 0.35677120089530945
0 0.32363006472587585 0.37935349345207214 0.08079077303409576 0.3456026613712311
0 0.1633165329694748 0.35047608613967896 0.11894912272691727 0.34469160437583923
0 0.19095775485038757 0.10070088505744934 0.11851570010185242 0.20140177011489868
0 0.10885024815797806 0.09328959137201309 0.09748575836420059 0.18657918274402618
0 0.0841340571641922 0.3362414538860321 0.10403997451066971 0.32824939489364624
