0 0.888887882232666 0.3198549449443817 0.16406948864459991 0.07849281281232834
0 0.6891472935676575 0.3412659764289856 0.18673403561115265 0.09128852933645248
0 0.46567946672439575 0.36173611879348755 0.16983723640441895 0.07522351294755936
0 0.27347898483276367 0.38721635937690735 0.17924703657627106 0.08271081745624542
0 0.08365467935800552 0.4124419093132019 0.14403465390205383 0.08023276925086975
0 0.5756534934043884 0.06428813189268112 0.18000420928001404 0.12555518746376038
0 0.38990265130996704 0.08698682487010956 0.17307324707508087 0.11185400187969208
0 0.20511311292648315 0.10888539999723434 0.1819271743297577 0.12446577847003937
0 0.9165279269218445 0.41170889139175415 0.16694416105747223 0.08136646449565887
0 0.7137066125869751 0.4319949746131897 0.19204659759998322 0.08667487651109695
0 0.5049614906311035 0.45228102803230286 0.17403644323349 0.08085671812295914
0 0.30709391832351685 0.47558149695396423 0.19204659759998322 0.08667487651109695
0 0.10333191603422165 0.4960305094718933 0.15364712476730347 0.07478352636098862
0 0.9365357756614685 0.5518784523010254 0.1269284337759018 0.18356022238731384
0 0.7736786007881165 0.5690926313400269 0.21769337356090546 0.18272565305233002
0 0.5644283890724182 0.5915230512619019 0.2319605052471161 0.18425500392913818
0 0.345159113407135 0.6171175837516785 0.21395038068294525 0.1784367859363556
0 0.150403693318367 0.6386913061141968 0.19447164237499237 0.17505325376987457
