0 0.9609379768371582 0.2807919979095459 0.0351560115814209 0.23607002198696136
0 0.9321290254592896 0.2719939947128296 0.03417998552322388 0.23607002198696136
0 0.8950200080871582 0.2631959915161133 0.040039002895355225 0.25073301792144775
0 0.8549799919128418 0.2587980031967163 0.040039002895355225 0.2448679804801941
0 0.8149410486221313 0.2514660060405731 0.041992008686065674 0.2624630331993103
0 0.7700200080871582 0.24706700444221497 0.0458979606628418 0.2771260142326355
0 0.7236329913139343 0.23607000708580017 0.046875 0.27272701263427734
0 0.6743159890174866 0.22507300972938538 0.04785192012786865 0.2829909920692444
0 0.625 0.2155430018901825 0.05664098262786865 0.2991200089454651
0 0.56591796875 0.2067449986934662 0.05957001447677612 0.3020530343055725
0 0.5048829913139343 0.1957480013370514 0.06445300579071045 0.3211140036582947
0 0.4360349774360657 0.18768300116062164 0.0732419490814209 0.32844600081443787
0 0.36572301387786865 0.1759530007839203 0.0732419490814209 0.34897398948669434
0 0.2851560115814209 0.16568900644779205 0.08398401737213135 0.32844600081443787
0 0.1958010196685791 0.16642197966575623 0.0947270393371582 0.329912006855011
0 0.09960901737213135 0.1612900048494339 0.10351598262786865 0.31964799761772156
0 0.9648439884185791 0.49486804008483887 0.03320300579071045 0.20967701077461243
0 0.9272459745407104 0.4912019968032837 0.030273020267486572 0.21407601237297058
0 0.8930659890174866 0.4948680102825165 0.03808605670928955 0.2155429720878601
0 0.8505859971046448 0.4941350221633911 0.04882800579071045 0.22580602765083313
0 0.8134769797325134 0.48827001452445984 0.046875 0.2316719889640808
0 0.7646479606628418 0.49340200424194336 0.04296904802322388 0.23900297284126282
0 0.7192380428314209 0.4882700443267822 0.04589802026748657 0.24046900868415833
0 0.671875 0.49340200424194336 0.0507810115814209 0.2478010356426239
0 0.6152340173721313 0.4868040084838867 0.0625 0.26392996311187744
0 0.5595700144767761 0.4882700443267822 0.05273401737213135 0.27272704243659973
0 0.50341796875 0.49560099840164185 0.06933599710464478 0.2932549715042114
0 0.4384769797325134 0.49706700444221497 0.0703120231628418 0.304984986782074
0 0.3608400225639343 0.5014659762382507 0.0830080509185791 0.3225809633731842
0 0.2836909890174866 0.49046897888183594 0.09081995487213135 0.31818196177482605
0 0.19433599710464478 0.4890030026435852 0.0976560115814209 0.3299120366573334
0 0.09472697973251343 0.4926689863204956 0.109375 0.3607039749622345
