0 0.5048829913139343 0.24413500726222992 0.1953120231628418 0.1539590060710907
0 0.679688036441803 0.24193499982357025 0.08398401737213135 0.1466279923915863
0 0.7895510196685791 0.24706700444221497 0.08105498552322388 0.16275697946548462
0 0.90625 0.24926699697971344 0.078125 0.1612900197505951
0 0.9052730202674866 0.4024930000305176 0.08007800579071045 0.13929599523544312
0 0.9047850370407104 0.5381230115890503 0.08105498552322388 0.12610003352165222
0 0.7880859971046448 0.3980939984321594 0.0820310115814209 0.13929599523544312
0 0.7885739803314209 0.5366569757461548 0.0791020393371582 0.13489699363708496
0 0.6791989803314209 0.42302098870277405 0.08105498552322388 0.09530800580978394
0 0.6787109971046448 0.5366569757461548 0.08007800579071045 0.12610003352165222
0 0.5532230138778687 0.412757009267807 0.0947270393371582 0.07184797525405884
0 0.45458999276161194 0.4164220094680786 0.09472697973251343 0.07624602317810059
1 0.5385739803314209 0.5263929963111877 0.06738299131393433 0.1466280221939087
0 0.3305659890174866 0.2426690012216568 0.08105504512786865 0.15689101815223694
0 0.21826201677322388 0.2478010058403015 0.0771479606628418 0.1612899899482727
0 0.21679699420928955 0.3966279923915863 0.0820310115814209 0.14222902059555054
0 0.21826201677322388 0.5373899936676025 0.0791020393371582 0.12463298439979553
0 0.3266599774360657 0.4237540066242218 0.08105504512786865 0.09090900421142578
0 0.3256840109825134 0.5381230115890503 0.0830080509185791 0.12610003352165222
0 0.09863299131393433 0.2463340014219284 0.078125 0.16715499758720398
0 0.10058599710464478 0.4024930000305176 0.078125 0.14222902059555054
0 0.09912097454071045 0.515395998954773 0.08105504512786865 0.07477998733520508
4 0.9619140028953552 0.39002901315689087 0.0429689884185791 0.4545450210571289
4 0.8481450080871582 0.3826979994773865 0.04394501447677612 0.4604109823703766
4 0.7348630428314209 0.37976503372192383 0.03222697973251343 0.4398830235004425
4 0.6230469942092896 0.3819650113582611 0.04101598262786865 0.44428199529647827
4 0.38867199420928955 0.38489699363708496 0.046875 0.4472140073776245
4 0.27148401737213135 0.3841640055179596 0.03125 0.4457480311393738
4 0.15820300579071045 0.3826979994773865 0.02929699420928955 0.44868004322052
4 0.0429689884185791 0.3819650113582611 0.02929699420928955 0.44428199529647827
0 0.9067380428314209 0.035923998802900314 0.07910197973251343 0.0689150020480156
0 0.7875980138778687 0.03519099950790405 0.08105498552322388 0.06744900345802307
0 0.6806640028953552 0.0344570055603981 0.078125 0.06598199903964996
0 0.5610350370407104 0.0344570055603981 0.07714802026748657 0.06598199903964996
0 0.4492189884185791 0.035923998802900314 0.08007800579071045 0.0689150020480156
0 0.33007800579071045 0.03299099951982498 0.08007800579071045 0.06305000185966492
0 0.21826201677322388 0.03299099951982498 0.08105504512786865 0.06305000185966492
0 0.09716802835464478 0.03372399881482124 0.08105504512786865 0.06451600044965744
