0 0.7108125686645508 0.8215146064758301 0.1532280445098877 0.35697081685066223
0 0.6086846590042114 0.8009254336357117 0.14744976162910461 0.3852899670600891
0 0.49173587560653687 0.7635543346405029 0.14863628149032593 0.3793679475784302
0 0.3805420994758606 0.7240031361579895 0.14704638719558716 0.37358328700065613
0 0.2716433107852936 0.6846252679824829 0.14767524600028992 0.3822082281112671
0 0.15690508484840393 0.6479825973510742 0.14909449219703674 0.3868843615055084
0 0.05548134818673134 0.6064889430999756 0.11096269637346268 0.38359060883522034
0 0.8279321193695068 0.8413533568382263 0.13888774812221527 0.317293256521225
0 0.9129444360733032 0.8589016795158386 0.10261553525924683 0.28219661116600037
0 0.43538376688957214 0.37286999821662903 0.12653084099292755 0.18584434688091278
0 0.9644148349761963 0.5087506771087646 0.07117035239934921 0.2585289776325226
0 0.8975581526756287 0.4884742200374603 0.13775017857551575 0.2768745720386505
