0 0.5665795803070068 0.6592046618461609 0.18629321455955505 0.26897141337394714
2 0.6246475577354431 0.9119932651519775 0.05080482363700867 0.11113210767507553
2 0.2919365167617798 0.9293428063392639 0.10104542225599289 0.14131435751914978
0 0.7138721942901611 0.6295358538627625 0.1649724841117859 0.247775599360466
0 0.745328962802887 0.8250821232795715 0.1664389669895172 0.2455020248889923
0 0.8383073806762695 0.6110167503356934 0.14015638828277588 0.22013108432292938
0 0.8763561248779297 0.7877867221832275 0.14456214010715485 0.2200808823108673
0 0.6006231307983398 0.8671558499336243 0.18772540986537933 0.23961707949638367
0 0.4275493323802948 0.8986865282058716 0.20664487779140472 0.20262689888477325
0 0.39900290966033936 0.7014595866203308 0.2074287235736847 0.2887597382068634
0 0.5347052216529846 0.42061731219291687 0.1889304369688034 0.322540819644928
0 0.6733635067939758 0.3905754089355469 0.1771969497203827 0.3339598774909973
0 0.7897914052009583 0.3583298623561859 0.17614465951919556 0.3729024827480316
0 0.8713287711143494 0.3364051580429077 0.13649484515190125 0.37335583567619324
0 0.9328852891921997 0.6664444804191589 0.11445795744657516 0.36683711409568787
0 0.3725489675998688 0.46419402956962585 0.20505362749099731 0.2975322902202606
