0 0.34355607628822327 0.10092092305421829 0.06540750712156296 0.05504108965396881
0 0.3535311222076416 0.21989890933036804 0.07604128122329712 0.1957155168056488
0 0.36849841475486755 0.4049065411090851 0.07798002660274506 0.1960449367761612
0 0.3820143938064575 0.5967046022415161 0.07593270391225815 0.19427919387817383
0 0.39391419291496277 0.7865957617759705 0.07949236780405045 0.2033863365650177
0 0.40823331475257874 0.9377436637878418 0.08120647072792053 0.12451265007257462
0 0.41206327080726624 0.0914611890912056 0.06670285016298294 0.05951184779405594
0 0.4769614040851593 0.07970716804265976 0.06853312999010086 0.05840595066547394
0 0.5427741408348083 0.0670708641409874 0.06831616163253784 0.05553531274199486
0 0.607835054397583 0.057469822466373444 0.07047190517187119 0.058735378086566925
0 0.6757493019104004 0.04665708541870117 0.07251904159784317 0.06050010398030281
0 0.7401629686355591 0.03498537838459015 0.07144074887037277 0.05889999866485596
0 0.8046841621398926 0.027170145884156227 0.06476309150457382 0.054340291768312454
0 0.866836428642273 0.02358175627887249 0.07079748064279556 0.04716351255774498
0 0.930388867855072 0.018699370324611664 0.06605856865644455 0.03739874064922333
0 0.4225885272026062 0.2307002991437912 0.06976894289255142 0.15072235465049744
0 0.48517197370529175 0.22079335153102875 0.07644647359848022 0.15043912827968597
0 0.5524933338165283 0.2086275815963745 0.0792466253042221 0.14949801564216614
0 0.6174989342689514 0.198309063911438 0.0713820680975914 0.14674481749534607
0 0.6829357743263245 0.18719038367271423 0.08010697364807129 0.14822731912136078
0 0.7491797208786011 0.17375394701957703 0.07364744693040848 0.15138138830661774
0 0.8116536736488342 0.16241180896759033 0.07256896793842316 0.1497802734375
0 0.8771447539329529 0.15201081335544586 0.0792466253042221 0.14949800074100494
0 0.9411272406578064 0.14113925397396088 0.06955181807279587 0.14785070717334747
0 0.435674250125885 0.4232974052429199 0.07461629062891006 0.15154601633548737
0 0.5010025501251221 0.41074338555336 0.07774191349744797 0.1549108326435089
0 0.5667078495025635 0.3966715931892395 0.07536912709474564 0.14883914589881897
0 0.6317676901817322 0.38707074522972107 0.07515213638544083 0.14596854150295258
0 0.6963983774185181 0.37826967239379883 0.07450772076845169 0.1501096785068512
0 0.7593567967414856 0.3668452501296997 0.07289453595876694 0.15408720076084137
0 0.825492262840271 0.3519734740257263 0.08107688277959824 0.14839214086532593
0 0.8927593231201172 0.3390900790691376 0.07450772076845169 0.1501096785068512
0 0.9553417563438416 0.32918328046798706 0.07170763611793518 0.15105178952217102
0 0.4498887360095978 0.6113414168357849 0.07267753779888153 0.1512165516614914
0 0.5144109725952148 0.6011050343513489 0.07741634547710419 0.15060390532016754
0 0.5800609588623047 0.5863157510757446 0.07493513822555542 0.14309784770011902
0 0.6449590921401978 0.5745617151260376 0.07504363358020782 0.1445331871509552
0 0.7108803391456604 0.5633607506752014 0.07698238641023636 0.1448626071214676
0 0.7743784189224243 0.5525714755058289 0.0701962262392044 0.14370954036712646
0 0.8373377919197083 0.5411468744277954 0.07590397447347641 0.14326247572898865
0 0.9036892056465149 0.5291459560394287 0.07719937711954117 0.14773324131965637
0 0.9659903645515442 0.5181096196174622 0.06801927834749222 0.14707431197166443
0 0.4645344316959381 0.7985853552818298 0.0728878304362297 0.1413331776857376
0 0.5279240012168884 0.7863607406616211 0.07407372444868088 0.14436835050582886
0 0.5932009220123291 0.7796304821968079 0.076663538813591 0.15331070125102997
0 0.6591773629188538 0.7691470384597778 0.076555036008358 0.15187537670135498
0 0.7252575755119324 0.7535578012466431 0.07687389105558395 0.14342735707759857
0 0.7883797287940979 0.7442861795425415 0.06890083104372025 0.13923883438110352
0 0.851392388343811 0.7335793972015381 0.07665689289569855 0.1405566930770874
0 0.9167206883430481 0.7210254073143005 0.07374823838472366 0.14006246626377106
0 0.9719147682189941 0.7150949835777283 0.05617041140794754 0.15027448534965515
0 0.4779379367828369 0.9581459164619446 0.069328173995018 0.08370815217494965
0 0.54283607006073 0.9514983296394348 0.07913041859865189 0.09700340032577515
0 0.6081101298332214 0.9463096261024475 0.07008001953363419 0.10738076269626617
0 0.6731710433959961 0.9418975114822388 0.07761901617050171 0.11620498448610306
0 0.7393092513084412 0.9365438222885132 0.07223682850599289 0.12691229581832886
0 0.8051762580871582 0.9275291562080383 0.07816145569086075 0.13514383137226105
0 0.8695899844169617 0.9158574938774109 0.069328173995018 0.13222603499889374
0 0.9336810111999512 0.9064212441444397 0.07686617225408554 0.13067305088043213
0 0.9815539717674255 0.8933143615722656 0.036892037838697433 0.12521305680274963
0 0.291274756193161 0.1367017924785614 0.055850110948085785 0.1058468371629715
0 0.30300402641296387 0.3113554120063782 0.05284738168120384 0.12942567467689514
0 0.3152759373188019 0.4931866228580475 0.055864475667476654 0.1313551962375641
0 0.3305107355117798 0.6752421855926514 0.05899006500840187 0.13472001254558563
0 0.34391525387763977 0.8590616583824158 0.051769983023405075 0.12782573699951172
0 0.35192322731018066 0.989608108997345 0.05357908084988594 0.02078380063176155
