0 0.8625522255897522 0.2914772629737854 0.1383453756570816 0.13250192999839783
0 0.7340871095657349 0.27837029099464417 0.1317923665046692 0.1279643476009369
0 0.6336434483528137 0.270243763923645 0.12741994857788086 0.1170705109834671
0 0.5408421158790588 0.26347556710243225 0.12378343939781189 0.11979701370000839
0 0.4549536108970642 0.25988098978996277 0.12086836993694305 0.11253413558006287
0 0.37852588295936584 0.25991296768188477 0.1252407729625702 0.12342795729637146
0 0.29918989539146423 0.2535930871963501 0.12232571095228195 0.11616509407758713
0 0.7951397895812988 0.46623364090919495 0.13907994329929352 0.14612115919589996
0 0.6528424024581909 0.4603942036628723 0.16310948133468628 0.1706254929304123
0 0.5564035773277283 0.4490884244441986 0.1565568894147873 0.16608892381191254
0 0.46724510192871094 0.43324169516563416 0.1514626443386078 0.16518349945545197
0 0.37444376945495605 0.426473468542099 0.15218445658683777 0.15519505739212036
0 0.286376029253006 0.41471055150032043 0.13907988369464874 0.14612114429473877
0 0.21541014313697815 0.4079333543777466 0.13544297218322754 0.14884665608406067
0 0.585436224937439 0.6215346455574036 0.16238664090633392 0.1806136965751648
0 0.48172351717948914 0.6011561155319214 0.16602449119091034 0.17788834869861603
0 0.38856053352355957 0.5884876251220703 0.1427304744720459 0.16700339317321777
0 0.29758355021476746 0.5703726410865784 0.16165214776992798 0.16699454188346863
0 0.21679702401161194 0.554068922996521 0.1500052958726883 0.1615525335073471
0 0.1345522552728653 0.5413960218429565 0.14854757487773895 0.15792062878608704
