4 0.6879880428314209 0.47580599784851074 0.06152302026748657 0.23020502924919128
4 0.5786130428314209 0.4750730097293854 0.07714802026748657 0.2991200089454651
4 0.5092769861221313 0.4890030026435852 0.022460997104644775 0.1480940282344818
4 0.4672849774360657 0.4912019968032837 0.028319954872131348 0.1319650113582611
4 0.4140620231628418 0.4970669746398926 0.0195310115814209 0.1290319859981537
4 0.34912097454071045 0.49706700444221497 0.02441394329071045 0.12316697835922241
4 0.2929689884185791 0.4816719889640808 0.05273401737213135 0.22140800952911377
4 0.20214802026748657 0.4545449912548065 0.0976560115814209 0.47214096784591675
4 0.13085901737213135 0.48607000708580017 0.0390620231628418 0.18621701002120972
4 0.021973013877868652 0.49193501472473145 0.04003894329071045 0.15395903587341309
