0 0.6735010147094727 0.3295608460903168 0.10961824655532837 0.19759726524353027
0 0.59223473072052 0.3589712083339691 0.10075290501117706 0.19438889622688293
0 0.5153393745422363 0.38995739817619324 0.09890542924404144 0.18802879750728607
0 0.4412451982498169 0.4151937663555145 0.09127167612314224 0.17388415336608887
0 0.3514356017112732 0.45006343722343445 0.13101224601268768 0.1839982122182846
0 0.6954193115234375 0.485817015171051 0.10647796839475632 0.1822330355644226
0 0.6144760847091675 0.5174778699874878 0.0989360585808754 0.17523549497127533
0 0.536995530128479 0.5407821536064148 0.09567327797412872 0.16551844775676727
0 0.4630703330039978 0.5635889172554016 0.09182526916265488 0.1712397038936615
0 0.37246111035346985 0.5892759561538696 0.1273183971643448 0.1712794005870819
0 0.26375147700309753 0.6151991486549377 0.05002260580658913 0.10773670673370361
0 0.2502065598964691 0.4559137225151062 0.02902895025908947 0.09160280972719193
0 0.20209276676177979 0.4780621826648712 0.030444398522377014 0.0949607789516449
0 0.15427157282829285 0.4914218485355377 0.030228832736611366 0.09345947206020355
0 0.10791231691837311 0.5113569498062134 0.028382517397403717 0.08710072934627533
0 0.06686395406723022 0.5285798907279968 0.02989094704389572 0.09760620445013046
0 0.02336723357439041 0.5395854115486145 0.029582401737570763 0.08895738422870636
0 0.20241624116897583 0.631871223449707 0.0313369557261467 0.08816996961832047
0 0.15519499778747559 0.6458029747009277 0.030352504923939705 0.08781369775533676
0 0.11157568544149399 0.6631671786308289 0.0313369520008564 0.08816993981599808
0 0.06754127144813538 0.6704204082489014 0.02841307409107685 0.07430649548768997
0 0.9384489059448242 0.122681625187397 0.11398929357528687 0.245363250374794
0 0.8506568670272827 0.18493367731571198 0.07698867470026016 0.19148004055023193
0 0.7917225360870361 0.22915299236774445 0.05781067907810211 0.14897021651268005
0 0.9632608294487 0.46567949652671814 0.07347838580608368 0.23226402699947357
0 0.8807317018508911 0.4629557728767395 0.07865118980407715 0.18354451656341553
0 0.8183507919311523 0.45790454745292664 0.059780657291412354 0.1496831327676773
