0 0.668919026851654 0.09026399999856949 0.04054105281829834 0.1156189888715744
0 0.7121620178222656 0.09229200333356857 0.04594600200653076 0.11967499554157257
0 0.67364901304245 0.2008109986782074 0.04999995231628418 0.11359000205993652
0 0.7189189791679382 0.2058819830417633 0.048648953437805176 0.1156189888715744
0 0.6804050207138062 0.3062880039215088 0.052703022956848145 0.11764699220657349
0 0.7256760001182556 0.313387006521225 0.048648953437805176 0.11156201362609863
0 0.6871619820594788 0.41582199931144714 0.052703022956848145 0.11359000205993652
0 0.7344589829444885 0.4198780059814453 0.04459500312805176 0.11359000205993652
0 0.08310800045728683 0.14198799431324005 0.08513499796390533 0.18255600333213806
0 0.15608100593090057 0.15517200529575348 0.07973000407218933 0.17241400480270386
0 0.2317570000886917 0.16227200627326965 0.07702699303627014 0.17038500308990479
0 0.30270299315452576 0.17647099494934082 0.07297301292419434 0.17038500308990479
0 0.3722969889640808 0.183569997549057 0.07702702283859253 0.17241400480270386
0 0.43513500690460205 0.1957399994134903 0.07567602396011353 0.16429999470710754
0 0.08648599684238434 0.31237301230430603 0.08108100295066833 0.1784989833831787
0 0.16351400315761566 0.3235290050506592 0.08108100295066833 0.17241400480270386
0 0.2385140061378479 0.3235290050506592 0.07972998917102814 0.17647099494934082
0 0.30743199586868286 0.3367139995098114 0.07432401180267334 0.17038500308990479
0 0.3777030110359192 0.34279900789260864 0.07972997426986694 0.17444199323654175
0 0.44527000188827515 0.3488839864730835 0.07162201404571533 0.166329026222229
0 0.09121599793434143 0.48377299308776855 0.08783799409866333 0.17647099494934082
0 0.16756799817085266 0.48377299308776855 0.08378398418426514 0.1683570146560669
0 0.2425680011510849 0.49391499161720276 0.07973000407218933 0.17241400480270386
0 0.31621599197387695 0.4979720115661621 0.07567602396011353 0.17241403460502625
0 0.3851349949836731 0.5020279884338379 0.07837802171707153 0.17241403460502625
0 0.45202699303627014 0.5081139802932739 0.07162201404571533 0.16429996490478516
0 0.09256800264120102 0.6531440019607544 0.09054099023342133 0.17038500308990479
0 0.17229700088500977 0.6531440019607544 0.08243200182914734 0.18661296367645264
0 0.2479729950428009 0.6653140187263489 0.08243198692798615 0.17444193363189697
0 0.31891900300979614 0.6643000245094299 0.08108103275299072 0.1683570146560669
0 0.3918919861316681 0.6622719764709473 0.07837802171707153 0.17241406440734863
0 0.46013501286506653 0.6724140048027039 0.07162201404571533 0.16024303436279297
0 0.10067600011825562 0.8356999754905701 0.08783799409866333 0.1784989833831787
0 0.17905400693416595 0.8285999894142151 0.07973000407218933 0.1683570146560669
0 0.2554050087928772 0.8316429853439331 0.07837800681591034 0.166329026222229
0 0.32837799191474915 0.832656979560852 0.08108097314834595 0.17241406440734863
0 0.3979730010032654 0.8265720009803772 0.07162201404571533 0.16024303436279297
0 0.4655410051345825 0.8387420177459717 0.07162201404571533 0.1480729579925537
