0 0.8331912159919739 0.23116503655910492 0.1391669064760208 0.2239363193511963
0 0.6955832839012146 0.22813284397125244 0.13827230036258698 0.23536071181297302
0 0.5594466328620911 0.23365448415279388 0.1363968700170517 0.24104496836662292
0 0.42330989241600037 0.23917710781097412 0.1382722407579422 0.23536069691181183
0 0.8351831436157227 0.4380798935890198 0.13513806462287903 0.17999567091464996
0 0.6990033388137817 0.43501976132392883 0.13900399208068848 0.19151315093040466
0 0.5600054860115051 0.43964383006095886 0.14092740416526794 0.1953650563955307
0 0.4214932918548584 0.44616639614105225 0.1380326747894287 0.18767988681793213
0 0.8384833335876465 0.6211264133453369 0.13614770770072937 0.19145731627941132
0 0.6994759440422058 0.6238436102867126 0.14376451075077057 0.19160620868206024
0 0.558540403842926 0.6218299269676208 0.13990822434425354 0.18199557065963745
0 0.421451598405838 0.6273711919784546 0.13609015941619873 0.18001428246498108
0 0.8389272689819336 0.8042287230491638 0.14081239700317383 0.17247803509235382
0 0.4218859076499939 0.8085657358169556 0.13904231786727905 0.1991424560546875
