0 0.2323732078075409 0.28567129373550415 0.09897641837596893 0.11250390112400055
0 0.36110156774520874 0.29648154973983765 0.09357833862304688 0.10894925147294998
0 0.46085843443870544 0.30681052803993225 0.09318821132183075 0.09854982048273087
0 0.5527138710021973 0.31700825691223145 0.08805130422115326 0.1019294336438179
0 0.6366037130355835 0.3288078010082245 0.08779120445251465 0.09499616920948029
0 0.7098935842514038 0.34216541051864624 0.08818133175373077 0.10539558529853821
0 0.7886454463005066 0.3504112958908081 0.08792123943567276 0.09846233576536179
0 0.22349756956100464 0.45202070474624634 0.094228595495224 0.12628203630447388
0 0.36243483424186707 0.47167232632637024 0.11081182211637497 0.1473434567451477
0 0.45968830585479736 0.4784904420375824 0.1054137796163559 0.14378976821899414
0 0.5518697500228882 0.48002180457115173 0.1001468077301979 0.14370226860046387
0 0.6437251567840576 0.4902195334434509 0.10502365231513977 0.13339029252529144
0 0.7331421375274658 0.49517330527305603 0.09422856569290161 0.12628203630447388
0 0.8040584921836853 0.5015548467636108 0.08909162133932114 0.1296607106924057
0 0.35928237438201904 0.6259758472442627 0.10593394190073013 0.15765535831451416
0 0.46732988953590393 0.6260365843772888 0.11107189208269119 0.15427669882774353
0 0.5620148777961731 0.6310778856277466 0.08974184840917587 0.14699342846870422
0 0.656894862651825 0.6309199333190918 0.11068179458379745 0.1438772827386856
0 0.7412388920783997 0.6305869221687317 0.1000167727470398 0.14023610949516296
0 0.8254538178443909 0.6337200999259949 0.0998867079615593 0.13676902651786804
