0 0.8903088569641113 0.3363180160522461 0.21938231587409973 0.41013863682746887
0 0.6876288056373596 0.35802894830703735 0.22926700115203857 0.40896838903427124
0 0.47804877161979675 0.38085833191871643 0.22730842232704163 0.40875503420829773
0 0.2729114294052124 0.4039528965950012 0.22038070857524872 0.4065179228782654
0 0.09813365340232849 0.4237403869628906 0.1665882170200348 0.4021408259868622
0 0.9011672735214233 0.6087551712989807 0.19766546785831451 0.18060655891895294
0 0.7008466720581055 0.6307860612869263 0.21828825771808624 0.18241697549819946
0 0.490920752286911 0.6566495299339294 0.21759739518165588 0.1882716566324234
0 0.2823565900325775 0.6801173090934753 0.21556659042835236 0.18656796216964722
0 0.10799603909254074 0.6983611583709717 0.14904294908046722 0.1808040887117386
