0 0.8154299855232239 0.5615109801292419 0.04101598262786865 0.18804898858070374
0 0.7729489803314209 0.5615109801292419 0.0458979606628418 0.19156396389007568
0 0.7163090109825134 0.5650259852409363 0.06543004512786865 0.18101897835731506
0 0.6508790254592896 0.5641480088233948 0.06542998552322388 0.17926201224327087
0 0.5864260196685791 0.5641480088233948 0.06347697973251343 0.17926201224327087
0 0.5229489803314209 0.5641480088233948 0.06347697973251343 0.17926201224327087
0 0.4619140028953552 0.5641480088233948 0.0585939884185791 0.17926201224327087
0 0.4013670086860657 0.5615109801292419 0.0625 0.1739889681339264
0 0.3398439884185791 0.5623900294303894 0.06054699420928955 0.1722320318222046
0 0.2763670086860657 0.5650259852409363 0.0664060115814209 0.17750397324562073
0 0.20947301387786865 0.5615109801292419 0.0673830509185791 0.1845339834690094
0 0.13867199420928955 0.5615109801292419 0.0742189884185791 0.1845339834690094
0 0.06347697973251343 0.5588750243186951 0.07617199420928955 0.18980702757835388
0 0.012695252895355225 0.5606330037117004 0.02539050579071045 0.19683697819709778
