0 0.4082877039909363 0.06724696606397629 0.08373239636421204 0.11341319978237152
0 0.4932905435562134 0.06237095594406128 0.07407780736684799 0.11327782273292542
0 0.40996986627578735 0.18483982980251312 0.07507110387086868 0.1178421825170517
0 0.49351581931114197 0.18146012723445892 0.06827464699745178 0.11167997866868973
0 0.4107106626033783 0.2986255884170532 0.07599928975105286 0.111788310110569
0 0.49281296133995056 0.2944673001766205 0.07604650408029556 0.11937334388494492
0 0.4123975932598114 0.41545912623405457 0.0828523337841034 0.12705214321613312
0 0.4944620728492737 0.4173692762851715 0.07314962148666382 0.11933272331953049
0 0.4097307324409485 0.5337493419647217 0.07696428149938583 0.11180185526609421
0 0.4937308728694916 0.534927248954773 0.06730968505144119 0.1116664782166481
0 0.41044795513153076 0.6513276696205139 0.07795851677656174 0.11636616289615631
0 0.4954272210597992 0.6502441763877869 0.07209974527359009 0.10566677153110504
0 0.4135691225528717 0.7704574465751648 0.07989887148141861 0.11790987849235535
0 0.4942229390144348 0.7662788033485413 0.07699258625507355 0.1163526177406311
0 0.413320392370224 0.888022243976593 0.0808742418885231 0.11944103986024857
0 0.4944199323654175 0.8899188041687012 0.08084592968225479 0.11489027738571167
0 0.4088311493396759 0.9740341901779175 0.08256927877664566 0.05193160101771355
0 0.4947904944419861 0.9738713502883911 0.08446246385574341 0.052257247269153595
0 0.5865004658699036 0.0587126649916172 0.09439167380332947 0.1174253299832344
0 0.6792044043540955 0.05708060413599014 0.09243138879537582 0.11416120827198029
0 0.76995849609375 0.05866582319140434 0.08857898414134979 0.1165151298046112
0 0.8563777208328247 0.05911925807595253 0.09146645665168762 0.1150391548871994
0 0.9502137303352356 0.061265286058187485 0.09957255423069 0.11681299656629562
0 0.5867494344711304 0.17290666699409485 0.09242194890975952 0.11353504657745361
0 0.6769964694976807 0.17872336506843567 0.08956384658813477 0.11956289410591125
0 0.7677552700042725 0.17999601364135742 0.08958271145820618 0.12259609997272491
0 0.8555852174758911 0.18653720617294312 0.08953553438186646 0.11501208692789078
0 0.9498363137245178 0.18261578679084778 0.10032735764980316 0.11681298911571503
0 0.5855215191841125 0.2927338182926178 0.09531885385513306 0.11357566714286804
0 0.6782206892967224 0.29251593351364136 0.08765178918838501 0.1225690171122551
0 0.7655813694000244 0.2967754006385803 0.08467940241098404 0.11039353907108307
0 0.8548681139945984 0.301820307970047 0.08951666206121445 0.11197785288095474
0 0.9509168267250061 0.30322834849357605 0.09816638380289078 0.11222155392169952
0 0.5867306590080261 0.4088023006916046 0.09144758433103561 0.11200494319200516
0 0.6770012974739075 0.4108264446258545 0.09054763615131378 0.12260963022708893
0 0.766288161277771 0.41587135195732117 0.08573030680418015 0.12405851483345032
0 0.8541510701179504 0.4171033799648285 0.09152305871248245 0.12413974851369858
0 0.9486132264137268 0.41924262046813965 0.10277358442544937 0.11986073851585388
0 0.5855112671852112 0.5271117687225342 0.09239364415407181 0.10898523777723312
0 0.676274836063385 0.5276261568069458 0.09047216176986694 0.11047476530075073
0 0.7655616402626038 0.5326710343360901 0.09146645665168762 0.1150391697883606
0 0.8543707132339478 0.5369498133659363 0.08955440670251846 0.11804527044296265
0 0.9487371444702148 0.5368074178695679 0.10252571105957031 0.11529641598463058
0 0.5852540731430054 0.6461941599845886 0.09151362627744675 0.12262310832738876
0 0.6769684553146362 0.6489970088005066 0.09153249859809875 0.1256573647260666
0 0.7653374671936035 0.6464443206787109 0.08864502608776093 0.12713338434696198
0 0.856072723865509 0.6515084505081177 0.09050989896059036 0.11654216796159744
0 0.9498081803321838 0.6574199199676514 0.10038360953330994 0.11677233129739761
0 0.5845134258270264 0.7652698159217834 0.09724033623933792 0.11208617687225342
0 0.6767150163650513 0.7673210501670837 0.09050989896059036 0.11654216796159744
0 0.7655429244041443 0.7685666680335999 0.09050989896059036 0.11654216796159744
0 0.8563017249107361 0.7698392868041992 0.09045328944921494 0.1074405089020729
0 0.9494308233261108 0.7749778628349304 0.1011384055018425 0.12435636669397354
0 0.5857320427894592 0.8798206448554993 0.09726864844560623 0.11663693934679031
0 0.6774416565895081 0.8833827376365662 0.08955440670251846 0.11804527044296265
0 0.7667520642280579 0.8846350908279419 0.09050046652555466 0.11502565443515778
0 0.8570095300674438 0.8889341950416565 0.08959214389324188 0.12411266565322876
0 0.9505159854888916 0.8910406827926636 0.09896799921989441 0.12583336234092712
0 0.5855492949485779 0.9706683158874512 0.09807423502206802 0.05866333842277527
0 0.6782437562942505 0.9705866575241089 0.09035894274711609 0.05882663652300835
0 0.7675447463989258 0.9727398753166199 0.08744422346353531 0.05452029034495354
0 0.8568268418312073 0.9779067039489746 0.09028345346450806 0.04418659210205078
0 0.9512217044830322 0.9785430431365967 0.09755659103393555 0.04291394725441933
