0 0.6134970188140869 0.33948323130607605 0.23202788829803467 0.10910172015428543
0 0.6385399103164673 0.4360935688018799 0.2478046715259552 0.13570277392864227
0 0.6586928963661194 0.5284830331802368 0.2486351877450943 0.1016131341457367
0 0.692370593547821 0.6411027312278748 0.2673392593860626 0.16803769767284393
0 0.7387279272079468 0.8160043954849243 0.31094011664390564 0.22952184081077576
0 0.7709869742393494 0.9527280330657959 0.3130325973033905 0.09454398602247238
0 0.5057519674301147 0.6617188453674316 0.1317201405763626 0.11261244118213654
0 0.5237966179847717 0.7701568603515625 0.1418742537498474 0.12431974709033966
0 0.5396044254302979 0.8676028251647949 0.15965764224529266 0.09715883433818817
0 0.5499188303947449 0.9491351842880249 0.18515931069850922 0.10172966867685318
0 0.7616641521453857 0.32141241431236267 0.1136486604809761 0.10018881410360336
0 0.8021548390388489 0.4212893843650818 0.15280288457870483 0.12710681557655334
0 0.8279580473899841 0.5150333046913147 0.1423320174217224 0.08839908987283707
0 0.8704988956451416 0.6249853372573853 0.16820670664310455 0.15187589824199677
0 0.9118871688842773 0.8047468662261963 0.17622561752796173 0.23056352138519287
0 0.9484186172485352 0.9460422992706299 0.1031627431511879 0.10791544616222382
