0 0.6411129832267761 0.3989750146865845 0.1083979606628418 0.3323569595813751
0 0.9536129832267761 0.38360199332237244 0.0927729606628418 0.4041000008583069
0 0.25195300579071045 0.41874098777770996 0.08789098262786865 0.24304497241973877
0 0.3525390028953552 0.4062960147857666 0.1132810115814209 0.26793599128723145
0 0.45507800579071045 0.40775999426841736 0.08789098262786865 0.2884330153465271
0 0.5424799919128418 0.47144898772239685 0.08691403269767761 0.17569500207901
1 0.8120120167732239 0.434114009141922 0.18456995487213135 0.30600303411483765
1 0.0976559966802597 0.4421669840812683 0.06445300579071045 0.16691097617149353
1 0.039062000811100006 0.44655901193618774 0.056640997529029846 0.16105401515960693
0 0.765625 0.43264999985694885 0.0664060115814209 0.27671998739242554
0 0.8535159826278687 0.43264999985694885 0.06835901737213135 0.27964895963668823
