0 0.9297178387641907 0.44708049297332764 0.14056435227394104 0.06572063267230988
0 0.7375242114067078 0.4401334524154663 0.16582472622394562 0.07672341912984848
0 0.520881712436676 0.42916831374168396 0.15262004733085632 0.06209055334329605
0 0.3312181830406189 0.42695295810699463 0.1603102833032608 0.068801648914814
0 0.14387395977973938 0.4248202443122864 0.12564194202423096 0.06885449588298798
0 0.7491483092308044 0.1712307333946228 0.15118621289730072 0.11096540838479996
0 0.5666648745536804 0.16732436418533325 0.14740994572639465 0.09795574843883514
0 0.3854147791862488 0.16281268000602722 0.1533619463443756 0.10975570976734161
0 0.922376811504364 0.5357146263122559 0.1552463322877884 0.06750921905040741
0 0.7219735383987427 0.5265390276908875 0.17220556735992432 0.07180090993642807
0 0.5191110968589783 0.5173634886741638 0.15552325546741486 0.0673438236117363
0 0.32509610056877136 0.5123969316482544 0.17220556735992432 0.07180090993642807
0 0.12680235505104065 0.5040334463119507 0.13651876151561737 0.06280399858951569
0 0.9166156053543091 0.6717817783355713 0.16676878929138184 0.16575618088245392
0 0.7197520136833191 0.6601444482803345 0.175718754529953 0.16462916135787964
0 0.515511691570282 0.6528666615486145 0.18964430689811707 0.16512538492679596
0 0.3006074130535126 0.64715576171875 0.1729620397090912 0.1606682389974594
0 0.11021978408098221 0.6410208344459534 0.15424847602844238 0.1587141901254654
