0 0.2822180688381195 0.187139093875885 0.04559028893709183 0.19680380821228027
0 0.26873016357421875 0.3524228036403656 0.043245647102594376 0.14748002588748932
0 0.2461778074502945 0.165821835398674 0.047901272773742676 0.16005177795886993
0 0.2345590591430664 0.35409966111183167 0.05221248045563698 0.22451184689998627
0 0.21027100086212158 0.18616479635238647 0.04336275905370712 0.1920173615217209
0 0.19479775428771973 0.3738621175289154 0.046714987605810165 0.18510103225708008
0 0.6167094707489014 0.16928942501544952 0.11029832065105438 0.2658922076225281
0 0.8247339725494385 0.19450624287128448 0.1258743554353714 0.25636202096939087
0 0.961315393447876 0.20992186665534973 0.07736919820308685 0.2391037940979004
0 0.8045598864555359 0.4670461416244507 0.13108782470226288 0.33431243896484375
0 0.5978606343269348 0.4511125385761261 0.10640016943216324 0.32169780135154724
0 0.9502868056297302 0.48275038599967957 0.09942635148763657 0.35303258895874023
