0 0.7150265574455261 0.552689790725708 0.17863957583904266 0.20265907049179077
0 0.6886094808578491 0.7352181673049927 0.1873277723789215 0.25397640466690063
0 0.5449492335319519 0.5006164908409119 0.19694247841835022 0.21739855408668518
0 0.5207116007804871 0.6852297186851501 0.20321603119373322 0.25745850801467896
0 0.3744903802871704 0.44771459698677063 0.15250971913337708 0.20398080348968506
0 0.34808653593063354 0.6338137984275818 0.15481746196746826 0.241527259349823
1 0.627676248550415 0.9406659603118896 0.08780575543642044 0.11866804957389832
1 0.4846342206001282 0.9105053544044495 0.08649352937936783 0.14456400275230408
1 0.34262895584106445 0.8654825091362 0.08798950910568237 0.14896400272846222
4 0.12227354198694229 0.7775336503982544 0.045811038464307785 0.18623648583889008
0 0.0481434129178524 0.43899813294410706 0.0962868258357048 0.14261509478092194
0 0.07704779505729675 0.17523618042469025 0.10702723264694214 0.16918954253196716
4 0.6169114708900452 0.6279467940330505 0.07723063975572586 0.3733910620212555
4 0.43492406606674194 0.5729902982711792 0.06719911843538284 0.37299424409866333
