0 0.17001385986804962 0.6168612241744995 0.28204280138015747 0.23226824402809143
0 0.5143221020698547 0.5464964509010315 0.2625529170036316 0.29104650020599365
0 0.8585109710693359 0.5460569858551025 0.28250959515571594 0.22166933119297028
0 0.09835832566022873 0.8388168811798096 0.11923035979270935 0.22867047786712646
0 0.2839467227458954 0.8137315511703491 0.08160717785358429 0.21098476648330688
0 0.20135091245174408 0.8248066902160645 0.10517510771751404 0.21805156767368317
0 0.7773596048355103 0.7636425495147705 0.10243897140026093 0.24210019409656525
0 0.9430716037750244 0.7503969669342041 0.11385675519704819 0.23776166141033173
1 0.45807474851608276 0.7944733500480652 0.10639868676662445 0.2029687762260437
1 0.5911766886711121 0.7864864468574524 0.1058596521615982 0.21203896403312683
