0 0.2929689884185791 0.30085501074790955 0.1875 0.3931620121002197
0 0.2919920086860657 0.6598290205001831 0.18554699420928955 0.25641000270843506
0 0.7451170086860657 0.4017089903354645 0.0546879768371582 0.1606839895248413
0 0.6967769861221313 0.40256398916244507 0.0419919490814209 0.15897399187088013
0 0.6362299919128418 0.40085500478744507 0.0771479606628418 0.15213698148727417
0 0.5673829913139343 0.3982909917831421 0.06054699420928955 0.15726500749588013
0 0.5151369571685791 0.3991450071334839 0.04394501447677612 0.15897399187088013
0 0.4560549855232239 0.40085500478744507 0.0742189884185791 0.15555596351623535
0 0.6665040254592896 0.6572650074958801 0.2568359971046448 0.2205129861831665
0 0.49658194184303284 0.6564099788665771 0.06738299131393433 0.10940194129943848
0 0.011230260133743286 0.33333298563957214 0.022460520267486572 0.21880298852920532
