0 0.9566164016723633 0.5850035548210144 0.08676724880933762 0.28177306056022644
0 0.8657249808311462 0.5545244812965393 0.16832676529884338 0.2936995029449463
0 0.740320086479187 0.5249093174934387 0.14951027929782867 0.26583558320999146
0 0.6277709603309631 0.49060723185539246 0.1377488076686859 0.24841947853565216
0 0.5228111147880554 0.4632909297943115 0.129564106464386 0.22407743334770203
0 0.42026734352111816 0.4367760121822357 0.1234418973326683 0.1950114220380783
0 0.3193424940109253 0.41303321719169617 0.12071874737739563 0.17653398215770721
0 0.2103303223848343 0.39257368445396423 0.1258576512336731 0.15525378286838531
0 0.09431765973567963 0.36457815766334534 0.13549105823040009 0.13951776921749115
0 0.02268197387456894 0.34159326553344727 0.03710382431745529 0.10827769339084625
