0 0.3847219944000244 0.4795770049095154 0.14351898431777954 0.22112703323364258
0 0.5796300172805786 0.48380300402641296 0.15555596351623535 0.20140796899795532
0 0.6759260296821594 0.4866200089454651 0.04814803600311279 0.20704197883605957
0 0.758795976638794 0.4823940396308899 0.11018502712249756 0.20704200863838196
0 0.47916698455810547 0.4781689941883087 0.047221988439559937 0.21267598867416382
0 0.27361100912094116 0.7147889733314514 0.03240698575973511 0.1788729429244995
0 0.3449069857597351 0.7514079809188843 0.049073994159698486 0.2605630159378052
0 0.4365740418434143 0.7542250156402588 0.13425901532173157 0.26901400089263916
0 0.5717589855194092 0.75 0.13425898551940918 0.26619696617126465
0 0.6652780175209045 0.7492960095405579 0.04907405376434326 0.2676060199737549
0 0.7435190081596375 0.7042250037193298 0.03518497943878174 0.16901397705078125
