0 0.46337899565696716 0.08263099938631058 0.12597697973251343 0.09106199443340302
0 0.5893549919128418 0.08516000211238861 0.1259770393371582 0.08600300550460815
0 0.7153319716453552 0.08516000211238861 0.1259770393371582 0.08600300550460815
0 0.8515620231628418 0.08263099938631058 0.14648401737213135 0.09106199443340302
0 0.4619140028953552 0.2723439931869507 0.125 0.09612101316452026
0 0.5883790254592896 0.2723439931869507 0.12793004512786865 0.09612101316452026
0 0.7143549919128418 0.2723439931869507 0.1240229606628418 0.09612101316452026
0 0.8505859971046448 0.2748740017414093 0.1484379768371582 0.09106200933456421
0 0.4604490101337433 0.45699799060821533 0.12597697973251343 0.08768999576568604
0 0.5874019861221313 0.45531201362609863 0.12793004512786865 0.09106197953224182
0 0.7128909826278687 0.4519389867782593 0.12304699420928955 0.08431696891784668
0 0.8486329913139343 0.45362600684165955 0.14648401737213135 0.08768999576568604
0 0.4599609971046448 0.6332209706306458 0.12695300579071045 0.08937597274780273
0 0.5859379768371582 0.6340640187263489 0.125 0.08768999576568604
0 0.4609379768371582 0.817031979560852 0.12499997019767761 0.09612095355987549
0 0.5878909826278687 0.8195620179176331 0.1289060115814209 0.09106194972991943
0 0.7177730202674866 0.8187180161476135 0.13085901737213135 0.08937597274780273
0 0.8530269861221313 0.8212479948997498 0.1396479606628418 0.08768999576568604
