0 0.24522151052951813 0.4024849534034729 0.33358415961265564 0.3835865259170532
0 0.16876614093780518 0.06287094950675964 0.09412379562854767 0.1257418990135193
0 0.2865169644355774 0.08821190148591995 0.09978412091732025 0.14750893414020538
0 0.40330272912979126 0.11970995366573334 0.09264075756072998 0.14140158891677856
0 0.6484867334365845 0.1875065267086029 0.09771767258644104 0.14556390047073364
0 0.76670902967453 0.2230507880449295 0.09713322669267654 0.14809364080429077
0 0.8787993788719177 0.25682783126831055 0.09488698840141296 0.14474762976169586
0 0.6043590903282166 0.5467298626899719 0.11767149716615677 0.3860894441604614
0 0.677947998046875 0.5679505467414856 0.11237073689699173 0.3872591555118561
0 0.7571973204612732 0.5908034443855286 0.11578471958637238 0.3855453431606293
0 0.8312355875968933 0.6085216999053955 0.11560486257076263 0.3841433823108673
