0 0.009767327457666397 0.20358340442180634 0.019534654915332794 0.40716680884361267
0 0.05226034298539162 0.20687666535377502 0.08365486562252045 0.41375333070755005
0 0.12782533466815948 0.20724064111709595 0.08359083533287048 0.4144812822341919
0 0.2043077051639557 0.20912900567054749 0.08548860251903534 0.41825801134109497
0 0.28775474429130554 0.07380140572786331 0.08156025409698486 0.14760281145572662
0 0.3643011152744293 0.07421345263719559 0.08345897495746613 0.14842690527439117
0 0.44277727603912354 0.07610180228948593 0.0814962312579155 0.15220360457897186
0 0.52228182554245 0.07582344859838486 0.08140017837285995 0.15164689719676971
0 0.6021655797958374 0.08071230351924896 0.08054783195257187 0.16142460703849792
0 0.683600902557373 0.08200593292713165 0.08443938940763474 0.1640118658542633
0 0.7586418390274048 0.21970564126968384 0.08738631010055542 0.4394112825393677
0 0.8390637636184692 0.222403883934021 0.0874183177947998 0.444807767868042
0 0.9190434813499451 0.22288762032985687 0.08833573013544083 0.44577524065971375
0 0.9724727272987366 0.22508105635643005 0.0403326191008091 0.4501621127128601
0 0.7633499503135681 0.49046382308006287 0.058058928698301315 0.10164869576692581
0 0.8334557414054871 0.49535834789276123 0.0846085324883461 0.10589216649532318
0 0.9133874773979187 0.4999927878379822 0.07967152446508408 0.10417677462100983
0 0.9668334722518921 0.5033364295959473 0.031637001782655716 0.10331059992313385
0 0.26718682050704956 0.3665160834789276 0.05269871652126312 0.3063998520374298
0 0.3186872601509094 0.36902594566345215 0.06329789012670517 0.2980667054653168
0 0.3905687630176544 0.3599659502506256 0.06638006865978241 0.34983816742897034
0 0.4464989900588989 0.3619527816772461 0.05647416412830353 0.34493109583854675
0 0.5092639327049255 0.36575058102607727 0.05441635474562645 0.34040647745132446
0 0.5681212544441223 0.3686189651489258 0.06644410640001297 0.35279184579849243
0 0.6325278878211975 0.3872767984867096 0.05551381781697273 0.3006369471549988
0 0.6900577545166016 0.3834289610385895 0.056719329208135605 0.311020165681839
