0 0.229980006814003 0.1678990125656128 0.15331998467445374 0.2736690044403076
0 0.38525399565696716 0.17159798741340637 0.15332001447677612 0.2781069874763489
0 0.5405269861221313 0.173816978931427 0.15722700953483582 0.2736690044403076
0 0.6948239803314209 0.17159800231456757 0.1513669490814209 0.26923099160194397
0 0.8466799855232239 0.17159800231456757 0.1523439884185791 0.26923099160194397
0 0.9614260196685791 0.17529597878456116 0.0771479606628418 0.2766270041465759
0 0.23144501447677612 0.4393489956855774 0.15820302069187164 0.26035499572753906
0 0.3862299919128418 0.43713000416755676 0.15917998552322388 0.2647929787635803
0 0.5385739803314209 0.4423080086708069 0.15722700953483582 0.26331400871276855
0 0.6962890028953552 0.441567987203598 0.1523439884185791 0.2588760256767273
0 0.8500980138778687 0.4393489956855774 0.1552729606628418 0.2662719786167145
0 0.9624019861221313 0.4445270001888275 0.07519495487213135 0.2647929787635803
