0 0.8952159881591797 0.2536548674106598 0.14159239828586578 0.18789459764957428
0 0.9080850481987 0.3903294801712036 0.13031823933124542 0.12985794246196747
0 0.9191725850105286 0.5037821531295776 0.1347908079624176 0.1414516419172287
0 0.7540299296379089 0.25549089908599854 0.15764889121055603 0.20381420850753784
0 0.6225293278694153 0.2846730947494507 0.1463116854429245 0.20168517529964447
0 0.49595746397972107 0.30619898438453674 0.14581823348999023 0.19729138910770416
0 0.3704427182674408 0.3297696113586426 0.14419832825660706 0.19698718190193176
0 0.2457365095615387 0.3531883955001831 0.14419832825660706 0.19698718190193176
0 0.11386653780937195 0.3790735900402069 0.1585274487733841 0.1975264996290207
0 0.7737697958946228 0.43125632405281067 0.16039425134658813 0.20002864301204681
0 0.6422159671783447 0.4525966942310333 0.15092360973358154 0.20040066540241241
0 0.5153270959854126 0.47866860032081604 0.14881013333797455 0.19570165872573853
0 0.38887858390808105 0.5012925267219543 0.14257948100566864 0.19668316841125488
0 0.26473602652549744 0.522362232208252 0.14370475709438324 0.19259241223335266
0 0.1346093863248825 0.5490421056747437 0.1545485109090805 0.19032765924930573
0 0.21946266293525696 0.693510890007019 0.13127322494983673 0.16659972071647644
0 0.7258896231651306 0.5939216613769531 0.1404971331357956 0.1640307754278183
0 0.47209790349006653 0.6606506109237671 0.1335570514202118 0.13046613335609436
1 0.5984230637550354 0.6369277834892273 0.08447705209255219 0.1169481948018074
1 0.3456493616104126 0.6832744479179382 0.09070876985788345 0.11596795171499252
1 0.12963160872459412 0.7182321548461914 0.06976167112588882 0.12708909809589386
1 0.8194378018379211 0.5875701904296875 0.07472856342792511 0.1430767923593521
