0 0.8535112738609314 0.05594734102487564 0.1427617371082306 0.11189468204975128
0 0.8700660467147827 0.31915411353111267 0.15665660798549652 0.4499678313732147
0 0.8901722431182861 0.7238830327987671 0.1583680808544159 0.4124617576599121
0 0.6354148387908936 0.06855964660644531 0.16714194416999817 0.13711929321289062
0 0.6516520380973816 0.33849820494651794 0.18842799961566925 0.44804906845092773
0 0.6778176426887512 0.749836802482605 0.1904570460319519 0.41638365387916565
0 0.4107913076877594 0.08251698315143585 0.17469185590744019 0.1650339663028717
0 0.43001890182495117 0.36852574348449707 0.19031645357608795 0.44827988743782043
0 0.45221102237701416 0.7766745090484619 0.1886490434408188 0.4176137447357178
0 0.1812499463558197 0.09299701452255249 0.1780708283185959 0.18599402904510498
0 0.19996626675128937 0.3922329843044281 0.1893721967935562 0.4481644928455353
0 0.2199571281671524 0.796546459197998 0.19258278608322144 0.4069071114063263
0 0.019368983805179596 0.11162182688713074 0.03873796761035919 0.17189578711986542
0 0.03226206824183464 0.4115949869155884 0.06452413648366928 0.451040655374527
0 0.04062165319919586 0.8116375803947449 0.08124330639839172 0.37672480940818787
