0 0.9501950144767761 0.11500000953674316 0.09570300579071045 0.22333300113677979
0 0.8427730202674866 0.11833299696445465 0.11914098262786865 0.22999998927116394
0 0.7255859971046448 0.11833299696445465 0.11523401737213135 0.22999998927116394
0 0.6123049855232239 0.11500000953674316 0.11132800579071045 0.22333300113677979
0 0.4990230202674866 0.1166670024394989 0.11523401737213135 0.22666698694229126
0 0.38867199420928955 0.11500000953674316 0.1132810115814209 0.22333300113677979
0 0.2763670086860657 0.11833299696445465 0.11523401737213135 0.22999998927116394
0 0.16308599710464478 0.1166670024394989 0.11132800579071045 0.22666698694229126
0 0.05273425579071045 0.11999999731779099 0.1054685115814209 0.23333300650119781
0 0.9492189884185791 0.3700000047683716 0.0976560115814209 0.2799999713897705
0 0.9482420086860657 0.6466670036315918 0.09960901737213135 0.2799999713897705
0 0.9482420086860657 0.8916667699813843 0.09960901737213135 0.21666646003723145
0 0.8408200144767761 0.36833301186561584 0.11523401737213135 0.2833330035209656
0 0.8427730202674866 0.6466670036315918 0.11914098262786865 0.2733330726623535
0 0.8408200144767761 0.8916667699813843 0.12304699420928955 0.21666646003723145
0 0.7275390028953552 0.37166696786880493 0.11132800579071045 0.2766669690608978
0 0.7275390028953552 0.6433330178260803 0.11523401737213135 0.27333295345306396
0 0.7236329913139343 0.8849999904632568 0.11523401737213135 0.23000001907348633
0 0.6132810115814209 0.36500000953674316 0.1171879768371582 0.2766669988632202
0 0.6132810115814209 0.6349999904632568 0.1132810115814209 0.2766669988632202
0 0.4990230202674866 0.36500000953674316 0.11132800579071045 0.26999998092651367
0 0.3857420086860657 0.3616669774055481 0.11523401737213135 0.2766669690608978
0 0.27539098262786865 0.36500000953674316 0.109375 0.2766669988632202
0 0.16308599710464478 0.37166696786880493 0.11523401737213135 0.2766669690608978
0 0.051757991313934326 0.3700000047683716 0.10351598262786865 0.2799999713897705
0 0.5009769797325134 0.6416670083999634 0.10742199420928955 0.26999998092651367
0 0.3867189884185791 0.6399999856948853 0.109375 0.2799999713897705
0 0.2734379768371582 0.6383330225944519 0.109375 0.2766669988632202
0 0.1640620231628418 0.6433330178260803 0.1210939884185791 0.2799999713897705
0 0.053710997104644775 0.6466670036315918 0.10742199420928955 0.2799999713897705
0 0.6123049855232239 0.8866667747497559 0.11914098262786865 0.22666651010513306
0 0.4990230202674866 0.8883330225944519 0.11132800579071045 0.22333300113677979
0 0.3876950144767761 0.8883330225944519 0.11523401737213135 0.22333300113677979
0 0.2734379768371582 0.8899999856948853 0.1210939884185791 0.2200000286102295
0 0.1601560115814209 0.8883330225944519 0.1171879768371582 0.22333300113677979
0 0.0546879768371582 0.8916667699813843 0.109375 0.21666646003723145
