0 0.8050153851509094 0.26867103576660156 0.2831937074661255 0.09880359470844269
0 0.7724452018737793 0.4104587733745575 0.2914584279060364 0.09734729677438736
0 0.7516017556190491 0.5533349514007568 0.29240885376930237 0.10160516202449799
0 0.7189115881919861 0.703914225101471 0.304866760969162 0.103540800511837
0 0.7231882810592651 0.6847546100616455 0.18986353278160095 0.11170229315757751
5 0.09625017642974854 0.8029863834381104 0.19250035285949707 0.1326255351305008
0 0.3186938464641571 0.32306861877441406 0.11603565514087677 0.14270229637622833
0 0.2887428104877472 0.4366280436515808 0.11330576241016388 0.13816885650157928
0 0.2588518261909485 0.5457911491394043 0.1284944862127304 0.14463816583156586
0 0.23908913135528564 0.6425777077674866 0.11630705744028091 0.12082447111606598
0 0.36970460414886475 0.6555293202400208 0.10463100671768188 0.09160938858985901
0 0.45608219504356384 0.6645457744598389 0.04767971485853195 0.08276047557592392
0 0.3997765779495239 0.5331785678863525 0.09770780056715012 0.08368293195962906
0 0.4262666404247284 0.42275241017341614 0.0964406356215477 0.07800602912902832
0 0.4503060281276703 0.3068062365055084 0.08544573932886124 0.07492794096469879
