0 0.814135730266571 0.3131270706653595 0.13336993753910065 0.14895370602607727
0 0.7229495048522949 0.2858552038669586 0.0826161578297615 0.13207481801509857
0 0.6279136538505554 0.2609696686267853 0.1410711258649826 0.15782389044761658
0 0.7937149405479431 0.4324588179588318 0.13596343994140625 0.16016067564487457
0 0.7010623216629028 0.40830472111701965 0.08418501913547516 0.13646066188812256
0 0.6060265898704529 0.3834192156791687 0.1407320350408554 0.16162419319152832
0 0.7741454839706421 0.5527658462524414 0.13548268377780914 0.15090323984622955
0 0.6821752786636353 0.5273942947387695 0.08289194852113724 0.13996818661689758
0 0.5887072682380676 0.4987081289291382 0.14011715352535248 0.15753111243247986
0 0.7566561698913574 0.6658617258071899 0.13766533136367798 0.15938186645507812
0 0.6657065153121948 0.6436571478843689 0.07784653455018997 0.13061097264289856
0 0.5738388895988464 0.617603063583374 0.13950227200984955 0.1534380167722702
0 0.7395069003105164 0.7833436727523804 0.13970734179019928 0.15480312705039978
0 0.6489672660827637 0.7584100961685181 0.07498583197593689 0.12973302602767944
0 0.5559406280517578 0.7334282994270325 0.14468076825141907 0.1576305329799652
0 0.3481875956058502 0.1836828738451004 0.14447586238384247 0.15626655519008636
0 0.25420716404914856 0.1584072858095169 0.07750853896141052 0.13441161811351776
0 0.16482532024383545 0.13240212202072144 0.13609756529331207 0.1549963355064392
0 0.32923197746276855 0.2998965084552765 0.1388242095708847 0.16103866696357727
0 0.23896478116512299 0.2764745354652405 0.07655467838048935 0.13411884009838104
0 0.14719858765602112 0.24973759055137634 0.14182007312774658 0.15675261616706848
0 0.3084372580051422 0.41839951276779175 0.13630247116088867 0.15636034309864044
0 0.22103077173233032 0.39585548639297485 0.07212401926517487 0.1288546621799469
0 0.13100332021713257 0.36751237511634827 0.1415431797504425 0.14885887503623962
0 0.2916969358921051 0.5331521034240723 0.13071304559707642 0.14943939447402954
0 0.20456288754940033 0.512119710445404 0.07471003383398056 0.12183962762355804
0 0.11191027611494064 0.4879656136035919 0.1417481005191803 0.15022295713424683
0 0.27212750911712646 0.6534591913223267 0.13377976417541504 0.15168172121047974
0 0.1845509558916092 0.6287220120429993 0.07498583197593689 0.12973302602767944
0 0.09442111849784851 0.6010603904724121 0.13888739049434662 0.14934498071670532
