0 0.27464115619659424 0.505279004573822 0.06203507259488106 0.278378963470459
0 0.323013573884964 0.4815884530544281 0.09072783589363098 0.3067069947719574
0 0.3829575479030609 0.46177226305007935 0.09530781209468842 0.3255472779273987
0 0.4448240101337433 0.43794137239456177 0.09126172959804535 0.338352233171463
0 0.5014336705207825 0.22885628044605255 0.043868016451597214 0.1605590581893921
0 0.5424129962921143 0.23334386944770813 0.06240628659725189 0.1413891315460205
0 0.5998734831809998 0.24419638514518738 0.06859195232391357 0.10575852543115616
0 0.5200720429420471 0.4082605242729187 0.05479035526514053 0.20685705542564392
0 0.6116305589675903 0.38784947991371155 0.07574369013309479 0.21152816712856293
0 0.6157158017158508 0.4557734727859497 0.2970348298549652 0.14571930468082428
0 0.4718141257762909 0.704395592212677 0.0906631201505661 0.20937080681324005
0 0.5415083169937134 0.688858687877655 0.08610859513282776 0.20835547149181366
0 0.7238137125968933 0.6446323990821838 0.08562364429235458 0.21235959231853485
