0 0.8825806379318237 0.2237040102481842 0.1488463580608368 0.1427692025899887
0 0.902492105960846 0.32736897468566895 0.1426497995853424 0.1350415199995041
0 0.9217380285263062 0.42254388332366943 0.1471591293811798 0.14225156605243683
0 0.9335187673568726 0.5028013586997986 0.13296250998973846 0.096977598965168
0 0.7373887896537781 0.23890303075313568 0.16499316692352295 0.16131725907325745
0 0.7567448616027832 0.3492601215839386 0.16403740644454956 0.14742980897426605
0 0.7792885899543762 0.4575519859790802 0.1664806455373764 0.15206320583820343
0 0.6005802750587463 0.2852228581905365 0.15166720747947693 0.14946036040782928
0 0.47052478790283203 0.3294718861579895 0.1507340669631958 0.15305790305137634
0 0.3387690484523773 0.3644600212574005 0.1512896567583084 0.14740262925624847
0 0.20814603567123413 0.40562132000923157 0.14922384917736053 0.14482693374156952
0 0.07677304744720459 0.45040205121040344 0.15354609489440918 0.15463890135288239
0 0.6210591793060303 0.39197462797164917 0.15260034799575806 0.14586283266544342
0 0.49062514305114746 0.43416622281074524 0.1467813402414322 0.14019283652305603
0 0.359158456325531 0.4755863547325134 0.15390995144844055 0.1443227082490921
0 0.22712557017803192 0.5139203667640686 0.14791423082351685 0.14636705815792084
0 0.08852943778038025 0.5553542375564575 0.16779133677482605 0.15052340924739838
0 0.6388165354728699 0.4984750747680664 0.15035656094551086 0.15100017189979553
0 0.5088494420051575 0.5383488535881042 0.1503565013408661 0.15100015699863434
0 0.3780376613140106 0.5784817934036255 0.15204475820064545 0.1515181064605713
0 0.24741463363170624 0.6196430921554565 0.14997895061969757 0.14894238114356995
0 0.11360517889261246 0.6628702282905579 0.15917421877384186 0.15564727783203125
0 0.7250444889068604 0.5991837978363037 0.15188980102539062 0.17671801149845123
0 0.5923568606376648 0.6388059258460999 0.14831361174583435 0.16591037809848785
0 0.46361085772514343 0.6804786920547485 0.15413238108158112 0.17157939076423645
0 0.33674198389053345 0.7226627469062805 0.13780874013900757 0.16074565052986145
0 0.20367561280727386 0.7602265477180481 0.15564276278018951 0.1798112690448761
0 0.09714971482753754 0.791821300983429 0.09450126439332962 0.15911126136779785
