0 0.9064602851867676 0.09045649319887161 0.16952525079250336 0.18091298639774323
0 0.6751265525817871 0.09003210067749023 0.2748221457004547 0.18006420135498047
0 0.9068059325218201 0.2983778119087219 0.1679244339466095 0.19512628018856049
0 0.6663063168525696 0.2932113707065582 0.2788032591342926 0.194502592086792
0 0.3041920065879822 0.08972793817520142 0.276420533657074 0.17945587635040283
0 0.07841232419013977 0.0867498368024826 0.15682464838027954 0.1734996736049652
0 0.3057427704334259 0.2920733392238617 0.27080976963043213 0.18641582131385803
0 0.07658781111240387 0.29608815908432007 0.15317562222480774 0.1963476985692978
0 0.903986930847168 0.691628098487854 0.17225584387779236 0.3584277331829071
0 0.6674779057502747 0.6859049201011658 0.2735501229763031 0.35201045870780945
0 0.9023097157478333 0.921023964881897 0.17406390607357025 0.07901809364557266
0 0.666192889213562 0.9181773066520691 0.27298641204833984 0.08293716609477997
0 0.3013361394405365 0.6818658113479614 0.278326153755188 0.34743353724479675
0 0.07825315743684769 0.6841830015182495 0.15650631487369537 0.34470176696777344
0 0.29844778776168823 0.9181554913520813 0.2745741605758667 0.07949554175138474
0 0.07946128398180008 0.9193412661552429 0.15892256796360016 0.07449421286582947
