0 0.8777706027030945 0.04235874488949776 0.12519487738609314 0.08471748977899551
0 0.7683871984481812 0.06886827945709229 0.14996732771396637 0.13773655891418457
0 0.648614764213562 0.09151478111743927 0.14597415924072266 0.18302956223487854
0 0.5324258208274841 0.11029862612485886 0.1411646157503128 0.2205972522497177
0 0.41684895753860474 0.1411031186580658 0.14556553959846497 0.25576701760292053
0 0.3038589358329773 0.1829291433095932 0.14316070079803467 0.25190356373786926
0 0.18948481976985931 0.23016594350337982 0.14597415924072266 0.2588618993759155
0 0.07350028306245804 0.27314451336860657 0.14157335460186005 0.2542317509651184
0 0.014661714434623718 0.31961360573768616 0.029323428869247437 0.2581184208393097
0 0.9080358147621155 0.1993865817785263 0.134138286113739 0.2983807623386383
0 0.9364445805549622 0.45667240023612976 0.1271108090877533 0.2991483807563782
0 0.9534041285514832 0.6841692924499512 0.09319175034761429 0.240339457988739
0 0.7970408797264099 0.2404453456401825 0.15251274406909943 0.3083847761154175
0 0.8331604599952698 0.49812740087509155 0.15527991950511932 0.30063489079475403
0 0.8612011075019836 0.7263919115066528 0.152324840426445 0.24955184757709503
0 0.6816693544387817 0.28806668519973755 0.14770330488681793 0.3006596863269806
0 0.7149753570556641 0.5403248071670532 0.15128673613071442 0.2990991473197937
0 0.7406113147735596 0.7662622928619385 0.14597415924072266 0.2588619291782379
0 0.5640731453895569 0.3267855644226074 0.1536925584077835 0.3029630184173584
0 0.597174882888794 0.5774966478347778 0.149699404835701 0.30142736434936523
0 0.44729435443878174 0.3716951310634613 0.1468859314918518 0.29446902871131897
0 0.33110544085502625 0.41312578320503235 0.15169548988342285 0.3021949827671051
0 0.21872839331626892 0.45959460735321045 0.14570720493793488 0.2998920977115631
0 0.10476303845643997 0.5099272131919861 0.15169548988342285 0.3021949827671051
0 0.0304191242903471 0.5521372556686401 0.0608382485806942 0.3006840646266937
0 0.4832105338573456 0.6278288960456848 0.1428937464952469 0.29293373227119446
0 0.36622732877731323 0.6711905598640442 0.14611582458019257 0.3029869496822357
0 0.250242680311203 0.7141682505607605 0.14570720493793488 0.2998920977115631
0 0.13906659185886383 0.7618017196655273 0.15809336304664612 0.30759313702583313
0 0.0493747740983963 0.8082714080810547 0.0987495481967926 0.30221930146217346
0 0.6270314455032349 0.8115678429603577 0.1495586484670639 0.2573022246360779
0 0.5114544630050659 0.8576410412788391 0.1411646008491516 0.251135915517807
0 0.39767029881477356 0.8875316977500916 0.14515680074691772 0.22493664920330048
0 0.28109681606292725 0.9109581112861633 0.1507374346256256 0.17808379232883453
0 0.16511118412017822 0.93205726146698 0.14715386927127838 0.13588552176952362
0 0.06345027685165405 0.9566476345062256 0.1269005537033081 0.08670470863580704
