0 0.3989439010620117 0.5515505075454712 0.21494843065738678 0.34004586935043335
0 0.585801899433136 0.5840988755226135 0.2117750197649002 0.3395611643791199
0 0.7723544836044312 0.6115893721580505 0.22307877242565155 0.343232661485672
0 0.9286154508590698 0.5382575988769531 0.11367342621088028 0.13791462779045105
0 0.6787316203117371 0.3287419378757477 0.08300812542438507 0.08073265105485916
0 0.9046191573143005 0.7400127649307251 0.08831384778022766 0.2448728084564209
1 0.9082810878753662 0.7355618476867676 0.13011090457439423 0.2881999909877777
0 0.37671855092048645 0.7435546517372131 0.19765222072601318 0.10213194042444229
0 0.5663467049598694 0.772517740726471 0.18893663585186005 0.09302279353141785
0 0.753997802734375 0.8051872253417969 0.19408798217773438 0.09769857674837112
