0 0.7655717134475708 0.4018779695034027 0.11658584326505661 0.1360466182231903
0 0.7520741820335388 0.5121827125549316 0.11834636330604553 0.15596528351306915
0 0.7369632124900818 0.618969738483429 0.11099216341972351 0.12323039025068283
0 0.668809175491333 0.36711806058883667 0.11619091033935547 0.1331554502248764
0 0.6510998606681824 0.4776133894920349 0.11515472084283829 0.1466665118932724
0 0.6374945044517517 0.5848708748817444 0.1151878759264946 0.13284198939800262
0 0.5626199841499329 0.3324257433414459 0.1161908507347107 0.1331554353237152
0 0.5490227341651917 0.44345223903656006 0.11814902722835541 0.1545202136039734
0 0.5347195267677307 0.551998496055603 0.11638831347227097 0.13460054993629456
0 0.4601481258869171 0.3011547923088074 0.11438112705945969 0.13397327065467834
0 0.44695472717285156 0.4130614101886749 0.11915212869644165 0.15483368933200836
0 0.43054449558258057 0.5217030048370361 0.12160421907901764 0.1376148760318756
0 0.3605806231498718 0.2677789628505707 0.11357562243938446 0.1351058930158615
0 0.25741085410118103 0.23779667913913727 0.11517084389925003 0.13975456357002258
0 0.3427806496620178 0.3827663064002991 0.1163392961025238 0.15533798933029175
0 0.24543491005897522 0.3561118543148041 0.11875732988119125 0.15194348990917206
0 0.3289700150489807 0.4876990020275116 0.10997197031974792 0.1298285573720932
0 0.22691090404987335 0.46107837557792664 0.11701371520757675 0.12511220574378967
