0 0.13753676414489746 0.04876093193888664 0.14803403615951538 0.09752186387777328
0 0.3048526346683502 0.06467187404632568 0.2065492421388626 0.12934374809265137
0 0.5030138492584229 0.0846746638417244 0.2155550718307495 0.1693493276834488
0 0.5123181343078613 0.008932122029364109 0.20755019783973694 0.017864244058728218
0 0.7099326252937317 0.027724964544177055 0.20432274043560028 0.05544992908835411
0 0.9032136797904968 0.04610620066523552 0.19357267022132874 0.09221240133047104
0 0.702918291091919 0.10411467403173447 0.21565893292427063 0.19267280399799347
0 0.8986682891845703 0.14455623924732208 0.2026633620262146 0.19118066132068634
0 0.9993231892585754 0.16734080016613007 0.0013535969192162156 0.15735867619514465
0 0.12451586872339249 0.15887451171875 0.14881466329097748 0.18293975293636322
0 0.2906862795352936 0.18451867997646332 0.20951589941978455 0.19262029230594635
0 0.488847553730011 0.2213064432144165 0.2138359248638153 0.19812707602977753
0 0.6890648603439331 0.25729718804359436 0.21321222186088562 0.1910262405872345
0 0.8903495669364929 0.29470375180244446 0.2159709334373474 0.1962232142686844
0 0.9926698207855225 0.31705018877983093 0.01466033048927784 0.16090911626815796
0 0.11107918620109558 0.3073236346244812 0.13908113539218903 0.16822215914726257
0 0.2753234803676605 0.33680078387260437 0.21456648409366608 0.1889679878950119
0 0.4742653965950012 0.373742938041687 0.20868425071239471 0.18315313756465912
0 0.6742487549781799 0.40788185596466064 0.21664758026599884 0.19519448280334473
0 0.8797765374183655 0.44672858715057373 0.22102150321006775 0.19257093966007233
0 0.9884899854660034 0.47085171937942505 0.02302001602947712 0.16811180114746094
0 0.09764159470796585 0.4557715952396393 0.14215178787708282 0.17697054147720337
0 0.2606634199619293 0.4856097996234894 0.2105044573545456 0.19514194130897522
0 0.46077677607536316 0.522783637046814 0.216335728764534 0.1916440725326538
0 0.6639095544815063 0.5617594718933105 0.2165435552597046 0.19401034712791443
0 0.870842695236206 0.6026906967163086 0.22435283660888672 0.19555501639842987
0 0.9847522377967834 0.6294628977775574 0.03049549274146557 0.16332580149173737
0 0.08227881044149399 0.6080536842346191 0.13887141644954681 0.1832992136478424
0 0.243191659450531 0.6392802596092224 0.21060840785503387 0.1963251531124115
0 0.44648149609565735 0.6764805912971497 0.22258271276950836 0.19287972152233124
0 0.06709586083889008 0.7696494460105896 0.13419172167778015 0.1970374882221222
0 0.23019874095916748 0.7962450981140137 0.2214372605085373 0.19730444252490997
0 0.43653303384780884 0.8394663333892822 0.21951018273830414 0.20157456398010254
0 0.9776830673217773 0.7844984531402588 0.04463392496109009 0.17516012489795685
0 0.9711865782737732 0.9261310696601868 0.05762689933180809 0.14773781597614288
0 0.5993615984916687 0.7855848073959351 0.1365075707435608 0.33982470631599426
0 0.6997311115264893 0.809651792049408 0.12016230076551437 0.3284505009651184
0 0.8023134469985962 0.8311472535133362 0.13989190757274628 0.3346792459487915
0 0.9002101421356201 0.8432042598724365 0.1310940980911255 0.31359151005744934
