0 0.3930659890174866 0.4079799950122833 0.06542998552322388 0.17752403020858765
0 0.4443359971046448 0.4307819902896881 0.03320300579071045 0.13843601942062378
0 0.4770509898662567 0.4299669861793518 0.028320014476776123 0.1270359754562378
0 0.4575200080871582 0.3436479866504669 0.06542998552322388 0.052116990089416504
0 0.5229489803314209 0.40472298860549927 0.06543001532554626 0.1742669939994812
0 0.5869140028953552 0.40472298860549927 0.0625 0.1742669939994812
0 0.6523439884185791 0.4055370092391968 0.06835901737213135 0.17589598894119263
0 0.061034999787807465 0.33957698941230774 0.08300800621509552 0.04723101854324341
0 0.1333010047674179 0.34039101004600525 0.06152299791574478 0.04560297727584839
0 0.19824199378490448 0.34039101004600525 0.06835898756980896 0.04560297727584839
0 0.26416000723838806 0.33957698941230774 0.06347699463367462 0.04723101854324341
0 0.328125 0.3420200049877167 0.06445300579071045 0.052116990089416504
