0 0.9326170086860657 0.06141500174999237 0.1328120231628418 0.12015999853610992
0 0.7988280057907104 0.06475300341844559 0.13476598262786865 0.1161549985408783
0 0.6635739803314209 0.06408499926328659 0.14355498552322388 0.12015999853610992
0 0.5234379768371582 0.06208299845457077 0.1367189884185791 0.1161549985408783
0 0.3867189884185791 0.06141500174999237 0.1328120231628418 0.12015999853610992
0 0.2509769797325134 0.06074800342321396 0.13867199420928955 0.11882500350475311
0 0.0898439884185791 0.064084991812706 0.1796879768371582 0.12550100684165955
0 0.9306640028953552 0.20560699701309204 0.13085901737213135 0.15754300355911255
0 0.7978519797325134 0.20627500116825104 0.13476598262786865 0.15620800852775574
0 0.6606450080871582 0.20494000613689423 0.1396479606628418 0.15353801846504211
0 0.5234379768371582 0.20427200198173523 0.13476604223251343 0.15487301349639893
0 0.3867189884185791 0.20494000613689423 0.13867199420928955 0.15620800852775574
0 0.25195300579071045 0.20560699701309204 0.13085901737213135 0.15487301349639893
0 0.09326201677322388 0.20694300532341003 0.1865229606628418 0.15754300355911255
0 0.9296879768371582 0.35647499561309814 0.1328120231628418 0.14152199029922485
0 0.7963869571685791 0.3544729948043823 0.13378900289535522 0.14552700519561768
0 0.6611329913139343 0.3524700105190277 0.1367189884185791 0.14152199029922485
0 0.523438036441803 0.3531379997730255 0.13867199420928955 0.14018696546554565
0 0.38525402545928955 0.3538050055503845 0.13769495487213135 0.14152199029922485
0 0.2509769797325134 0.3531379997730255 0.13085901737213135 0.14285701513290405
0 0.09277325868606567 0.3544729948043823 0.18554651737213135 0.14552700519561768
0 0.9301760196685791 0.4973300099372864 0.13378900289535522 0.14018702507019043
0 0.7963869571685791 0.4959949851036072 0.13378900289535522 0.14285698533058167
0 0.6601560115814209 0.4986649751663208 0.13867199420928955 0.1481979787349701
0 0.5234379768371582 0.5013350248336792 0.13476604223251343 0.14285698533058167
0 0.3872069716453552 0.5006679892539978 0.13769495487213135 0.14152202010154724
0 0.2534180283546448 0.5 0.1298830509185791 0.14285698533058167
0 0.09570300579071045 0.5013350248336792 0.18554699420928955 0.14552700519561768
0 0.9316409826278687 0.6381840109825134 0.13085895776748657 0.14419198036193848
0 0.7978520393371582 0.6388520002365112 0.13671904802322388 0.14018702507019043
0 0.6606450080871582 0.640854001045227 0.1376950740814209 0.14419198036193848
0 0.5229489803314209 0.642857015132904 0.13769501447677612 0.14018702507019043
0 0.3862299919128418 0.6441919803619385 0.1357419490814209 0.14285695552825928
0 0.2514650225639343 0.644860029220581 0.13378894329071045 0.14152204990386963
0 0.09375 0.6435250043869019 0.18164098262786865 0.13885200023651123
0 0.9301760196685791 0.7843790054321289 0.13378900289535522 0.14552700519561768
0 0.7958980202674866 0.7850469946861267 0.13476598262786865 0.14419198036193848
0 0.65966796875 0.7850469946861267 0.13769501447677612 0.14419198036193848
0 0.5229489803314209 0.7863820195198059 0.13574200868606567 0.14152204990386963
0 0.3867189884185791 0.7850469946861267 0.1367189884185791 0.13885200023651123
0 0.2504879832267761 0.7863820195198059 0.1357419490814209 0.13618195056915283
0 0.09130901098251343 0.7897199988365173 0.1826169490814209 0.14285695552825928
0 0.09130901098251343 0.9225630164146423 0.1826169490814209 0.12015998363494873
0 0.9316409826278687 0.9218959808349609 0.1289060115814209 0.13217604160308838
0 0.7973629832267761 0.9178910255432129 0.14355504512786865 0.12149500846862793
0 0.6572269797325134 0.927236020565033 0.13476598262786865 0.14018702507019043
0 0.5205079913139343 0.9265689849853516 0.1328120231628418 0.13618195056915283
0 0.38476598262786865 0.9299070239067078 0.1367189884185791 0.13751697540283203
0 0.2514650225639343 0.9265689849853516 0.13183605670928955 0.13618195056915283
