0 0.17719975113868713 0.07874567061662674 0.1613953560590744 0.15749134123325348
0 0.3305307626724243 0.08076394349336624 0.16548418998718262 0.16152788698673248
0 0.47878873348236084 0.08191954344511032 0.14700847864151 0.16383908689022064
0 0.6311354637145996 0.08342086523771286 0.17350982129573822 0.16684173047542572
0 0.7853367328643799 0.08615858107805252 0.15086929500102997 0.17140096426010132
0 0.9244610667228699 0.08803225308656693 0.15107782185077667 0.17572671175003052
0 0.162990540266037 0.2946294844150543 0.15398553013801575 0.2247127890586853
0 0.31018832325935364 0.29845356941223145 0.1662520468235016 0.22503146529197693
0 0.46427544951438904 0.3070148825645447 0.16837239265441895 0.22638452053070068
0 0.6156760454177856 0.30899477005004883 0.16042283177375793 0.23007293045520782
0 0.7659404873847961 0.31289854645729065 0.1665560007095337 0.23023226857185364
0 0.9179967045783997 0.31755900382995605 0.16400659084320068 0.22898541390895844
0 0.14604893326759338 0.5494320392608643 0.16201116144657135 0.22232434153556824
0 0.29438289999961853 0.5513322949409485 0.1601947546005249 0.22617210447788239
0 0.4456695020198822 0.5552626252174377 0.16837243735790253 0.22638455033302307
0 0.5979782938957214 0.559219479560852 0.162239208817482 0.22622521221637726
0 0.7553221583366394 0.5646091103553772 0.17874646186828613 0.2292509824037552
0 0.9075169563293457 0.5705164074897766 0.15194116532802582 0.22465969622135162
0 0.1353546530008316 0.8024425506591797 0.1702648103237152 0.2238367348909378
0 0.28569501638412476 0.8050463199615479 0.1561059206724167 0.22606590390205383
0 0.43270277976989746 0.812120795249939 0.1646636426448822 0.2327800989151001
0 0.5828911662101746 0.8173245191574097 0.16246722638607025 0.2301260381937027
0 0.7343297004699707 0.8186548948287964 0.166252002120018 0.2250315099954605
0 0.8897051215171814 0.8226914405822754 0.170340895652771 0.22513774037361145
