0 0.9480298161506653 0.44265350699424744 0.05771603435277939 0.2059956043958664
0 0.8927581906318665 0.4338987469673157 0.07594333589076996 0.21485617756843567
0 0.8341025114059448 0.4183298945426941 0.07223983854055405 0.2004714161157608
0 0.772707462310791 0.4083157479763031 0.0744527131319046 0.20603583753108978
0 0.7119486331939697 0.3958098888397217 0.07162641733884811 0.20545411109924316
0 0.6527674794197083 0.381006121635437 0.07129748910665512 0.20027746260166168
0 0.5915369391441345 0.3684031665325165 0.07506612688302994 0.20105315744876862
0 0.5298357009887695 0.35570332407951355 0.07223983854055405 0.2004714161157608
0 0.4717935025691986 0.3455050587654114 0.06731035560369492 0.1960512399673462
0 0.36083418130874634 0.32703667879104614 0.15791739523410797 0.20278148353099823
0 0.2239694595336914 0.3032352328300476 0.13397322595119476 0.20636668801307678
0 0.09843165427446365 0.2739001512527466 0.13846416771411896 0.20388543605804443
0 0.020716167986392975 0.25790414214134216 0.039992135018110275 0.19042839109897614
