0 0.8637499809265137 0.18581600487232208 0.04416704177856445 0.09361699223518372
0 0.636667013168335 0.35460999608039856 0.03166699409484863 0.07659602165222168
0 0.3666669726371765 0.33971598744392395 0.026666998863220215 0.04964500665664673
0 0.8170830011367798 0.1836879998445511 0.05416703224182129 0.09787198901176453
0 0.7649999856948853 0.18439699709415436 0.050000011920928955 0.09645399451255798
0 0.7179169654846191 0.1815599948167801 0.04416698217391968 0.09077998995780945
0 0.8675000071525574 0.2702130079269409 0.04666697978973389 0.0893620103597641
0 0.817916989326477 0.2709220051765442 0.052500009536743164 0.08794301748275757
0 0.7674999833106995 0.2709220051765442 0.048333048820495605 0.08794301748275757
0 0.7208330035209656 0.27163100242614746 0.04499995708465576 0.08652500808238983
0 0.8691669702529907 0.36170199513435364 0.04833298921585083 0.09929102659225464
0 0.817916989326477 0.3645389974117279 0.052500009536743164 0.0936170220375061
0 0.768750011920929 0.36312100291252136 0.04583299160003662 0.09078001976013184
0 0.7220830321311951 0.36170199513435364 0.047500014305114746 0.0936170220375061
0 0.8720830082893372 0.47021299600601196 0.052500009536743164 0.12624096870422363
0 0.819582998752594 0.4723399877548218 0.05083298683166504 0.1219860315322876
0 0.769582986831665 0.4716309905052185 0.049166977405548096 0.12056699395179749
0 0.7220830321311951 0.4695039987564087 0.04583299160003662 0.12482297420501709
0 0.7724999785423279 0.6652479767799377 0.14166700839996338 0.21843993663787842
0 0.5783330202102661 0.174467995762825 0.05333298444747925 0.08226999640464783
0 0.5266669988632202 0.26312100887298584 0.04999995231628418 0.09503501653671265
0 0.47541701793670654 0.3581559956073761 0.052500009536743164 0.09503501653671265
0 0.4220830202102661 0.4673759937286377 0.05416703224182129 0.12340402603149414
0 0.42124998569488525 0.58439701795578 0.052500009536743164 0.11063802242279053
0 0.4725000262260437 0.5858160257339478 0.04999995231628418 0.10780096054077148
0 0.5270830392837524 0.5815600156784058 0.05916696786880493 0.09929096698760986
0 0.5804169774055481 0.5815600156784058 0.047500014305114746 0.09929096698760986
0 0.582082986831665 0.6829789876937866 0.05083298683166504 0.10354602336883545
0 0.5808329582214355 0.4666669964790344 0.05333298444747925 0.13049602508544922
0 0.5270830392837524 0.4652479887008667 0.054166972637176514 0.12766003608703613
0 0.47541698813438416 0.46595698595046997 0.049166977405548096 0.12624096870422363
0 0.5787500143051147 0.3602840006351471 0.04583299160003662 0.10212796926498413
0 0.5291669964790344 0.35957399010658264 0.051666975021362305 0.09787201881408691
0 0.5770829916000366 0.2595739960670471 0.04583299160003662 0.08227001130580902
0 0.42124998569488525 0.3581559956073761 0.05083298683166504 0.09787201881408691
0 0.4745830297470093 0.2595739960670471 0.052500009536743164 0.09929098188877106
0 0.4229170083999634 0.2595739960670471 0.04916703701019287 0.10212801396846771
0 0.5254169702529907 0.16950400173664093 0.049166977405548096 0.09219899773597717
0 0.4762499928474426 0.1702129989862442 0.04916703701019287 0.09077998995780945
0 0.4245830178260803 0.17163099348545074 0.05416703224182129 0.09361699223518372
0 0.2837499976158142 0.17943300306797028 0.04416704177856445 0.09503498673439026
0 0.2320830225944519 0.6780139803886414 0.1391669511795044 0.24964499473571777
0 0.23958301544189453 0.18227000534534454 0.047500014305114746 0.0808509886264801
0 0.19291698932647705 0.18510599434375763 0.04583299160003662 0.08652499318122864
0 0.14875000715255737 0.18439699709415436 0.04250001907348633 0.08794298768043518
0 0.28416699171066284 0.2730500102043152 0.04166698455810547 0.0893620103597641
0 0.2404170036315918 0.27233999967575073 0.04583299160003662 0.09078000485897064
0 0.19333302974700928 0.2730500102043152 0.048333048820495605 0.09219898283481598
0 0.14708298444747925 0.27375900745391846 0.04416704177856445 0.09078000485897064
0 0.2829170227050781 0.36312100291252136 0.04416704177856445 0.09645402431488037
0 0.23874998092651367 0.36383000016212463 0.04416704177856445 0.09503501653671265
0 0.19249999523162842 0.36383000016212463 0.048333048820495605 0.09503501653671265
0 0.1454169750213623 0.36595699191093445 0.04583299160003662 0.09078001976013184
0 0.28125 0.4737589955329895 0.04250001907348633 0.11914896965026855
0 0.23833298683166504 0.4716309905052185 0.04333305358886719 0.12340402603149414
0 0.1908329725265503 0.4737589955329895 0.051666975021362305 0.12766003608703613
0 0.14208298921585083 0.4744679927825928 0.04583299160003662 0.12624096870422363
3 0.6516669988632202 0.3914889991283417 0.09166693687438965 0.5390070080757141
3 0.3487499952316284 0.39574500918388367 0.09416699409484863 0.5446810126304626
