0 0.21015693247318268 0.11890186369419098 0.26950064301490784 0.23780372738838196
0 0.44356200098991394 0.16119377315044403 0.2916885316371918 0.32238754630088806
0 0.6916319727897644 0.22385962307453156 0.29428592324256897 0.38071778416633606
0 0.8971458077430725 0.3152935206890106 0.2057083249092102 0.38822534680366516
0 0.16426627337932587 0.3399202227592468 0.26690322160720825 0.3645516335964203
0 0.4056800901889801 0.4226132035255432 0.2890911102294922 0.37104541063308716
0 0.6504489779472351 0.5101354718208313 0.2939617931842804 0.3727579712867737
0 0.8767435550689697 0.6001924276351929 0.24651283025741577 0.3775107264518738
0 0.13022662699222565 0.5673898458480835 0.2507764995098114 0.24379783868789673
0 0.364118367433548 0.6620375514030457 0.2743712067604065 0.27694186568260193
0 0.6112686395645142 0.7540467977523804 0.2783760726451874 0.28488826751708984
0 0.8594802021980286 0.8491204380989075 0.28103962540626526 0.30175915360450745
