0 0.15980739891529083 0.34817373752593994 0.12205198407173157 0.18366846442222595
0 0.3437618613243103 0.2959783673286438 0.10830152779817581 0.10025467723608017
0 0.1789884865283966 0.5446101427078247 0.12377919256687164 0.20556677877902985
0 0.27128955721855164 0.5226180553436279 0.08291302621364594 0.18749263882637024
0 0.5116695165634155 0.3909800946712494 0.08327770233154297 0.10119577497243881
0 0.5864361524581909 0.38043859601020813 0.08007221668958664 0.10602197051048279
0 0.5912190079689026 0.48784011602401733 0.08050406724214554 0.11149708926677704
0 0.5203055143356323 0.5004708170890808 0.08500491827726364 0.1230940967798233
0 0.7438318133354187 0.4356761574745178 0.115028515458107 0.23099705576896667
0 0.8461790084838867 0.4007927179336548 0.1169375330209732 0.2097463607788086
0 0.4584835469722748 0.5114821791648865 0.05591206252574921 0.11791225522756577
