0 0.9093915224075317 0.2964169681072235 0.14576958119869232 0.09652535617351532
0 0.7497668266296387 0.30245262384414673 0.18094511330127716 0.11496338993310928
0 0.5732237100601196 0.31353485584259033 0.17724740505218506 0.11832240223884583
0 0.4008817672729492 0.32617753744125366 0.17254288494586945 0.11096692830324173
0 0.2289043813943863 0.3382073938846588 0.17646357417106628 0.11709582060575485
0 0.07825469225645065 0.35564514994621277 0.12988750636577606 0.0956885889172554
0 0.9113996624946594 0.39843887090682983 0.14416654407978058 0.1248713955283165
0 0.7522922158241272 0.41038426756858826 0.17954318225383759 0.11962763965129852
0 0.576786458492279 0.4172556400299072 0.1764080822467804 0.11472435295581818
0 0.40406695008277893 0.42991819977760315 0.17397256195545197 0.10748840868473053
0 0.22902201116085052 0.4403288960456848 0.18083415925502777 0.11021846532821655
0 0.07812253385782242 0.44709107279777527 0.12568354606628418 0.1096823439002037
0 0.9150734543800354 0.5069046020507812 0.14192527532577515 0.12593752145767212
0 0.7574511766433716 0.5175835490226746 0.17887042462825775 0.12314598262310028
0 0.5785974860191345 0.5270066857337952 0.1841643899679184 0.12342490255832672
0 0.40317502617836 0.5374372601509094 0.17200881242752075 0.12041489779949188
0 0.23068037629127502 0.5435564517974854 0.17792010307312012 0.11480404436588287
0 0.0809154063463211 0.5502588152885437 0.12655049562454224 0.11446607857942581
0 0.9159896373748779 0.6107648611068726 0.14755909144878387 0.10846532136201859
0 0.759247362613678 0.6267417669296265 0.18486487865447998 0.12109223753213882
0 0.5792601108551025 0.6362246870994568 0.18032784759998322 0.12085320055484772
0 0.40380987524986267 0.645468533039093 0.17578983306884766 0.12061410397291183
0 0.23144011199474335 0.6569244861602783 0.17416682839393616 0.11579053848981857
0 0.08367667347192764 0.6682721376419067 0.12668927013874054 0.12039680033922195
0 0.9202213287353516 0.7269189357757568 0.1450890600681305 0.13202762603759766
0 0.7603578567504883 0.7389041185379028 0.1804666668176651 0.12678386270999908
0 0.5829061269760132 0.7435036897659302 0.17948760092258453 0.1172550842165947
0 0.40679603815078735 0.7569385170936584 0.177781343460083 0.1088734120130539
0 0.2321304827928543 0.767328143119812 0.17632482945919037 0.11116617918014526
0 0.08460582047700882 0.7727263569831848 0.12349779903888702 0.11312096565961838
0 0.9242180585861206 0.8329922556877136 0.14170333743095398 0.11644966155290604
0 0.7654187083244324 0.8419524431228638 0.18100066483020782 0.11733492463827133
0 0.5861319899559021 0.8490239977836609 0.18088966608047485 0.11259090155363083
0 0.409224271774292 0.8607190847396851 0.17775359749794006 0.10768761485815048
0 0.23430512845516205 0.8764664530754089 0.17730289697647095 0.12069382518529892
0 0.08682230859994888 0.8836432695388794 0.12288003414869308 0.1190117746591568
