0 0.8520653247833252 0.20423243939876556 0.12826822698116302 0.1324612945318222
0 0.8689380884170532 0.3469289243221283 0.13405516743659973 0.126418337225914
0 0.6559186577796936 0.21548935770988464 0.13911767303943634 0.15267972648143768
0 0.6653172373771667 0.3636472523212433 0.13429616391658783 0.12967200577259064
0 0.4555537700653076 0.23360171914100647 0.13863563537597656 0.1461724042892456
0 0.46326303482055664 0.38024845719337463 0.13767164945602417 0.13315777480602264
0 0.25386106967926025 0.25508394837379456 0.13501913845539093 0.13943295180797577
0 0.2607279121875763 0.3903433084487915 0.13526013493537903 0.1426866054534912
0 0.883760929107666 0.5044995546340942 0.1420111209154129 0.1496582180261612
0 0.6846011877059937 0.5176149010658264 0.13863563537597656 0.1461724489927292
0 0.4762780964374542 0.534681499004364 0.12802717089653015 0.12920767068862915
0 0.2767559289932251 0.5429168939590454 0.13212570548057556 0.14245441555976868
0 0.8944851756095886 0.649286687374115 0.142252117395401 0.1529119610786438
0 0.9025568962097168 0.8008133172988892 0.13477815687656403 0.1361793428659439
0 0.9117147326469421 0.9244521856307983 0.13188619911670685 0.09713545441627502
0 0.6890554428100586 0.6628664135932922 0.14514555037021637 0.14989039301872253
0 0.700864315032959 0.8222965598106384 0.14466355741024017 0.14338305592536926
0 0.7158100008964539 0.9389626979827881 0.1224827766418457 0.0964389517903328
0 0.48507314920425415 0.6747047305107117 0.14659152925014496 0.16941238939762115
0 0.5043571591377258 0.8286724090576172 0.1408061385154724 0.13338994979858398
0 0.5119471549987793 0.9495476484298706 0.1294746994972229 0.10090471059083939
0 0.2894093990325928 0.6924678683280945 0.13526013493537903 0.14268654584884644
0 0.3007361888885498 0.8453896641731262 0.13477815687656403 0.1361793428659439
2 0.3329196274280548 0.977195680141449 0.054006077349185944 0.045608606189489365
