4 0.7012317776679993 0.5873184204101562 0.09675829857587814 0.235611230134964
4 0.5944626927375793 0.5450437068939209 0.12299501150846481 0.30508244037628174
4 0.5244877934455872 0.531514048576355 0.04551791027188301 0.14506150782108307
4 0.4831015467643738 0.5175701975822449 0.04867670685052872 0.13242150843143463
4 0.43015652894973755 0.5027343034744263 0.0396210215985775 0.1263750046491623
4 0.3666934669017792 0.478035032749176 0.0434594489634037 0.12282555550336838
4 0.31426945328712463 0.44248682260513306 0.08676934242248535 0.22415903210639954
4 0.22983253002166748 0.38293778896331787 0.17057131230831146 0.47237977385520935
4 0.15514901280403137 0.38488516211509705 0.0678081139922142 0.18651868402957916
4 0.04780776798725128 0.34887874126434326 0.06362917274236679 0.15715359151363373
