0 0.8716670274734497 0.2070000022649765 0.22999995946884155 0.2619999945163727
0 0.636667013168335 0.19699999690055847 0.2466670274734497 0.2540000081062317
0 0.3833330273628235 0.19499999284744263 0.24000000953674316 0.2619999647140503
0 0.13166701793670654 0.18700000643730164 0.26333296298980713 0.27799999713897705
0 0.8783329725265503 0.4650000035762787 0.23000001907348633 0.2579999566078186
0 0.6399999856948853 0.4620000123977661 0.2466670274734497 0.26399996876716614
0 0.3916670083999634 0.4620000123977661 0.25 0.26399996876716614
0 0.1333332657814026 0.4599999785423279 0.2666665315628052 0.2679999768733978
0 0.13499999046325684 0.7379999756813049 0.26999998092651367 0.2760000228881836
0 0.3999999761581421 0.7319999933242798 0.25999999046325684 0.2760000228881836
0 0.6399999856948853 0.7260000109672546 0.24000000953674316 0.2680000066757202
1 0.886667013168335 0.7260000109672546 0.21333301067352295 0.25199997425079346
