0 0.8726418018341064 0.05941948667168617 0.15021413564682007 0.11883897334337234
0 0.7133550047874451 0.0877678319811821 0.20530115067958832 0.1755356639623642
0 0.5247294306755066 0.13584455847740173 0.21415230631828308 0.20986393094062805
0 0.5094992518424988 0.048076238483190536 0.20104917883872986 0.09615247696638107
0 0.6994397044181824 0.016460182145237923 0.19470420479774475 0.032920364290475845
0 0.3215005695819855 0.09788438677787781 0.19790808856487274 0.12072628736495972
0 0.12998895347118378 0.16105110943317413 0.20259606838226318 0.11909966915845871
0 0.016889873892068863 0.20274600386619568 0.033779747784137726 0.06898733228445053
0 0.33405357599258423 0.19160234928131104 0.21432237327098846 0.21099348366260529
0 0.1425115317106247 0.2571549117565155 0.2126663327217102 0.2093600034713745
0 0.02846956066787243 0.2967126667499542 0.05693912133574486 0.15900366008281708
0 0.8942229747772217 0.16848406195640564 0.15095658600330353 0.19272027909755707
0 0.7357405424118042 0.21510575711727142 0.20855064690113068 0.2101079225540161
0 0.5471147894859314 0.27670013904571533 0.2129448503255844 0.2158874124288559
0 0.3564622104167938 0.3377946615219116 0.21192388236522675 0.20910818874835968
0 0.16486568748950958 0.40039756894111633 0.21483299136161804 0.2143831104040146
0 0.0393604151904583 0.43964141607284546 0.0787208303809166 0.16239328682422638
0 0.9159500002861023 0.31015753746032715 0.14091429114341736 0.1775205284357071
0 0.7595492005348206 0.3602296710014343 0.21306940913200378 0.20735208690166473
0 0.5701809525489807 0.42207586765289307 0.20718932151794434 0.20106954872608185
0 0.3796439468860626 0.481350302696228 0.21540531516075134 0.213505357503891
0 0.1840471625328064 0.5459024906158447 0.21935176849365234 0.2116272747516632
0 0.05632692947983742 0.5868425965309143 0.07965332269668579 0.16853871941566467
0 0.9327554702758789 0.451829731464386 0.1344890296459198 0.18618598580360413
0 0.7824755311012268 0.5020900368690491 0.20963352918624878 0.21261976659297943
0 0.5919930934906006 0.5643141269683838 0.21489480137825012 0.2101157307624817
0 0.3987099826335907 0.6286762356758118 0.21523505449295044 0.21237485110759735
0 0.201883465051651 0.6954272985458374 0.22266292572021484 0.21489392220973969
0 0.0760735422372818 0.7386876940727234 0.07320086658000946 0.16313405334949493
0 0.9453328847885132 0.5969536304473877 0.10933420807123184 0.19170591235160828
0 0.8083970546722412 0.6482782363891602 0.20980365574359894 0.21374937891960144
0 0.6148576140403748 0.7109454274177551 0.22083671391010284 0.2121308594942093
0 0.9583357572555542 0.7508649826049805 0.08332844078540802 0.20450864732265472
0 0.8302010893821716 0.7982383370399475 0.22003233432769775 0.21614637970924377
0 0.6340867280960083 0.8671234846115112 0.2184845358133316 0.21990978717803955
0 0.09836582839488983 0.8867014050483704 0.0749025046825409 0.17443238198757172
0 0.12068130075931549 0.9740009903907776 0.07494901865720749 0.05199800059199333
0 0.4741135537624359 0.8334946036338806 0.1490170955657959 0.333010733127594
0 0.3788955807685852 0.8549556732177734 0.13297106325626373 0.2900886535644531
0 0.2813946306705475 0.8699435591697693 0.15187968313694 0.2601128816604614
0 0.18835045397281647 0.8875722885131836 0.14336895942687988 0.224855437874794
