0 0.5205111503601074 0.37290501594543457 0.07575485855340958 0.12756666541099548
0 0.45082467794418335 0.34716904163360596 0.08205640316009521 0.14234255254268646
0 0.4991753399372101 0.49437594413757324 0.07257090508937836 0.1326156109571457
0 0.4305608570575714 0.4760272204875946 0.07893896847963333 0.12251869589090347
0 0.4783581495285034 0.6125421524047852 0.06834674626588821 0.131055548787117
0 0.41078275442123413 0.5875858068466187 0.0767941027879715 0.13417525589466095
0 0.4638761878013611 0.7330480813980103 0.07471577078104019 0.1209590807557106
0 0.3957821726799011 0.7113963961601257 0.07575485855340958 0.12756666541099548
0 0.4441318213939667 0.8586029410362244 0.0767941027879715 0.13417522609233856
0 0.37496498227119446 0.8295627236366272 0.07997806370258331 0.12912634015083313
5 0.5483929514884949 0.9644048810005188 0.17926225066184998 0.0711902379989624
5 0.37364038825035095 0.9299054145812988 0.16763105988502502 0.14018912613391876
