0 0.9164060354232788 0.10176499933004379 0.16562503576278687 0.2011760026216507
0 0.689844012260437 0.10176499933004379 0.2687499523162842 0.2011760026216507
0 0.9171880483627319 0.32294100522994995 0.16406196355819702 0.1988239884376526
0 0.6816409826278687 0.31882399320602417 0.27265602350234985 0.19764699041843414
0 0.32656198740005493 0.10235300660133362 0.270313024520874 0.20235300064086914
0 0.09101599454879761 0.10000000894069672 0.1820310354232788 0.19764700531959534
0 0.32851600646972656 0.3194119930267334 0.2648439407348633 0.18941199779510498
0 0.08945298194885254 0.32470598816871643 0.17890596389770508 0.19999998807907104
0 0.9152339696884155 0.7252939939498901 0.16796904802322388 0.3658820390701294
0 0.6835939884185791 0.7205880284309387 0.26718807220458984 0.3588240146636963
0 0.9140620231628418 0.9599999785423279 0.1703130602836609 0.08000004291534424
0 0.682811975479126 0.9582350254058838 0.26718801259994507 0.08352899551391602
0 0.32499998807907104 0.7182350158691406 0.2718750238418579 0.3541179895401001
0 0.09140598773956299 0.7217649817466736 0.18281197547912598 0.3517650365829468
0 0.32265597581863403 0.9599999785423279 0.26875007152557373 0.08000004291534424
0 0.09296900033950806 0.962352991104126 0.1859380006790161 0.07529401779174805
