0 0.1920073926448822 0.7571023106575012 0.1545526683330536 0.18425241112709045
0 0.3190591037273407 0.8073146343231201 0.1445450633764267 0.17690086364746094
0 0.43940168619155884 0.8570014238357544 0.14240972697734833 0.18320192396640778
0 0.5349299907684326 0.8952563405036926 0.09491551667451859 0.16163091361522675
0 0.2221802920103073 0.6393136978149414 0.1456182599067688 0.16427160799503326
0 0.342415452003479 0.6869404911994934 0.13517919182777405 0.16386744379997253
0 0.45668870210647583 0.7349984049797058 0.13071013987064362 0.15624608099460602
0 0.547531008720398 0.7714758515357971 0.10110631585121155 0.14146122336387634
0 0.24906094372272491 0.5357571840286255 0.13007931411266327 0.14296960830688477
0 0.3624805808067322 0.5807986259460449 0.13156753778457642 0.14708968997001648
0 0.4708958566188812 0.6259611248970032 0.12007070332765579 0.1356176882982254
0 0.5583315491676331 0.6638391017913818 0.09003405272960663 0.13252097368240356
0 0.2736033797264099 0.4407375454902649 0.12986969947814941 0.13696488738059998
0 0.3818030059337616 0.48177969455718994 0.1179424598813057 0.13244065642356873
0 0.4805290102958679 0.5252861976623535 0.11092053353786469 0.11911053955554962
0 0.5630677938461304 0.5653452277183533 0.0872688889503479 0.125545933842659
0 0.2931440770626068 0.351224422454834 0.12178067862987518 0.126785546541214
0 0.39538171887397766 0.392697811126709 0.11538610607385635 0.13147099316120148
0 0.49251118302345276 0.4376179575920105 0.11028381437063217 0.11531352996826172
0 0.5718533396720886 0.4724248945713043 0.07769068330526352 0.1112462505698204
0 0.311201274394989 0.2732642590999603 0.11283919215202332 0.11628283560276031
0 0.4099251329898834 0.3140771985054016 0.11304881423711777 0.12228760123252869
0 0.5019441246986389 0.35975152254104614 0.10410497337579727 0.11652529239654541
0 0.5786259770393372 0.3969154953956604 0.07769320160150528 0.1065068170428276
0 0.33213570713996887 0.1997605711221695 0.10411092638969421 0.10704588890075684
0 0.42606744170188904 0.23942922055721283 0.11049599945545197 0.11657889187335968
0 0.514254093170166 0.2863425612449646 0.10793713480234146 0.12034864723682404
0 0.5847595930099487 0.3225095868110657 0.07173244655132294 0.0995045006275177
0 0.34732627868652344 0.13619481027126312 0.10049089789390564 0.10448788851499557
0 0.43699660897254944 0.171554297208786 0.10347066074609756 0.1079879105091095
0 0.5230528712272644 0.21765856444835663 0.10346823930740356 0.11272825300693512
0 0.5897247195243835 0.2523724138736725 0.0702383816242218 0.10486391931772232
0 0.365921288728714 0.06853501498699188 0.0955904871225357 0.10381393134593964
0 0.4520823657512665 0.11131391674280167 0.09665175527334213 0.11014263331890106
0 0.5317487716674805 0.154994398355484 0.09409879148006439 0.10443298518657684
0 0.5949020981788635 0.18096891045570374 0.06491687893867493 0.09691924601793289
0 0.5980678796768188 0.12966854870319366 0.053850505501031876 0.07849952578544617
0 0.5369356274604797 0.09974867850542068 0.09558794647455215 0.10855334997177124
0 0.4569486677646637 0.055273186415433884 0.09368031471967697 0.09242284297943115
0 0.3795202076435089 0.028888754546642303 0.08154087513685226 0.05777750909328461
0 0.1733241230249405 0.8577102422714233 0.14607493579387665 0.11466728150844574
0 0.30111655592918396 0.9007990956306458 0.13756145536899567 0.10195676237344742
0 0.4273170232772827 0.948838472366333 0.1343599408864975 0.10232309252023697
0 0.5211402177810669 0.9722544550895691 0.08090163767337799 0.05549105629324913
