2 0.5951724648475647 0.4360116124153137 0.13853637874126434 0.39932575821876526
0 0.8262771368026733 0.024611040949821472 0.28301572799682617 0.049222081899642944
0 0.8441843390464783 0.08884918689727783 0.2784092128276825 0.17769837379455566
0 0.865458607673645 0.21577861905097961 0.2690809667110443 0.19443003833293915
0 0.876402735710144 0.40490370988845825 0.2471945881843567 0.28802192211151123
0 0.5076472163200378 0.07708953320980072 0.32749199867248535 0.15417906641960144
0 0.520780086517334 0.17809154093265533 0.3445631265640259 0.22298957407474518
0 0.5297574400901794 0.30605578422546387 0.36029115319252014 0.22320395708084106
0 0.6399728655815125 0.4642120599746704 0.20792382955551147 0.2696458101272583
0 0.4685837924480438 0.5106699466705322 0.19507218897342682 0.2472633719444275
0 0.18427318334579468 0.08127542585134506 0.26462632417678833 0.11897823959589005
0 0.18403738737106323 0.16130666434764862 0.2932867407798767 0.20369072258472443
0 0.18220792710781097 0.2813939154148102 0.2952476739883423 0.21232199668884277
0 0.19043129682540894 0.40307891368865967 0.2999180555343628 0.19738948345184326
