0 0.9022853374481201 0.11200375854969025 0.1632070541381836 0.18283678591251373
0 0.7457430958747864 0.10861123353242874 0.16738158464431763 0.18292725086212158
0 0.5944519639015198 0.10465668141841888 0.14853060245513916 0.18117094039916992
0 0.43898630142211914 0.10061268508434296 0.17559881508350372 0.180409774184227
0 0.2812688946723938 0.09989596158266068 0.1525077074766159 0.17721275985240936
0 0.13108713924884796 0.09461482614278793 0.16940298676490784 0.18162328004837036
0 0.8919116854667664 0.3461725413799286 0.15520574152469635 0.23254454135894775
0 0.7416312098503113 0.34291571378707886 0.16772915422916412 0.2328159362077713
0 0.5838150978088379 0.34422436356544495 0.16988207399845123 0.23421038687229156
0 0.4294588565826416 0.33885273337364197 0.16173069179058075 0.23807810246944427
0 0.2760474979877472 0.33552807569503784 0.16799229383468628 0.23821380734443665
0 0.11842884868383408 0.33278805017471313 0.17001371085643768 0.23690982162952423
0 0.8811010122299194 0.6107297539710999 0.16342304646968842 0.2300260365009308
0 0.7298756241798401 0.6054260730743408 0.1615331470966339 0.23402947187423706
0 0.5754206776618958 0.6020787954330444 0.16988220810890198 0.23421041667461395
0 0.4199221432209015 0.5987088680267334 0.1636204719543457 0.23407471179962158
0 0.25913968682289124 0.5965750813484192 0.18044984340667725 0.23713599145412445
0 0.10354243963956833 0.5952295064926147 0.1531185507774353 0.23249933123588562
0 0.8641273975372314 0.8731260299682617 0.17183777689933777 0.23155617713928223
0 0.7107818126678467 0.8684521317481995 0.15735873579978943 0.2339390367269516
0 0.5603368878364563 0.8685688376426697 0.1660367250442505 0.24086807668209076
0 0.406859815120697 0.8665933609008789 0.1638178825378418 0.2381233274936676
0 0.25253644585609436 0.860547661781311 0.16772909462451935 0.23281599581241608
0 0.09390702843666077 0.8571099042892456 0.1719036102294922 0.23290647566318512
