0 0.9652076959609985 0.46325114369392395 0.06958463788032532 0.41573530435562134
0 0.8662205934524536 0.4555142819881439 0.16916950047016144 0.3887222707271576
0 0.7274726629257202 0.4610724151134491 0.12301819771528244 0.3626953363418579
0 0.6240062117576599 0.45488300919532776 0.11217702180147171 0.3284611999988556
0 0.5326281785964966 0.45347651839256287 0.0914212018251419 0.3050132691860199
0 0.4480637311935425 0.44182315468788147 0.09008898586034775 0.28949007391929626
0 0.3687172830104828 0.44801416993141174 0.079537034034729 0.26932451128959656
0 0.29525506496429443 0.43969103693962097 0.07831941545009613 0.25942930579185486
0 0.22618579864501953 0.44001951813697815 0.07000014185905457 0.24920687079429626
0 0.1547383815050125 0.43249350786209106 0.08301687240600586 0.24137482047080994
0 0.08278384059667587 0.42494314908981323 0.07101530581712723 0.2492537796497345
0 0.02616891637444496 0.4181205630302429 0.05233783274888992 0.24273468554019928
