0 0.2329999804496765 0.4665110111236572 0.06399999558925629 0.14797496795654297
0 0.29600000381469727 0.4532710015773773 0.05799996852874756 0.15264803171157837
0 0.3605000078678131 0.43302199244499207 0.06499999761581421 0.14330202341079712
0 0.4284999966621399 0.4244549870491028 0.06300002336502075 0.1635509729385376
0 0.16750000417232513 0.5194699764251709 0.06299999356269836 0.08255502581596375
0 0.2329999804496765 0.5031149983406067 0.06399999558925629 0.09034299850463867
0 0.2955000102519989 0.4789719879627228 0.06300002336502075 0.08878499269485474
0 0.3610000014305115 0.46573200821876526 0.06400001049041748 0.09968799352645874
0 0.40799999237060547 0.4587230086326599 0.03600001335144043 0.07943898439407349
0 0.4519999921321869 0.4665110111236572 0.05199998617172241 0.0981309711933136
0 0.6234999895095825 0.5607479810714722 0.08299994468688965 0.19626200199127197
0 0.7605000138282776 0.5202490091323853 0.1809999942779541 0.23987498879432678
0 0.3930000066757202 0.705606997013092 0.09399998188018799 0.09657299518585205
0 0.26899999380111694 0.8870720267295837 0.09799998998641968 0.15109002590179443
0 0.5690000057220459 0.8613709807395935 0.11399996280670166 0.1246110200881958
4 0.6079999804496765 0.5155760049819946 0.024000048637390137 0.41433000564575195
4 0.6685000061988831 0.5841119885444641 0.013000011444091797 0.2741429805755615
4 0.8324999809265137 0.544393002986908 0.01100003719329834 0.303737998008728
4 0.8654999732971191 0.440809965133667 0.026999950408935547 0.495326966047287
4 0.8619999885559082 0.8411210179328918 0.011999964714050293 0.18068504333496094
4 0.43149998784065247 0.8785049915313721 0.023000001907348633 0.17445504665374756
4 0.6054999828338623 0.8605920076370239 0.014999985694885254 0.16043603420257568
4 0.4334999918937683 0.6728969812393188 0.018999993801116943 0.16199398040771484
4 0.24300000071525574 0.705606997013092 0.019999995827674866 0.14330196380615234
4 0.2475000023841858 0.8862929940223694 0.027000010013580322 0.1464170217514038
1 0.9610000252723694 0.835669994354248 0.04400002956390381 0.13239896297454834
