0 0.6854240298271179 0.11327803134918213 0.07048879563808441 0.22655606269836426
0 0.61363285779953 0.11445746570825577 0.06242198124527931 0.22891493141651154
0 0.543384313583374 0.11768926680088043 0.07138976454734802 0.23537853360176086
0 0.4730650782585144 0.11790677905082703 0.06227821484208107 0.23581355810165405
0 0.40803849697113037 0.12959104776382446 0.06773968040943146 0.2591820955276489
0 0.33861926198005676 0.12639351189136505 0.06441465020179749 0.2527870237827301
0 0.26234468817710876 0.1280035525560379 0.0673084482550621 0.2560071051120758
0 0.6944361329078674 0.4304884970188141 0.05930832400918007 0.35098370909690857
0 0.6218168139457703 0.44115665555000305 0.06324587762355804 0.3495776653289795
0 0.557049572467804 0.4467583894729614 0.06552708148956299 0.36025571823120117
0 0.48433446884155273 0.4539249539375305 0.07155324518680573 0.36252352595329285
0 0.4138704240322113 0.452122300863266 0.07202192395925522 0.3433491885662079
0 0.34644901752471924 0.47023898363113403 0.07117915153503418 0.38519835472106934
0 0.2766984701156616 0.47627171874046326 0.06320834159851074 0.3845089375972748
