0 0.08359400928020477 0.10176499933004379 0.16562500596046448 0.2011760026216507
0 0.310155987739563 0.10176499933004379 0.26875001192092896 0.2011760026216507
0 0.08281199634075165 0.32294100522994995 0.1640619933605194 0.1988239884376526
0 0.31835898756980896 0.31882399320602417 0.27265602350234985 0.19764699041843414
0 0.6734380125999451 0.10235300660133362 0.270313024520874 0.20235300064086914
0 0.9089840054512024 0.10000000894069672 0.1820310354232788 0.19764700531959534
0 0.6714839935302734 0.3194119930267334 0.2648439407348633 0.18941199779510498
0 0.9105470180511475 0.32470598816871643 0.17890596389770508 0.19999998807907104
0 0.08476600050926208 0.7252939939498901 0.1679689884185791 0.3658820390701294
0 0.3164060115814209 0.7205880284309387 0.26718801259994507 0.3588240146636963
0 0.08593800663948059 0.9599999785423279 0.1703130006790161 0.08000004291534424
0 0.31718799471855164 0.9582350254058838 0.26718801259994507 0.08352899551391602
0 0.675000011920929 0.7182350158691406 0.2718750238418579 0.3541179895401001
0 0.908594012260437 0.7217649817466736 0.18281197547912598 0.3517650365829468
0 0.677344024181366 0.9599999785423279 0.26875007152557373 0.08000004291534424
0 0.9070309996604919 0.962352991104126 0.1859380006790161 0.07529401779174805
