0 0.9610781073570251 0.15654242038726807 0.07784383744001389 0.31308484077453613
0 0.843034029006958 0.15987689793109894 0.17805498838424683 0.3197537958621979
0 0.6770092844963074 0.1637614369392395 0.16575580835342407 0.327522873878479
0 0.5119589567184448 0.16711625456809998 0.17400535941123962 0.33423250913619995
0 0.34542205929756165 0.170629620552063 0.17088104784488678 0.3402978479862213
0 0.18088391423225403 0.17572996020317078 0.16980551183223724 0.3374044597148895
0 0.05839669331908226 0.1805890053510666 0.08678007125854492 0.3341108560562134
0 0.9629682302474976 0.3844870924949646 0.07406355440616608 0.151174396276474
0 0.8451757431030273 0.38844749331474304 0.1685771942138672 0.1506420522928238
0 0.6781005263328552 0.39507532119750977 0.16652731597423553 0.15056073665618896
0 0.5151511430740356 0.40296638011932373 0.16442739963531494 0.14762671291828156
0 0.3491128981113434 0.4102665185928345 0.16645225882530212 0.1462821513414383
0 0.1850629597902298 0.4139196276664734 0.16860222816467285 0.15206894278526306
0 0.06116349995136261 0.39671245217323303 0.08075132966041565 0.10724975168704987
