0 0.1328119933605194 0.34553399682044983 0.2070310115814209 0.38067299127578735
0 0.33837899565696716 0.34480199217796326 0.20996099710464478 0.3792089819908142
0 0.5473629832267761 0.34480199217796326 0.2080080211162567 0.3792089819908142
0 0.7519530057907104 0.34553399682044983 0.20117199420928955 0.37774497270584106
0 0.9262697696685791 0.3462660014629364 0.1474604606628418 0.3792089819908142
0 0.12988300621509552 0.6134700179100037 0.2070309817790985 0.15519797801971436
0 0.33837899565696716 0.6127380132675171 0.20996099710464478 0.1566619873046875
0 0.5478519797325134 0.6156659722328186 0.20898401737213135 0.16251802444458008
0 0.7558590173721313 0.6163979768753052 0.2070310115814209 0.16105401515960693
0 0.9296877384185791 0.6156659722328186 0.1406245231628418 0.16251802444458008
