0 0.30926215648651123 0.2332841455936432 0.09892936795949936 0.20496858656406403
0 0.23235048353672028 0.24406644701957703 0.07044851779937744 0.1951729655265808
0 0.07584576308727264 0.28713372349739075 0.05493541061878204 0.08413958549499512
0 0.1742139309644699 0.49465101957321167 0.15460613369941711 0.1830122172832489
0 0.287955105304718 0.49846208095550537 0.0923641100525856 0.18792088329792023
0 0.4884866178035736 0.4978460669517517 0.10915545374155045 0.14519792795181274
0 0.7062568664550781 0.49372610449790955 0.04735604673624039 0.09936655312776566
0 0.5571765899658203 0.26440873742103577 0.1231105700135231 0.14086253941059113
0 0.45236146450042725 0.29773038625717163 0.08830159157514572 0.12171360850334167
0 0.9246741533279419 0.37105831503868103 0.024201972410082817 0.06660936772823334
0 0.8917048573493958 0.36193129420280457 0.030576644465327263 0.07750192284584045
0 0.8559064269065857 0.3465898931026459 0.035128429532051086 0.09450842440128326
0 0.8100855350494385 0.32950714230537415 0.05588807910680771 0.11491519212722778
0 0.7505475282669067 0.2998336851596832 0.07223771512508392 0.12293122708797455
0 0.6708939671516418 0.2689889967441559 0.1008138507604599 0.13580338656902313
0 0.7260124087333679 0.6042105555534363 0.1127893477678299 0.19755563139915466
0 0.5900053381919861 0.6361398696899414 0.1586676985025406 0.24922047555446625
0 0.3506428897380829 0.686791181564331 0.3190910518169403 0.3600713908672333
0 0.0978618785738945 0.7302209138870239 0.195723757147789 0.4391632080078125
