0 0.17133823037147522 0.6697163581848145 0.30543774366378784 0.27163824439048767
0 0.5242842435836792 0.536282479763031 0.2896467447280884 0.32264581322669983
0 0.8647211194038391 0.46936067938804626 0.27055779099464417 0.26184576749801636
0 0.11246460676193237 0.8881781101226807 0.13838918507099152 0.22364380955696106
0 0.30361208319664 0.8348981142044067 0.09858983010053635 0.2126726657152176
0 0.21853594481945038 0.8613881468772888 0.12323596328496933 0.22386223077774048
0 0.8129722476005554 0.6919337511062622 0.12214124947786331 0.24575383961200714
0 0.9588359594345093 0.6454502940177917 0.08232805132865906 0.24771426618099213
1 0.4832567572593689 0.782941460609436 0.12341804802417755 0.21003615856170654
1 0.621049165725708 0.7496291399002075 0.12351013720035553 0.21838901937007904
