0 0.4316537380218506 0.062424927949905396 0.06309650838375092 0.04959063231945038
0 0.42709752917289734 0.1777353435754776 0.06960159540176392 0.1856193095445633
0 0.41948890686035156 0.3568950295448303 0.07150894403457642 0.18582433462142944
0 0.4096732437610626 0.5420970916748047 0.06953518092632294 0.18423041701316833
0 0.3985273540019989 0.7250626683235168 0.07279494404792786 0.1928664892911911
0 0.39054074883461 0.9020891189575195 0.07492535561323166 0.17790594696998596
0 0.49879157543182373 0.07173437625169754 0.06424976140260696 0.05385696142911911
0 0.5627250671386719 0.07790926843881607 0.06609076261520386 0.0526740662753582
0 0.6276448965072632 0.08349265903234482 0.06595805287361145 0.04989822953939438
0 0.6914788484573364 0.09174943715333939 0.06799814105033875 0.05287909880280495
0 0.7582064270973206 0.09961972385644913 0.06997174024581909 0.05447203293442726
0 0.8216632604598999 0.10574338585138321 0.06895128637552261 0.052981555461883545
0 0.8850528001785278 0.1132548600435257 0.06234142929315567 0.053651828318834305
0 0.9460251927375793 0.12120404094457626 0.06819730252027512 0.05704381316900253
0 0.9883570671081543 0.12861400842666626 0.02328587882220745 0.05791911482810974
0 0.4923528730869293 0.2063751369714737 0.06468238681554794 0.14228233695030212
0 0.5538360476493835 0.21368169784545898 0.07129214704036713 0.14161112904548645
0 0.6201534271240234 0.2201128453016281 0.07408731430768967 0.1405307948589325
0 0.6840195655822754 0.22767554223537445 0.0663905069231987 0.138322651386261
0 0.7483964562416077 0.2345956265926361 0.07497408986091614 0.13924533128738403
0 0.8138270378112793 0.23953640460968018 0.06849806755781174 0.14269250631332397
0 0.8753755688667297 0.24545492231845856 0.06747744977474213 0.14120106399059296
0 0.9397192001342773 0.2530689537525177 0.07408731430768967 0.1405307799577713
0 0.9851952791213989 0.25983524322509766 0.029609419405460358 0.139505535364151
0 0.48202744126319885 0.39221900701522827 0.0694512128829956 0.14279496669769287
0 0.5464707016944885 0.3977511525154114 0.07244547456502914 0.1458783745765686
0 0.611457884311676 0.4019467234611511 0.07027261704206467 0.1401207149028778
0 0.6752907633781433 0.41020339727401733 0.07013987749814987 0.13734491169452667
0 0.7386149168014526 0.41910290718078613 0.06938479840755463 0.1414060890674591
0 0.8006401062011719 0.42507264018058777 0.0676766112446785 0.14536574482917786
0 0.8661370873451233 0.4286254942417145 0.07592828571796417 0.13934792578220367
0 0.9324876070022583 0.4343627095222473 0.06938479840755463 0.1414060890674591
0 0.9803375005722046 0.44166913628578186 0.0393250472843647 0.14248737692832947
0 0.47333186864852905 0.5740528702735901 0.0675438717007637 0.14258991181850433
0 0.5367224216461182 0.5815644860267639 0.07224631309509277 0.1417136788368225
0 0.6017417311668396 0.5850659608840942 0.07000713050365448 0.13456901907920837
0 0.6656752824783325 0.5912408232688904 0.07007350027561188 0.13595695793628693
0 0.7305286526679993 0.5982121825218201 0.07198084890842438 0.13616198301315308
0 0.7929982542991638 0.6049272418022156 0.06530461460351944 0.13544432818889618
0 0.8550243377685547 0.6108970642089844 0.07096027582883835 0.13467147946357727
0 0.9203875660896301 0.6172256469726562 0.07211359590291977 0.1389378160238266
0 0.9750692248344421 0.6240944862365723 0.04986155778169632 0.13852770626544952
0 0.46514707803726196 0.7552441954612732 0.0680333599448204 0.13297614455223083
0 0.5276829600334167 0.760571300983429 0.06911930441856384 0.13585436344146729
0 0.591383159160614 0.7716038227081299 0.0714249312877655 0.1443878710269928
0 0.6562044024467468 0.7792691588401794 0.0713585615158081 0.14299994707107544
0 0.721733570098877 0.7821279764175415 0.07191447913646698 0.1347741335630417
0 0.7836601734161377 0.7901797294616699 0.06415130198001862 0.13117805123329163
0 0.8456521034240723 0.7968434691429138 0.07178173214197159 0.13199827075004578
0 0.9100953340530396 0.8023756146430969 0.06892019510269165 0.13169068098068237
0 0.969058632850647 0.8140509128570557 0.06188274547457695 0.14150865375995636
0 0.4561731219291687 0.9328619837760925 0.06477359682321548 0.12434006482362747
0 0.5201066136360168 0.9378301501274109 0.07437669485807419 0.12433967739343643
0 0.5845829844474792 0.9415208697319031 0.06559399515390396 0.11695820093154907
0 0.6484169363975525 0.9461383819580078 0.07309164106845856 0.10772319883108139
0 0.7131376266479492 0.9497776031494141 0.06763513386249542 0.10044480860233307
0 0.7780242562294006 0.9524155259132385 0.07342343032360077 0.09516895562410355
0 0.8414811491966248 0.9560549855232239 0.06477359682321548 0.08789000660181046
0 0.9043608903884888 0.9606210589408875 0.0722702294588089 0.07875791192054749
0 0.9675928950309753 0.9642094373703003 0.06481426954269409 0.07158111780881882
0 0.3770163357257843 0.08236318081617355 0.05220016464591026 0.09951319545507431
0 0.36752063035964966 0.2508561313152313 0.0485597588121891 0.12259716540575027
0 0.35769304633140564 0.4262896478176117 0.05148761346936226 0.12429265677928925
0 0.3506937026977539 0.602725625038147 0.05448184162378311 0.12737604975700378
0 0.34172073006629944 0.7803435921669006 0.04754018038511276 0.12110679596662521
0 0.3298623263835907 0.938119649887085 0.0504503957927227 0.0827537328004837
