0 0.2578119933605194 0.10997100174427032 0.20898401737213135 0.21700897812843323
0 0.42382800579071045 0.05718500167131424 0.125 0.11143700778484344
0 0.6118159890174866 0.11217000335454941 0.24902299046516418 0.22140799462795258
0 0.7763670086860657 0.11217000335454941 0.078125 0.22140799462795258
0 0.9575197696685791 0.11070399731397629 0.0849604606628418 0.21847499907016754
0 0.9589840173721313 0.32844600081443787 0.0820310115814209 0.21700900793075562
0 0.9594727754592896 0.5131959915161133 0.08105450868606567 0.1612900197505951
0 0.2978520095348358 0.33064499497413635 0.12304699420928955 0.2155429869890213
0 0.42382800579071045 0.32697901129722595 0.12695300579071045 0.22873897850513458
0 0.5512700080871582 0.32917898893356323 0.12793001532554626 0.21847498416900635
0 0.6777340173721313 0.32917898893356323 0.12304699420928955 0.22434002161026
0 0.7763670086860657 0.3321110010147095 0.0742189884185791 0.21847498416900635
0 0.2978520095348358 0.5183280110359192 0.12304699420928955 0.15982401371002197
0 0.42382800579071045 0.5168619751930237 0.1289060115814209 0.162757009267807
0 0.5502930283546448 0.5161290168762207 0.12793001532554626 0.15542498230934143
0 0.6772459745407104 0.5168619751930237 0.1259770393371582 0.15395903587341309
0 0.7797849774360657 0.5139300227165222 0.08105504512786865 0.15102601051330566
4 0.8706049919128418 0.29765400290489197 0.10644495487213135 0.5923749804496765
4 0.1054690033197403 0.29838699102401733 0.09960899502038956 0.5938420295715332
