0 0.17044220864772797 0.12756222486495972 0.21919532120227814 0.09023354202508926
0 0.21970918774604797 0.2781079411506653 0.2412736415863037 0.12678876519203186
0 0.273845374584198 0.44353243708610535 0.30026331543922424 0.13703595101833344
0 0.33102765679359436 0.6140148043632507 0.31411170959472656 0.1407175362110138
0 0.38974684476852417 0.7934436798095703 0.30937430262565613 0.14169488847255707
0 0.44351887702941895 0.9488239884376526 0.31296586990356445 0.10235196352005005
0 0.44640830159187317 0.09109173715114594 0.22945307195186615 0.09839393943548203
0 0.5015578866004944 0.24261486530303955 0.2344539761543274 0.12913154065608978
0 0.5616556406021118 0.40075424313545227 0.1748923361301422 0.11713379621505737
0 0.6946170330047607 0.5647997856140137 0.31562137603759766 0.13760237395763397
0 0.7506816387176514 0.7446147203445435 0.3226507604122162 0.1436259150505066
0 0.8031259775161743 0.9176203012466431 0.31182003021240234 0.13371485471725464
0 0.7670451402664185 0.05173468962311745 0.24179276823997498 0.1034693792462349
0 0.7950115203857422 0.13208109140396118 0.2355448305606842 0.10928307473659515
0 0.8165209293365479 0.21055835485458374 0.24293829500675201 0.10869111120700836
0 0.8440963625907898 0.286320298910141 0.22643375396728516 0.10462414473295212
0 0.882969856262207 0.36685696244239807 0.21201151609420776 0.09919179230928421
0 0.9034538865089417 0.4434933066368103 0.1930921971797943 0.10192076861858368
0 0.9115011096000671 0.522652804851532 0.17699773609638214 0.1139686182141304
0 0.9255364537239075 0.6040520668029785 0.14892704784870148 0.10521527379751205
0 0.9429821968078613 0.6848729252815247 0.11403556913137436 0.10230688750743866
0 0.9533982872962952 0.7570306658744812 0.09320343285799026 0.10230688750743866
0 0.9643871784210205 0.836679220199585 0.07122562825679779 0.11183172464370728
0 0.9802187085151672 0.9133155941963196 0.039562635123729706 0.10405657440423965
