0 0.35009801387786865 0.33720898628234863 0.08496099710464478 0.17209303379058838
0 0.4306640028953552 0.33720898628234863 0.07617199420928955 0.17209303379058838
0 0.5073239803314209 0.3403100073337555 0.07519498467445374 0.16589099168777466
0 0.5805659890174866 0.33875998854637146 0.06933605670928955 0.15348798036575317
0 0.6699219942092896 0.3410849869251251 0.109375 0.14883702993392944
0 0.3505859971046448 0.49845001101493835 0.08398401737213135 0.15658897161483765
0 0.43115198612213135 0.5007749795913696 0.07714802026748657 0.15193799138069153
0 0.5073239803314209 0.4961239993572235 0.07519498467445374 0.1426360011100769
0 0.5800780057907104 0.492247998714447 0.0703120231628418 0.15038800239562988
0 0.6689450144767761 0.48527100682258606 0.10742199420928955 0.13643401861190796
0 0.7749019861221313 0.47209298610687256 0.0361330509185791 0.09767401218414307
0 0.7661129832267761 0.3108530044555664 0.016602039337158203 0.08837199211120605
0 0.8144530057907104 0.3155040144920349 0.01757800579071045 0.09147298336029053
0 0.8613280057907104 0.3116280138492584 0.01757800579071045 0.08992201089859009
0 0.9077150225639343 0.3147290050983429 0.016602039337158203 0.08372098207473755
0 0.9487299919128418 0.31705400347709656 0.016602039337158203 0.094573974609375
0 0.9912109971046448 0.31240299344062805 0.01757800579071045 0.08527100086212158
0 0.8349609971046448 0.4666669964790344 0.0195310115814209 0.08372101187705994
0 0.8813480138778687 0.46356600522994995 0.018555045127868652 0.08372101187705994
0 0.9248049855232239 0.4651159942150116 0.0195310115814209 0.08372098207473755
0 0.9672849774360657 0.456589013338089 0.018555045127868652 0.06976699829101562
0 0.07226599752902985 0.22713199257850647 0.0820309966802597 0.224806010723114
0 0.1635739952325821 0.2581399977207184 0.051757991313934326 0.17829501628875732
0 0.22509799897670746 0.2806200087070465 0.038085997104644775 0.13953500986099243
0 0.07959000021219254 0.5798450112342834 0.07714800536632538 0.2108529806137085
0 0.17285199463367462 0.5418599843978882 0.05468800663948059 0.16899201273918152
0 0.2309570014476776 0.5147290229797363 0.040039002895355225 0.13953498005867004
