0 0.34408506751060486 0.2765881419181824 0.22531764209270477 0.30863216519355774
0 0.1439458727836609 0.23707205057144165 0.23098412156105042 0.3015264570713043
0 0.31551021337509155 0.5230414867401123 0.23582544922828674 0.30406641960144043
0 0.1162344440817833 0.48446565866470337 0.22813184559345245 0.3092916011810303
0 0.28922706842422485 0.7382956147193909 0.22553768754005432 0.22293700277805328
0 0.09968039393424988 0.6987197399139404 0.19936078786849976 0.21619534492492676
0 0.9303040504455566 0.48702141642570496 0.13939189910888672 0.24781757593154907
0 0.7771791815757751 0.469586580991745 0.20696291327476501 0.2818402349948883
0 0.6028606295585632 0.45900002121925354 0.1787753403186798 0.24852760136127472
0 0.9126588106155396 0.7006030678749084 0.13760365545749664 0.24872040748596191
0 0.7581207752227783 0.6754629611968994 0.20564857125282288 0.2604467570781708
0 0.5845358371734619 0.6532406210899353 0.17772379517555237 0.23844121396541595
0 0.8945969939231873 0.8830956220626831 0.12431295216083527 0.17391514778137207
0 0.7450135350227356 0.8473078012466431 0.20361776649951935 0.18828082084655762
0 0.5682389140129089 0.809577465057373 0.17411689460277557 0.16871723532676697
