0 0.8325200080871582 0.45953798294067383 0.1025390625 0.3034679591655731
0 0.9482420086860657 0.45231199264526367 0.10351598262786865 0.3381500244140625
0 0.7407230138778687 0.4645949900150299 0.0693359375 0.2673409581184387
0 0.7407230138778687 0.661126971244812 0.0693359375 0.12861299514770508
0 0.828125 0.68641597032547 0.09375 0.16762995719909668
0 0.9428709745407104 0.7167630195617676 0.1142580509185791 0.18208098411560059
0 0.6918950080871582 0.4689309597015381 0.03418004512786865 0.24710997939109802
0 0.6904299855232239 0.653901994228363 0.03320300579071045 0.09682095050811768
0 0.5327150225639343 0.518064022064209 0.0263669490814209 0.2326589822769165
4 0.4873049855232239 0.49132901430130005 0.078125 0.320809006690979
4 0.4404299855232239 0.48843899369239807 0.025390982627868652 0.2369939684867859
4 0.6103519797325134 0.4783239960670471 0.1328120231628418 0.5375720262527466
