0 0.5517445206642151 0.08445662260055542 0.13439582288265228 0.13032470643520355
0 0.42685604095458984 0.05460469052195549 0.13385266065597534 0.10920938104391098
0 0.3022381067276001 0.03439997881650925 0.13385266065597534 0.0687999576330185
0 0.16774927079677582 0.014195575378835201 0.15468162298202515 0.028391150757670403
0 0.5328230857849121 0.27225053310394287 0.13397260010242462 0.1350066214799881
0 0.4077223837375641 0.23168455064296722 0.13687102496623993 0.13594649732112885
0 0.28310543298721313 0.1912754476070404 0.13300609588623047 0.1346932202577591
0 0.14807245135307312 0.1500750035047531 0.1566145122051239 0.13752949237823486
0 0.5144448280334473 0.45504915714263916 0.13403373956680298 0.12699516117572784
0 0.389042466878891 0.4126618802547455 0.1363278180360794 0.1309511661529541
0 0.2652694284915924 0.36907845735549927 0.13077318668365479 0.12272476404905319
0 0.1308106780052185 0.3272024989128113 0.15431955456733704 0.13357317447662354
0 0.49600541591644287 0.6292095184326172 0.1351802796125412 0.12897299230098724
0 0.3712969720363617 0.589632511138916 0.1330673098564148 0.12668177485466003
0 0.4753020703792572 0.810392439365387 0.13397258520126343 0.13500656187534332
0 0.34944698214530945 0.7721681594848633 0.1372932493686676 0.13126419484615326
0 0.2210567444562912 0.7296727299690247 0.1390441507101059 0.13022591173648834
0 0.08699024468660355 0.6887856721878052 0.14755724370479584 0.1313803791999817
