0 0.078125 0.06835900247097015 0.1484380066394806 0.13411501049995422
0 0.22412100434303284 0.06835900247097015 0.13964802026748657 0.13411501049995422
0 0.3642579913139343 0.07161501049995422 0.140625 0.140625
0 0.5048829913139343 0.06900999695062637 0.140625 0.13541699945926666
0 0.6440430283546448 0.06966099888086319 0.1357419490814209 0.1367190033197403
0 0.7856450080871582 0.06900999695062637 0.1455080509185791 0.13541699945926666
0 0.9296877384185791 0.06835900247097015 0.1406245231628418 0.13411501049995422
0 0.0859379991889 0.492838978767395 0.1132809966802597 0.5664060115814209
0 0.238769993185997 0.49479198455810547 0.12597700953483582 0.5651040077209473
0 0.3710939884185791 0.491536021232605 0.12304699420928955 0.5716149806976318
0 0.5053709745407104 0.49348998069763184 0.11816403269767761 0.5677080154418945
0 0.6323239803314209 0.4967449903488159 0.12793004512786865 0.5742189884185791
0 0.78125 0.4921879768371582 0.11914098262786865 0.5729169845581055
0 0.9243159890174866 0.49479198455810547 0.1103520393371582 0.5703120231628418
