0 0.11035200953483582 0.2583329677581787 0.21679699420928955 0.5099999904632568
0 0.3310549855232239 0.25666695833206177 0.22460901737213135 0.5066670179367065
0 0.5556640028953552 0.25166699290275574 0.22460901737213135 0.49666696786880493
0 0.7822269797325134 0.25166699290275574 0.22460901737213135 0.49666696786880493
0 0.9492189884185791 0.25166699290275574 0.1015620231628418 0.49666696786880493
0 0.109375 0.7566667795181274 0.2148439884185791 0.4866665005683899
0 0.3310549855232239 0.75 0.22460901737213135 0.5
0 0.5566409826278687 0.75 0.2226560115814209 0.5
0 0.7822269797325134 0.751666784286499 0.22460901737213135 0.49666649103164673
0 0.9462890028953552 0.75 0.10742199420928955 0.5
