0 0.11816400289535522 0.445015013217926 0.10742199420928955 0.28885602951049805
0 0.2426760047674179 0.445747971534729 0.14355501532554626 0.28738996386528015
0 0.38134801387786865 0.4479469954967499 0.13378900289535522 0.2917889952659607
0 0.515625 0.4508799910545349 0.13476598262786865 0.28592395782470703
0 0.6464840173721313 0.44868001341819763 0.12695300579071045 0.2815249562263489
0 0.7817379832267761 0.44648098945617676 0.14355504512786865 0.28592395782470703
0 0.9086909890174866 0.44868001341819763 0.1103520393371582 0.2903229594230652
0 0.9101560115814209 0.6422290205955505 0.10742199420928955 0.09677398204803467
0 0.7832030057907104 0.6429619789123535 0.14648401737213135 0.09530794620513916
0 0.6469730138778687 0.634896993637085 0.1259770393371582 0.07917904853820801
0 0.5166019797325134 0.6363639831542969 0.13476598262786865 0.07624602317810059
0 0.3828119933605194 0.6341639757156372 0.13281196355819702 0.07184803485870361
0 0.24316400289535522 0.6436949968338013 0.14257800579071045 0.09090900421142578
0 0.11865200102329254 0.6436949968338013 0.10644499212503433 0.09090900421142578
