0 0.19287100434303284 0.23228299617767334 0.06542998552322388 0.22440898418426514
0 0.27587899565696716 0.23326799273490906 0.06347699463367462 0.22637800872325897
0 0.4423829913139343 0.2775590121746063 0.06445300579071045 0.188975989818573
0 0.5219730138778687 0.2844490110874176 0.06543001532554626 0.17519700527191162
0 0.6000980138778687 0.28248000144958496 0.0673830509185791 0.17913401126861572
0 0.19335900247097015 0.6309059858322144 0.06054699420928955 0.2342519760131836
0 0.2807619869709015 0.6348429918289185 0.05957001447677612 0.2421259880065918
1 0.40771499276161194 0.6919289827346802 0.06933599710464478 0.2460629940032959
0 0.7309569716453552 0.2992129921913147 0.03808605670928955 0.05905497074127197
0 0.7841799855232239 0.29724401235580444 0.04882800579071045 0.05905497074127197
