0 0.18901880085468292 0.6362170577049255 0.14374375343322754 0.37247106432914734
0 0.30012914538383484 0.660893976688385 0.1370808333158493 0.37644198536872864
0 0.4272361993789673 0.6896088719367981 0.1388150453567505 0.3703179657459259
0 0.5491176247596741 0.7132271528244019 0.13745099306106567 0.3646050691604614
0 0.6686481833457947 0.7357686758041382 0.13754725456237793 0.3732934594154358
0 0.7933470606803894 0.7639610171318054 0.1387990266084671 0.3778984844684601
0 0.9216504693031311 0.7889729142189026 0.13146251440048218 0.375222772359848
0 0.06307917088270187 0.6063941717147827 0.12615834176540375 0.36694568395614624
0 0.006837476044893265 0.5868301391601562 0.01367495208978653 0.3573031723499298
0 0.5839261412620544 0.36188003420829773 0.12776070833206177 0.1761530041694641
0 0.024370333179831505 0.19778703153133392 0.04874066635966301 0.2539300322532654
0 0.0898236632347107 0.21899479627609253 0.13387419283390045 0.2674045264720917
