0 0.767691969871521 0.15368899703025818 0.10769200325012207 0.12295100092887878
0 0.7715380191802979 0.27254098653793335 0.10615396499633789 0.13524597883224487
0 0.6592310070991516 0.21311500668525696 0.0876920223236084 0.22950798273086548
0 0.5615379810333252 0.2018440067768097 0.10769200325012207 0.2479509860277176
0 0.6699999570846558 0.45799198746681213 0.10923099517822266 0.2643440365791321
0 0.4453849792480469 0.18954899907112122 0.1184619665145874 0.2684429883956909
0 0.3269230127334595 0.1864749938249588 0.11538505554199219 0.27049198746681213
0 0.20153802633285522 0.10245899856090546 0.1261540651321411 0.13114801049232483
0 0.20230799913406372 0.24180300533771515 0.12153804302215576 0.1434430181980133
0 0.7715380191802979 0.39651599526405334 0.09692305326461792 0.125
0 0.7699999809265137 0.5276640057563782 0.09692299365997314 0.13319697976112366
0 0.5623080134391785 0.46004098653793335 0.1184619665145874 0.27254095673561096
0 0.44769197702407837 0.46004098653793335 0.11692297458648682 0.2684429883956909
0 0.32923102378845215 0.46311500668525696 0.12307703495025635 0.28688496351242065
0 0.20076900720596313 0.38217198848724365 0.1307690143585205 0.1413930058479309
0 0.2030770182609558 0.5317620038986206 0.1323080062866211 0.15368902683258057
0 0.7699999809265137 0.6526640057563782 0.09692299365997314 0.11270499229431152
0 0.7723079919815063 0.7663930058479309 0.10153800249099731 0.13114798069000244
0 0.56769198179245 0.7243850231170654 0.11692297458648682 0.2684429883956909
0 0.4530770182609558 0.7305330038070679 0.1184619665145874 0.2766389846801758
0 0.32846200466156006 0.7407789826393127 0.12153804302215576 0.2807379961013794
0 0.20230799913406372 0.7479509711265564 0.13384604454040527 0.29098403453826904
0 0.6761539578437805 0.7213109731674194 0.09692299365997314 0.25409793853759766
5 0.9138460159301758 0.8944669961929321 0.16923099756240845 0.21106600761413574
