0 0.3057140111923218 0.16389499604701996 0.09714299440383911 0.08076000213623047
0 0.38357099890708923 0.16745799779891968 0.0671430230140686 0.08313500881195068
0 0.38499999046325684 0.28741100430488586 0.0671430230140686 0.16627101600170135
0 0.38714298605918884 0.3954870104789734 0.06000000238418579 0.045131027698516846
0 0.17428599298000336 0.5890740156173706 0.06000000238418579 0.1710209846496582
0 0.23357099294662476 0.5926370024681091 0.06142900884151459 0.17814695835113525
0 0.30000001192092896 0.5926370024681091 0.05714297294616699 0.17814695835113525
0 0.36000001430511475 0.5926370024681091 0.05428600311279297 0.17814695835113525
0 0.4285709857940674 0.5950120091438293 0.05714297294616699 0.17814695835113525
0 0.4885709881782532 0.5914490222930908 0.0599999725818634 0.18052303791046143
0 0.5557140111923218 0.593824028968811 0.059999942779541016 0.18052303791046143
0 0.6157140135765076 0.5914490222930908 0.05714297294616699 0.17577195167541504
0 0.6835709810256958 0.593824028968811 0.0642859935760498 0.18052303791046143
0 0.7428569793701172 0.5902609825134277 0.06285703182220459 0.18289801478385925
0 0.802856981754303 0.5902609825134277 0.05428600311279297 0.18289801478385925
0 0.8557140231132507 0.5878859758377075 0.051429033279418945 0.17814698815345764
4 0.9157140254974365 0.5736340284347534 0.022856950759887695 0.23040401935577393
4 0.6521430015563965 0.7885990142822266 0.02428603172302246 0.1425180435180664
4 0.754285991191864 0.7969120144844055 0.0342860221862793 0.1353919506072998
3 0.2164289951324463 0.30285000801086426 0.27285701036453247 0.20190000534057617
