0 0.2788119912147522 0.8600000143051147 0.1374109983444214 0.1413329839706421
0 0.41134798526763916 0.8619999885559082 0.12766003608703613 0.13733303546905518
0 0.5372340083122253 0.8659999966621399 0.12411299347877502 0.14533305168151855
0 0.6369680166244507 0.8679999709129333 0.07535505294799805 0.1413329839706421
0 0.2890070080757141 0.7319999933242798 0.13120602071285248 0.12266695499420166
0 0.4144499897956848 0.734000027179718 0.11968100070953369 0.12666702270507812
0 0.5341309905052185 0.7386670112609863 0.11613500118255615 0.12000000476837158
0 0.6289889812469482 0.7406669855117798 0.08599305152893066 0.11599993705749512
0 0.29831600189208984 0.619333028793335 0.11790800094604492 0.10533297061920166
0 0.41666701436042786 0.6213330030441284 0.1187940239906311 0.10933303833007812
0 0.5301420092582703 0.6253330111503601 0.1081559956073761 0.10133302211761475
0 0.6218969821929932 0.6299999952316284 0.07535505294799805 0.11066699028015137
0 0.3067379891872406 0.515999972820282 0.11879400908946991 0.09866702556610107
0 0.4193260073661804 0.515999972820282 0.10638302564620972 0.09866702556610107
0 0.5230500102043152 0.5220000147819519 0.10106396675109863 0.08666697144508362
0 0.610372006893158 0.5306670069694519 0.07358205318450928 0.10399997234344482
0 0.3111700117588043 0.41999998688697815 0.11170202493667603 0.0906670093536377
0 0.41799598932266235 0.422666996717453 0.10372298955917358 0.09866702556610107
0 0.520389974117279 0.4306670129299164 0.10106396675109863 0.08266699314117432
0 0.6037229895591736 0.4353330135345459 0.06560301780700684 0.09200000762939453
0 0.31604599952697754 0.335999995470047 0.10372298955917358 0.08266699314117432
0 0.4193260073661804 0.3393329977989197 0.1028369665145874 0.08933299779891968
0 0.5168439745903015 0.3499999940395355 0.09397196769714355 0.086667001247406
0 0.5979610085487366 0.3580000102519989 0.06648898124694824 0.086667001247406
0 0.3244679868221283 0.2553330063819885 0.0957450270652771 0.07599999010562897
0 0.42287200689315796 0.2593330144882202 0.10106396675109863 0.08399999141693115
0 0.5168439745903015 0.2726669907569885 0.0975179672241211 0.08933299779891968
0 0.5917549729347229 0.28200000524520874 0.061169981956481934 0.0813329815864563
0 0.3289009928703308 0.18666699528694153 0.09219896793365479 0.07466700673103333
0 0.42242899537086487 0.18799999356269836 0.09485799074172974 0.077333003282547
0 0.5141839981079102 0.20133300125598907 0.09397196769714355 0.08266699314117432
0 0.5851060152053833 0.2106669843196869 0.05851101875305176 0.08799998462200165
0 0.3359929919242859 0.11266700178384781 0.08687901496887207 0.07599999010562897
0 0.4273050129413605 0.12266699969768524 0.08687901496887207 0.08266699314117432
0 0.5124109983444214 0.13600000739097595 0.0851060152053833 0.077333003282547
0 0.5784569978713989 0.1379999965429306 0.054077982902526855 0.08133300393819809
0 0.5731379985809326 0.0860000029206276 0.04521298408508301 0.06533299386501312
0 0.5084220170974731 0.07933299988508224 0.08599302172660828 0.08133299648761749
0 0.42287200689315796 0.06533300131559372 0.08687901496887207 0.06399999558925629
0 0.3404259979724884 0.053999997675418854 0.07446801662445068 0.06266699731349945
0 0.2770389914512634 0.9666667580604553 0.14095699787139893 0.06666648387908936
0 0.4091309905052185 0.9613329768180847 0.13386499881744385 0.0559999942779541
0 0.5412229895591736 0.9660000205039978 0.12854599952697754 0.0679999589920044
0 0.6387410163879395 0.9653329849243164 0.07358205318450928 0.06400001049041748
