1 0.6537929773330688 0.5064685940742493 0.05723601207137108 0.14786167442798615
0 0.6933650374412537 0.5126340389251709 0.03709602355957031 0.14360664784908295
0 0.6117702722549438 0.49307844042778015 0.036084964871406555 0.12690354883670807
0 0.7879287600517273 0.4451598823070526 0.060099292546510696 0.14825236797332764
0 0.7342385053634644 0.4416610896587372 0.0634591355919838 0.1411806344985962
0 0.6563166975975037 0.40117347240448 0.10856146365404129 0.08860514312982559
0 0.5760126113891602 0.4238971471786499 0.06013520061969757 0.1331978142261505
0 0.5250763297080994 0.41464918851852417 0.057546742260456085 0.137362539768219
0 0.4721378684043884 0.4066597521305084 0.06413739919662476 0.13675525784492493
0 0.4188787043094635 0.4039851129055023 0.058996330946683884 0.1300300657749176
0 0.36694130301475525 0.39536693692207336 0.06186054274439812 0.13042092323303223
0 0.3146198093891144 0.3851645886898041 0.058409906923770905 0.13597366213798523
0 0.2624526619911194 0.3803418278694153 0.061549875885248184 0.14092010259628296
0 0.21687622368335724 0.3779502511024475 0.04486076161265373 0.1311134397983551
0 0.1531829684972763 0.34093502163887024 0.0977846309542656 0.08261663466691971
0 0.17619021236896515 0.4060802757740021 0.03967754915356636 0.061133407056331635
1 0.12818904221057892 0.427853524684906 0.05967576801776886 0.12560591101646423
0 0.7725639939308167 0.19810204207897186 0.06598895788192749 0.3237431049346924
0 0.7003487944602966 0.190543532371521 0.07294726371765137 0.3292095363140106
0 0.627161979675293 0.17519880831241608 0.07421312481164932 0.318841814994812
0 0.5544697642326355 0.1675751954317093 0.08403483033180237 0.3246989846229553
0 0.4856887459754944 0.16096672415733337 0.08221758902072906 0.32193344831466675
0 0.4129320979118347 0.1513955295085907 0.08071200549602509 0.3027910590171814
0 0.3379814326763153 0.16206344962120056 0.07595948129892349 0.3241268992424011
0 0.2661339044570923 0.1533816009759903 0.07645394653081894 0.3067632019519806
