0 0.12409476935863495 0.32630491256713867 0.2420315444469452 0.43303367495536804
0 0.09975879639387131 0.5852859020233154 0.19951759278774261 0.17551523447036743
0 0.271106481552124 0.35116899013519287 0.10232169181108475 0.41137000918388367
0 0.23850315809249878 0.6284402012825012 0.07118090242147446 0.1465366780757904
0 0.1598430573940277 0.06611035019159317 0.24103711545467377 0.13222070038318634
0 0.3397631049156189 0.08299919217824936 0.14552061259746552 0.16599838435649872
0 0.4705088138580322 0.10036779940128326 0.14457620680332184 0.20073559880256653
0 0.6055464744567871 0.11514712870121002 0.1463763415813446 0.22611406445503235
0 0.7364623546600342 0.15684670209884644 0.14714768528938293 0.22490206360816956
0 0.8970529437065125 0.19975729286670685 0.2058941125869751 0.2553761899471283
0 0.7206060290336609 0.5525160431861877 0.12364642322063446 0.5616201162338257
0 0.8710599541664124 0.5838856101036072 0.2578800618648529 0.5640103220939636
0 0.42820703983306885 0.5220828056335449 0.17804156243801117 0.526519775390625
0 0.5536736845970154 0.5562935471534729 0.17563745379447937 0.5216266512870789
