0 0.06813421100378036 0.1612420231103897 0.13626842200756073 0.3224840462207794
0 0.21994511783123016 0.1640535444021225 0.17828711867332458 0.328107088804245
0 0.38880327343940735 0.1633792221546173 0.17041049897670746 0.3267584443092346
0 0.556864857673645 0.1627291738986969 0.1735522449016571 0.3254583477973938
0 0.725683331489563 0.15777161717414856 0.16878141462802887 0.3155432343482971
0 0.8937391042709351 0.15712183713912964 0.1719347983598709 0.3142436742782593
0 0.06931446492671967 0.495976060628891 0.13862892985343933 0.34951063990592957
0 0.22228817641735077 0.4981137812137604 0.1719464510679245 0.3427106440067291
0 0.388796329498291 0.4993869662284851 0.1656988263130188 0.3478080928325653
0 0.5560613870620728 0.4963648319244385 0.1735755056142807 0.35130009055137634
0 0.7272579073905945 0.49417054653167725 0.1735638678073883 0.3495842218399048
0 0.8992519974708557 0.49368494749069214 0.17512209713459015 0.3478817045688629
0 0.06884825229644775 0.8322216272354126 0.1376965045928955 0.32888779044151306
0 0.22298477590084076 0.8326496481895447 0.17497093975543976 0.32557979226112366
0 0.39261144399642944 0.8304665684700012 0.16867682337760925 0.32381486892700195
0 0.5598986744880676 0.8308761715888977 0.17022444307804108 0.3203964829444885
0 0.7271811962127686 0.8304274082183838 0.16866514086723328 0.3220999836921692
0 0.8983961343765259 0.830806314945221 0.1780661642551422 0.31874194741249084
