0 0.7393789887428284 0.2614380121231079 0.1846410036087036 0.13071900606155396
0 0.5751630067825317 0.26034900546073914 0.14379096031188965 0.1328980177640915
0 0.4305559992790222 0.2592589855194092 0.1454249620437622 0.13071900606155396
0 0.2867649793624878 0.2614380121231079 0.1421569585800171 0.12636198103427887
0 0.14215701818466187 0.26361700892448425 0.14705896377563477 0.13071900606155396
0 0.034313976764678955 0.2625269889831543 0.0686269998550415 0.1328979879617691
0 0.7303919792175293 0.4063180088996887 0.2254900336265564 0.15032696723937988
0 0.5016340017318726 0.40522900223731995 0.23529398441314697 0.15250498056411743
0 0.2794119715690613 0.4074069857597351 0.21241796016693115 0.15250498056411743
0 0.09313726425170898 0.40522900223731995 0.18627452850341797 0.14814800024032593
0 0.7516340017318726 0.5272330045700073 0.20261406898498535 0.09150302410125732
0 0.5710780024528503 0.5795210003852844 0.14869296550750732 0.19172099232673645
0 0.42156898975372314 0.5773419737815857 0.15686297416687012 0.19607797265052795
0 0.270425021648407 0.5773419737815857 0.1617649793624878 0.19607797265052795
0 0.10048997402191162 0.5773419737815857 0.20097994804382324 0.20043599605560303
0 0.9117649793624878 0.5991290211677551 0.16993498802185059 0.13943397998809814
0 0.7361109852790833 0.5784310102462769 0.17156898975372314 0.1938999891281128
0 0.9117649793624878 0.7581700086593628 0.1568630337715149 0.1786489486694336
0 0.7230390310287476 0.7636169791221619 0.2173200249671936 0.16775596141815186
0 0.4918299913406372 0.7603489756584167 0.24509799480438232 0.16557705402374268
0 0.2614380121231079 0.7614380121231079 0.22875797748565674 0.16339898109436035
0 0.08169925212860107 0.7614380121231079 0.16339850425720215 0.16339898109436035
0 0.904412031173706 0.9226580262184143 0.18790799379348755 0.1546839475631714
0 0.7328430414199829 0.921568751335144 0.15522903203964233 0.15686249732971191
0 0.5767970085144043 0.9226580262184143 0.16339898109436035 0.1546839475631714
0 0.41339898109436035 0.918300986289978 0.16339898109436035 0.14596903324127197
0 0.24509799480438232 0.9237470030784607 0.18627500534057617 0.1525050401687622
0 0.0767972469329834 0.9193900227546692 0.1535944938659668 0.16121995449066162
