0 0.6083980202674866 0.07038100063800812 0.08398401737213135 0.10850399732589722
0 0.5224609971046448 0.06451600044965744 0.0742189884185791 0.10850399732589722
0 0.60595703125 0.18401800096035004 0.07519501447677612 0.11290299892425537
0 0.5214840173721313 0.17961899936199188 0.06835895776748657 0.1070379912853241
0 0.6044920086860657 0.2939879894256592 0.07617199420928955 0.10703800618648529
0 0.5214839577674866 0.28885599970817566 0.07617199420928955 0.11436998844146729
0 0.6020510196685791 0.40689098834991455 0.08300799131393433 0.12170100212097168
0 0.51904296875 0.4076249897480011 0.07324200868606567 0.11436998844146729
0 0.6040040254592896 0.5212609767913818 0.07714802026748657 0.10703802108764648
0 0.51904296875 0.5212609767913818 0.06738299131393433 0.10703802108764648
0 0.6025390028953552 0.634896993637085 0.078125 0.11143696308135986
0 0.5166019797325134 0.6326979994773865 0.07226598262786865 0.1011730432510376
0 0.5986329913139343 0.75 0.08007800579071045 0.11290299892425537
0 0.5170899629592896 0.7448679804801941 0.07714802026748657 0.11143696308135986
0 0.5981450080871582 0.8636360168457031 0.0810549259185791 0.11436998844146729
0 0.5161130428314209 0.8643699884414673 0.08105498552322388 0.1099710464477539
0 0.6020510196685791 0.9611437320709229 0.08300799131393433 0.0777125358581543
0 0.5151369571685791 0.9567450284957886 0.08496099710464478 0.07184803485870361
0 0.42822301387786865 0.05865100026130676 0.0947270393371582 0.11437000334262848
0 0.33447301387786865 0.05645199865102768 0.0927729606628418 0.10997100174427032
0 0.2426760196685791 0.05718500167131424 0.0888669490814209 0.11143700778484344
0 0.15527302026748657 0.05645199865102768 0.09179699420928955 0.10997100174427032
0 0.0551760196685791 0.05718500167131424 0.1103520393371582 0.11143700778484344
0 0.42724597454071045 0.170087993144989 0.0927729606628418 0.10850399732589722
0 0.3359379768371582 0.17448699474334717 0.0898439884185791 0.11436999589204788
0 0.24414098262786865 0.17448699474334717 0.0898439884185791 0.11730200052261353
0 0.15527302026748657 0.17961899936199188 0.0898439884185791 0.10997100919485092
0 0.0551760196685791 0.17448699474334717 0.1103520393371582 0.11143699288368225
0 0.42773401737213135 0.2859239876270294 0.09570300579071045 0.10850399732589722
0 0.33398401737213135 0.2844569981098175 0.08789098262786865 0.11730200052261353
0 0.2456049919128418 0.28738999366760254 0.0849609375 0.10557198524475098
0 0.15527302026748657 0.2910560071468353 0.0898439884185791 0.10703800618648529
0 0.053710997104644775 0.2910560071468353 0.10742199420928955 0.10703800618648529
0 0.4257810115814209 0.3980939984321594 0.09179699420928955 0.10703802108764648
0 0.33447301387786865 0.3988269865512848 0.09081995487213135 0.11730200052261353
0 0.24414098262786865 0.4024930000305176 0.0859379768371582 0.11876797676086426
0 0.15527302026748657 0.4024930000305176 0.09179699420928955 0.11876797676086426
0 0.055664002895355225 0.40322598814964294 0.11132800579071045 0.11436998844146729
0 0.4262700080871582 0.5124629735946655 0.0927729606628418 0.10410597920417786
0 0.33447301387786865 0.5117300152778625 0.09081995487213135 0.10557198524475098
0 0.24414098262786865 0.515395998954773 0.09179699420928955 0.10997101664543152
0 0.15429699420928955 0.5183280110359192 0.0898439884185791 0.11290299892425537
0 0.0551760196685791 0.5168619751930237 0.1103520393371582 0.10997101664543152
0 0.4257810115814209 0.6275659799575806 0.09179699420928955 0.11730194091796875
0 0.3330079913139343 0.6290320158004761 0.09179699420928955 0.12023496627807617
0 0.24365198612213135 0.6253669857978821 0.0888669490814209 0.12170100212097168
0 0.1518549919128418 0.6290320158004761 0.09081995487213135 0.11143696308135986
0 0.053710997104644775 0.6334310173988342 0.10742199420928955 0.11143696308135986
0 0.4257810115814209 0.7426689863204956 0.0976560115814209 0.10703802108764648
0 0.3325200080871582 0.7434020042419434 0.09081995487213135 0.11143696308135986
0 0.2426760196685791 0.7434020042419434 0.09081995487213135 0.11143696308135986
0 0.15087902545928955 0.7434020042419434 0.09081995487213135 0.10263895988464355
0 0.053710997104644775 0.7470669746398926 0.10742199420928955 0.11876797676086426
0 0.42382800579071045 0.8533719778060913 0.0976560115814209 0.11143696308135986
0 0.3310549855232239 0.855571985244751 0.0898439884185791 0.11290299892425537
0 0.24072301387786865 0.855571985244751 0.09081995487213135 0.1099710464477539
0 0.14941400289535522 0.8585039973258972 0.0898439884185791 0.11876797676086426
0 0.05224597454071045 0.8592380285263062 0.1044919490814209 0.12023496627807617
0 0.4233400225639343 0.9567450284957886 0.0986330509185791 0.08650994300842285
0 0.3295900225639343 0.9560117721557617 0.09081995487213135 0.08797651529312134
0 0.23925799131393433 0.9574779868125916 0.08789098262786865 0.0850440263748169
0 0.1489260196685791 0.9618769884109497 0.09081995487213135 0.07624602317810059
0 0.0512700080871582 0.9618769884109497 0.1025390625 0.07624602317810059
