0 0.2944340109825134 0.30865100026130676 0.11230498552322388 0.17155401408672333
0 0.429688036441803 0.30865100026130676 0.16601601243019104 0.16275697946548462
0 0.5664060115814209 0.31451600790023804 0.1132810115814209 0.16275697946548462
0 0.2924799919128418 0.48313799500465393 0.11230498552322388 0.1920819878578186
0 0.43212899565696716 0.4780060052871704 0.16503900289535522 0.16422298550605774
0 0.5693359971046448 0.4838709831237793 0.109375 0.18181797862052917
0 0.5747069716453552 0.6722869873046875 0.09668004512786865 0.19501495361328125
0 0.28320300579071045 0.6664220094680786 0.09375 0.18621695041656494
0 0.3916020095348358 0.6730210185050964 0.0742189884185791 0.17302095890045166
0 0.47021499276161194 0.6744869947433472 0.08105498552322388 0.17595303058624268
0 0.022461000829935074 0.23460400104522705 0.0429689958691597 0.20234598219394684
0 0.07617200165987015 0.23680400848388672 0.025390997529029846 0.20381201803684235
0 0.13818399608135223 0.2353370040655136 0.07128900289535522 0.2067449986934662
0 0.032715000212192535 0.460411012172699 0.03027299791574478 0.21114397048950195
0 0.09472700208425522 0.4545449912548065 0.0703120082616806 0.2082110047340393
0 0.15869100391864777 0.4582110047340393 0.028319984674453735 0.2008800208568573
0 0.1372070014476776 0.6510260105133057 0.07324200868606567 0.1466280221939087
0 0.07275400310754776 0.6612899899482727 0.03027300164103508 0.16715502738952637
0 0.02099600061774254 0.6612899899482727 0.04003899544477463 0.17008793354034424
0 0.6997069716453552 0.23826999962329865 0.030272960662841797 0.20967701077461243
0 0.7597659826278687 0.23826999962329865 0.0703120231628418 0.2008800208568573
0 0.8247069716453552 0.2353370040655136 0.030272960662841797 0.2008800208568573
0 0.8852540254592896 0.23753699660301208 0.06543004512786865 0.20234601199626923
0 0.9462890028953552 0.24046897888183594 0.02929699420928955 0.20527897775173187
0 0.9873047471046448 0.2412019968032837 0.02539050579071045 0.20381200313568115
0 0.7207030057907104 0.45747798681259155 0.0703120231628418 0.2082110345363617
0 0.7846680283546448 0.4589439928531647 0.0361330509185791 0.21114403009414673
0 0.8466799855232239 0.4567449986934662 0.0703120231628418 0.2067449688911438
0 0.9057620167732239 0.45747798681259155 0.030272960662841797 0.20234596729278564
0 0.9663087129592896 0.4596770107746124 0.06738251447677612 0.2008799910545349
0 0.6987299919128418 0.6774190068244934 0.028319954872131348 0.20234596729278564
0 0.7617189884185791 0.6766859889030457 0.06835901737213135 0.20381200313568115
0 0.8261719942092896 0.6788859963417053 0.0351560115814209 0.19648098945617676
0 0.8886719942092896 0.6796190142631531 0.07226598262786865 0.20381200313568115
0 0.9511719942092896 0.6796190142631531 0.03125 0.19501495361328125
0 0.9868159890174866 0.6840180158615112 0.0263669490814209 0.20674502849578857
