0 0.920867919921875 0.0814891904592514 0.1582641452550888 0.1629783809185028
0 0.7405906915664673 0.07778648287057877 0.20954075455665588 0.15557296574115753
0 0.5369357466697693 0.07146751135587692 0.21750488877296448 0.14293502271175385
0 0.3298899233341217 0.06832341104745865 0.21958579123020172 0.1366468220949173
0 0.12904180586338043 0.0651157945394516 0.2007681280374527 0.1302315890789032
0 0.9181859493255615 0.39704445004463196 0.16362808644771576 0.172708198428154
0 0.7277641296386719 0.3896062970161438 0.2405739575624466 0.17703868448734283
0 0.511174738407135 0.38561704754829407 0.21578332781791687 0.17889302968978882
0 0.3051694333553314 0.3793288469314575 0.21994511783123016 0.17902006208896637
0 0.10352788865566254 0.3725132942199707 0.20705577731132507 0.17733116447925568
0 0.9085997939109802 0.7320113182067871 0.16982468962669373 0.17487916350364685
0 0.7162548303604126 0.7241737842559814 0.23876258730888367 0.1808994561433792
0 0.4944632947444916 0.7200257182121277 0.22871780395507812 0.18581491708755493
0 0.28226029872894287 0.7128926515579224 0.2204841673374176 0.1868686079978943
0 0.09220806509256363 0.7092844843864441 0.18441613018512726 0.19184653460979462
