0 0.8889003396034241 0.328113853931427 0.1623646467924118 0.39862099289894104
0 0.7167839407920837 0.34588271379470825 0.16962489485740662 0.3913642466068268
0 0.5224713683128357 0.36953604221343994 0.22752761840820312 0.3965466022491455
0 0.32981979846954346 0.38726097345352173 0.17878665030002594 0.3843309283256531
0 0.1569920927286148 0.41084665060043335 0.16575530171394348 0.3892875015735626
0 0.8768504858016968 0.06403562426567078 0.15673907101154327 0.12807124853134155
0 0.7057532072067261 0.07599591463804245 0.1665841042995453 0.1519918292760849
0 0.5096084475517273 0.0917307436466217 0.2266620248556137 0.1834614872932434
0 0.3177054822444916 0.10372434556484222 0.16801373660564423 0.20744869112968445
0 0.1446392834186554 0.11045954376459122 0.16196998953819275 0.22091908752918243
