0 0.9467769861221313 0.26629799604415894 0.10449200868606567 0.20787201821804047
0 0.8359379768371582 0.24784699082374573 0.11523395776748657 0.22755198180675507
0 0.6801760196685791 0.21894200146198273 0.19433599710464478 0.25584301352500916
0 0.4951170086860657 0.18573200702667236 0.17382800579071045 0.27552300691604614
0 0.9453120231628418 0.46371498703956604 0.10742205381393433 0.20664197206497192
0 0.8320310115814209 0.4575650095939636 0.11914104223251343 0.22386202216148376
0 0.6782230138778687 0.44095900654792786 0.1982419490814209 0.2521529793739319
0 0.4951170086860657 0.42127901315689087 0.1679689884185791 0.24477198719978333
0 0.4956049919128418 0.6642069816589355 0.1865229606628418 0.23124194145202637
0 0.68408203125 0.664821982383728 0.18457001447677612 0.21525204181671143
0 0.9458010196685791 0.6611319780349731 0.10058599710464478 0.19311201572418213
0 0.8349609971046448 0.667281985282898 0.11132800579071045 0.19803202152252197
0 0.23584002256393433 0.42865899205207825 0.1083979606628418 0.15375202894210815
