0 0.04833211377263069 0.3693804442882538 0.09666422754526138 0.4700372517108917
0 0.13055454194545746 0.3520488142967224 0.1255282461643219 0.47563621401786804
0 0.22932559251785278 0.33941489458084106 0.12976039946079254 0.4824899137020111
0 0.32718971371650696 0.32771337032318115 0.12542711198329926 0.47407543659210205
0 0.4239963889122009 0.3146049976348877 0.12764430046081543 0.4790625274181366
0 0.5224640369415283 0.2972888648509979 0.12976041436195374 0.4824899137020111
0 0.6201269030570984 0.28246673941612244 0.12603387236595154 0.4834388494491577
0 0.7431015372276306 0.27778878808021545 0.03676668182015419 0.20200398564338684
0 0.8319494724273682 0.26122182607650757 0.036261122673749924 0.19420231878757477
0 0.9211503267288208 0.25011661648750305 0.04281161352992058 0.20760393142700195
