0 0.6875 0.3407759964466095 0.030272960662841797 0.05783301591873169
0 0.5869140028953552 0.34150800108909607 0.030273079872131348 0.059297025203704834
0 0.4882810115814209 0.3437039852142334 0.0322270393371582 0.0607609748840332
0 0.4133300185203552 0.3440699875354767 0.0385739803314209 0.05417299270629883
0 0.375 0.34224000573158264 0.03808605670928955 0.05783301591873169
0 0.3000490069389343 0.34553399682044983 0.02783203125 0.05417299270629883
0 0.23120099306106567 0.3462660014629364 0.026854991912841797 0.052708983421325684
0 0.2009279727935791 0.34187400341033936 0.0307619571685791 0.04392397403717041
0 0.7268069982528687 0.35248899459838867 0.0395510196685791 0.037334978580474854
0 0.7971190214157104 0.3510249853134155 0.0229489803314209 0.03440701961517334
0 0.8564449548721313 0.3634699881076813 0.014648020267486572 0.053440988063812256
0 0.6840819716453552 0.49341100454330444 0.02929699420928955 0.12298703193664551
0 0.8320310115814209 0.4882870316505432 0.0322270393371582 0.10248902440071106
0 0.5874019861221313 0.49048298597335815 0.025390982627868652 0.09809696674346924
0 0.45117199420928955 0.4919469952583313 0.0625 0.10395300388336182
0 0.3369140028953552 0.4923129975795746 0.06445300579071045 0.11054199934005737
1 0.3967289924621582 0.4912149906158447 0.0239260196685791 0.0937039852142334
