0 0.0507810041308403 0.4319149851799011 0.09960900247097015 0.19716298580169678
0 0.1489260047674179 0.42907801270484924 0.10839799046516418 0.21134799718856812
0 0.2534179985523224 0.42482298612594604 0.10839800536632538 0.21134796738624573
0 0.3618159890174866 0.4184400141239166 0.11230498552322388 0.21276599168777466
0 0.4721679985523224 0.4212769865989685 0.11230498552322388 0.21560299396514893
0 0.5830079913139343 0.41631200909614563 0.1132810115814209 0.21134799718856812
0 0.6972659826278687 0.4120570123195648 0.11132800579071045 0.2141839861869812
0 0.8144530057907104 0.4056740403175354 0.12304699420928955 0.22411301732063293
0 0.9018549919128418 0.4056739807128906 0.05371105670928955 0.22127696871757507
0 0.5458980202674866 0.6808509826660156 0.13476598262786865 0.23546099662780762
0 0.6796879768371582 0.6780139803886414 0.1328120231628418 0.24113500118255615
0 0.8129879832267761 0.6773049831390381 0.13378894329071045 0.2397160530090332
0 0.9028319716453552 0.6751769781112671 0.0458979606628418 0.2439720630645752
