2 0.39357486367225647 0.5575628876686096 0.10056673735380173 0.18876460194587708
2 0.05117826163768768 0.414172887802124 0.04740307107567787 0.09886328130960464
0 0.286947637796402 0.10545504093170166 0.25521644949913025 0.21091008186340332
0 0.2459007352590561 0.34702354669570923 0.27758321166038513 0.4519144892692566
0 0.4509464502334595 0.12448470294475555 0.13892193138599396 0.2489694058895111
0 0.4057749807834625 0.40697023272514343 0.1551198810338974 0.3938857913017273
0 0.5577764511108398 0.1524648517370224 0.14616692066192627 0.27489960193634033
0 0.5883415937423706 0.46973130106925964 0.09388035535812378 0.3338121771812439
0 0.6759717464447021 0.19761697947978973 0.08281976729631424 0.2681640386581421
0 0.6256669163703918 0.18598105013370514 0.07481752336025238 0.2737096846103668
0 0.7404623627662659 0.22117643058300018 0.1195186898112297 0.2852896451950073
0 0.7008542418479919 0.5108508467674255 0.1286562979221344 0.3435722589492798
0 0.6349838376045227 0.4868495464324951 0.09143827110528946 0.32898086309432983
0 0.7853347063064575 0.5393184423446655 0.1270528882741928 0.3322576880455017
0 0.8260810375213623 0.25518307089805603 0.12500417232513428 0.29919537901878357
0 0.9030982255935669 0.2820053994655609 0.10535521060228348 0.29696908593177795
0 0.8595901727676392 0.5652595162391663 0.11236264556646347 0.31541121006011963
