0 0.9370119571685791 0.4041000008583069 0.04980498552322388 0.23426103591918945
0 0.8803709745407104 0.32576900720596313 0.04394501447677612 0.09809696674346924
1 0.8823239803314209 0.4531480073928833 0.04980498552322388 0.13909196853637695
0 0.8222659826278687 0.3953149914741516 0.0625 0.25182998180389404
0 0.7529299855232239 0.3931190073490143 0.06054699420928955 0.24743801355361938
0 0.6860350370407104 0.39165401458740234 0.06933599710464478 0.25915098190307617
0 0.6166989803314209 0.38579800724983215 0.06347697973251343 0.25915104150772095
1 0.5488280057907104 0.44363099336624146 0.07226598262786865 0.15226900577545166
0 0.5473630428314209 0.30600300431251526 0.07519501447677612 0.11420200765132904
0 0.4711909592151642 0.37774500250816345 0.07910197973251343 0.2781839966773987
0 0.3935549855232239 0.38067299127578735 0.078125 0.28111302852630615
