0 0.8583692312240601 0.3226231634616852 0.1713479608297348 0.3881610929965973
0 0.6774898171424866 0.34442174434661865 0.17896224558353424 0.38137370347976685
0 0.47329092025756836 0.37249845266342163 0.2398083657026291 0.387943297624588
0 0.2708267271518707 0.3948098123073578 0.18857480585575104 0.3748532831668854
0 0.08921059966087341 0.42224040627479553 0.17489266395568848 0.3792688846588135
0 0.8451206088066101 0.0659065768122673 0.16509711742401123 0.1318131536245346
0 0.6653153300285339 0.07982197403907776 0.17545853555202484 0.15964394807815552
0 0.45919400453567505 0.09805942326784134 0.23860286176204681 0.19611884653568268
0 0.2575289011001587 0.11182619631290436 0.17698249220848083 0.22365239262580872
0 0.08047962188720703 0.12761452794075012 0.16095924377441406 0.22728405892848969
