0 0.03687499836087227 0.7170689702033997 0.030000001192092896 0.20222604274749756
0 0.17375001311302185 0.7680889964103699 0.18500001728534698 0.12244904041290283
0 0.36125001311302185 0.39563998579978943 0.08375000953674316 0.054731011390686035
0 0.3568750023841858 0.4545449912548065 0.08749997615814209 0.06308001279830933
0 0.3568750023841858 0.5162339806556702 0.08749997615814209 0.06400701403617859
0 0.3581250011920929 0.5783860087394714 0.0899999737739563 0.0695730447769165
0 0.497188001871109 0.39285698533058167 0.15312498807907104 0.06957298517227173
0 0.4950000047683716 0.4512990117073059 0.15125000476837158 0.051020026206970215
0 0.4946879744529724 0.514378011226654 0.14562496542930603 0.06029701232910156
0 0.4921880066394806 0.5797770023345947 0.14687496423721313 0.06678998470306396
0 0.4909380078315735 0.6437849998474121 0.14437496662139893 0.07792198657989502
0 0.6831250190734863 0.39749500155448914 0.19624996185302734 0.06957298517227173
0 0.6806250214576721 0.4615029990673065 0.19249999523162842 0.058441996574401855
0 0.6815620064735413 0.5185530185699463 0.19312500953674316 0.06493496894836426
0 0.6806250214576721 0.5732839703559875 0.1950000524520874 0.06307995319366455
0 0.6809369921684265 0.6474949717521667 0.1956249475479126 0.08163297176361084
0 0.8628119826316833 0.7217069864273071 0.06937503814697266 0.09090900421142578
0 0.7209380269050598 0.7101110219955444 0.11562502384185791 0.05287599563598633
0 0.7203130125999451 0.7666980028152466 0.109375 0.054731011390686035
