0 0.9448263645172119 0.3807503581047058 0.1103472113609314 0.47178563475608826
0 0.8655978441238403 0.3522570729255676 0.14728997647762299 0.47797825932502747
0 0.7656199932098389 0.32778170704841614 0.1518445760011673 0.48516610264778137
0 0.6665244102478027 0.3043377697467804 0.14711856842041016 0.47644832730293274
0 0.5685667395591736 0.2796320915222168 0.14956721663475037 0.48157164454460144
0 0.4691031575202942 0.2505670189857483 0.1518445760011673 0.48516610264778137
0 0.3703492283821106 0.23343870043754578 0.14814691245555878 0.46687740087509155
0 0.2453872561454773 0.20451150834560394 0.045948415994644165 0.2009478360414505
0 0.1556820124387741 0.177354633808136 0.04509158805012703 0.1933003067970276
0 0.06537794321775436 0.1555517017841339 0.05226626619696617 0.2071414589881897
