0 0.3615604341030121 0.30626440048217773 0.12514165043830872 0.18309487402439117
0 0.47091159224510193 0.3330228626728058 0.09962838143110275 0.16504155099391937
0 0.5618613958358765 0.3562677800655365 0.0918167382478714 0.16190612316131592
0 0.6499318480491638 0.37726569175720215 0.09730472415685654 0.14065879583358765
0 0.7179984450340271 0.403996080160141 0.04336606338620186 0.10444838553667068
0 0.7663857936859131 0.41572192311286926 0.06472648680210114 0.10520270466804504
0 0.8235111832618713 0.42775627970695496 0.05876559764146805 0.09641652554273605
0 0.8738065361976624 0.4416957497596741 0.04903486743569374 0.09464261680841446
0 0.3563515543937683 0.5450567007064819 0.12438570708036423 0.32029080390930176
0 0.4645945131778717 0.5495946407318115 0.09792453050613403 0.3036332428455353
0 0.5605562329292297 0.563000500202179 0.09955164045095444 0.2836788594722748
0 0.6508942246437073 0.5633289813995361 0.10099899023771286 0.25228285789489746
