0 0.7187702059745789 0.3727923333644867 0.0952444076538086 0.1347983479499817
0 0.6379313468933105 0.39002859592437744 0.09200488030910492 0.13932746648788452
0 0.5492824912071228 0.4060208797454834 0.11086644232273102 0.14273008704185486
0 0.7329827547073364 0.6620557308197021 0.11779236048460007 0.2104584276676178
0 0.6481052041053772 0.6773676872253418 0.08490698784589767 0.21475301682949066
0 0.5748119354248047 0.6932426691055298 0.10323580354452133 0.21294598281383514
0 0.4772551953792572 0.49064522981643677 0.046779993921518326 0.09537213295698166
0 0.42093682289123535 0.5034579634666443 0.08503596484661102 0.10738808661699295
0 0.3589605391025543 0.5172913670539856 0.05916249006986618 0.10783400386571884
0 0.47023066878318787 0.7412917613983154 0.0806448683142662 0.173073872923851
0 0.40583497285842896 0.7502558827400208 0.08765677362680435 0.16922527551651
0 0.34170565009117126 0.7618248462677002 0.07256747782230377 0.1665031611919403
