0 0.49054113030433655 0.24213147163391113 0.09748198091983795 0.06684689968824387
0 0.5771284103393555 0.23138204216957092 0.09094840288162231 0.06220545992255211
0 0.6397020816802979 0.22756733000278473 0.05120564624667168 0.06161908060312271
0 0.5064430236816406 0.3112466633319855 0.09939929097890854 0.06700694561004639
0 0.588189959526062 0.30583152174949646 0.09696108102798462 0.06407339870929718
0 0.6516389846801758 0.2963087558746338 0.05338340252637863 0.06316587328910828
0 0.5241945385932922 0.41613197326660156 0.09615879505872726 0.08994777500629425
0 0.6114329695701599 0.40884995460510254 0.10678742825984955 0.09629605710506439
0 0.6768828630447388 0.40479621291160583 0.0525813102722168 0.08904130011796951
0 0.8161543607711792 0.3220234811306 0.12378295511007309 0.09634970873594284
0 0.20415712893009186 0.4696151316165924 0.2019868791103363 0.06055205687880516
0 0.3954992890357971 0.45153000950813293 0.15571029484272003 0.055323176085948944
