0 0.5889464616775513 0.1752842366695404 0.18215103447437286 0.15407083928585052
0 0.37470176815986633 0.17247635126113892 0.26431435346603394 0.09454578906297684
0 0.5659895539283752 0.3265325427055359 0.19352389872074127 0.16209834814071655
0 0.3968816101551056 0.33647021651268005 0.17714117467403412 0.10618772357702255
0 0.36241674423217773 0.3591465353965759 0.23329602181911469 0.06821594387292862
0 0.546563446521759 0.4835866689682007 0.18198184669017792 0.16503794491291046
0 0.3564384877681732 0.4822838306427002 0.13975882530212402 0.11971341818571091
0 0.3454016149044037 0.5175933241844177 0.2365691065788269 0.06720033288002014
0 0.525757372379303 0.6442795991897583 0.18594543635845184 0.16894429922103882
0 0.32606181502342224 0.6740322113037109 0.2313995659351349 0.06687799841165543
0 0.3352907598018646 0.633024275302887 0.1440676599740982 0.1260807067155838
0 0.5621364116668701 0.8619136214256287 0.10203388333320618 0.14297667145729065
0 0.6415630578994751 0.865624725818634 0.1089262142777443 0.14340642094612122
0 0.7257257103919983 0.8727343678474426 0.09186941385269165 0.14356258511543274
0 0.8465372323989868 0.12928129732608795 0.05635102093219757 0.04864489659667015
0 0.8227184414863586 0.2804758846759796 0.058764390647411346 0.05367431044578552
0 0.808121383190155 0.4216936528682709 0.05480080097913742 0.049767959862947464
0 0.791714072227478 0.5634201765060425 0.06341969221830368 0.06250379979610443
