0 0.16753500699996948 0.2121647298336029 0.11893554776906967 0.17936740815639496
0 0.24500276148319244 0.20353193581104279 0.052474334836006165 0.13402993977069855
0 0.35234349966049194 0.22856666147708893 0.11185461282730103 0.10718613117933273
0 0.4166930913925171 0.2489844262599945 0.03169021010398865 0.09176146984100342
0 0.4883846342563629 0.3878038823604584 0.07760339975357056 0.09723688662052155
0 0.564082145690918 0.39721667766571045 0.0760565847158432 0.09689383953809738
0 0.47942715883255005 0.49521541595458984 0.07757905125617981 0.12782928347587585
0 0.5522161722183228 0.5101296305656433 0.08305542171001434 0.12198266386985779
0 0.7110411524772644 0.525686502456665 0.11805014312267303 0.24742887914180756
0 0.8071930408477783 0.5359480381011963 0.12056449800729752 0.22680293023586273
0 0.42090901732444763 0.47977861762046814 0.048804137855768204 0.11203239113092422
0 0.24629759788513184 0.4238452613353729 0.08586450666189194 0.18144819140434265
0 0.1505524069070816 0.4013822078704834 0.1215318962931633 0.20583389699459076
