0 0.2669662833213806 0.5431427359580994 0.10754945129156113 0.12764368951320648
0 0.2782611548900604 0.6703695058822632 0.09998162090778351 0.11990202963352203
0 0.2868318259716034 0.7991956472396851 0.09647325426340103 0.12767232954502106
0 0.39931821823120117 0.7259133458137512 0.1348632574081421 0.1896606981754303
0 0.38391101360321045 0.532067060470581 0.1170404925942421 0.1252104490995407
0 0.4496486485004425 0.3175583779811859 0.07453475892543793 0.1635904610157013
0 0.5047347545623779 0.26700359582901 0.07437470555305481 0.1783095747232437
0 0.5673706531524658 0.20416311919689178 0.08546783030033112 0.19514042139053345
0 0.6470655202865601 0.14029541611671448 0.10218759626150131 0.21302813291549683
0 0.7345861196517944 0.09259948879480362 0.1303216814994812 0.18519897758960724
0 0.4580243229866028 0.42685526609420776 0.06853410601615906 0.141392782330513
0 0.5209532380104065 0.39330747723579407 0.0787551999092102 0.1643824428319931
0 0.58817458152771 0.3426493704319 0.08879726380109787 0.18523041903972626
0 0.6664623022079468 0.2790457308292389 0.10341574251651764 0.21115145087242126
0 0.761809766292572 0.21441364288330078 0.12294988334178925 0.2295663058757782
