0 0.8607361912727356 0.318142831325531 0.14713408052921295 0.3328433334827423
0 0.9486961960792542 0.2726690173149109 0.10260765999555588 0.36732205748558044
0 0.7707421183586121 0.3535503149032593 0.10886002331972122 0.28625980019569397
0 0.8003754019737244 0.5470950603485107 0.08794247359037399 0.14964045584201813
0 0.8905999064445496 0.5430291295051575 0.11796283721923828 0.19615675508975983
0 0.9692061543464661 0.5348807573318481 0.061587635427713394 0.21718579530715942
0 0.7231213450431824 0.37400510907173157 0.07105214893817902 0.2546834349632263
0 0.7495630383491516 0.5566502213478088 0.047425441443920135 0.10635489225387573
0 0.5731538534164429 0.47515371441841125 0.06114866957068443 0.23786233365535736
4 0.5242273807525635 0.4638768434524536 0.12561143934726715 0.3418284058570862
4 0.4774479269981384 0.4765681028366089 0.06083739921450615 0.2418079376220703
4 0.6439188122749329 0.4102838933467865 0.2123623788356781 0.573423445224762
