0 0.8966019153594971 0.21886542439460754 0.20679612457752228 0.4377308487892151
0 0.6984010338783264 0.2434135377407074 0.2695044279098511 0.4868270754814148
0 0.46845170855522156 0.26461052894592285 0.2687159776687622 0.5292210578918457
0 0.23689962923526764 0.3062721788883209 0.2687159776687622 0.5517023801803589
0 0.06885500252246857 0.345264732837677 0.13771000504493713 0.522970974445343
0 0.9177062511444092 0.6567941308021545 0.16458743810653687 0.5393696427345276
0 0.7372990250587463 0.7018547654151917 0.2689787745475769 0.5550527572631836
0 0.506745457649231 0.7386152744293213 0.266982764005661 0.5227693915367126
0 0.2763232886791229 0.7665138244628906 0.26871591806411743 0.466972291469574
0 0.10851705074310303 0.7908333539962769 0.14921118319034576 0.4183332324028015
