1 0.42000457644462585 0.5174325704574585 0.051854927092790604 0.12595058977603912
1 0.9165882468223572 0.4013991355895996 0.11446748673915863 0.13682472705841064
0 0.4270646274089813 0.36447960138320923 0.11311272531747818 0.1885620802640915
0 0.4904484152793884 0.4971950948238373 0.11071190237998962 0.13599418103694916
0 0.5881972908973694 0.4716951549053192 0.11120297759771347 0.13164223730564117
0 0.6857523322105408 0.45400241017341614 0.10695534199476242 0.13516339659690857
0 0.7940312623977661 0.4331606924533844 0.12978897988796234 0.14318616688251495
0 0.5260501503944397 0.3418121039867401 0.11667539924383163 0.1967846006155014
0 0.6246410012245178 0.32000812888145447 0.11479667574167252 0.19636909663677216
0 0.7218242287635803 0.2985154390335083 0.1138581782579422 0.19616155326366425
0 0.8179925084114075 0.2764699459075928 0.1127697080373764 0.1944332718849182
0 0.9115079045295715 0.237155944108963 0.10855138301849365 0.1607910692691803
0 0.3894194960594177 0.21054424345493317 0.10567387193441391 0.140827015042305
0 0.3777676522731781 0.09666580706834793 0.1035427451133728 0.12846159934997559
0 0.4744061827659607 0.0745173767209053 0.11090478301048279 0.12860225141048431
0 0.48729458451271057 0.19122722744941711 0.10987677425146103 0.14621706306934357
0 0.5840076208114624 0.1698385328054428 0.10957854986190796 0.1431770771741867
0 0.5727218389511108 0.05678003281354904 0.10898220539093018 0.11356006562709808
0 0.6701276898384094 0.046189289540052414 0.11135204136371613 0.09237857908010483
0 0.6814364194869995 0.14596286416053772 0.10784980654716492 0.144281268119812
0 0.7657303810119629 0.034423742443323135 0.1020069420337677 0.06884748488664627
0 0.776889979839325 0.12640516459941864 0.10878922045230865 0.14448903501033783
0 0.8733049035072327 0.10197751969099045 0.10819276422262192 0.1384100615978241
0 0.9387116432189941 0.0890648365020752 0.04963410273194313 0.1314065009355545
0 0.8601928353309631 0.026424415409564972 0.10740262269973755 0.052848830819129944
0 0.9270827174186707 0.01811309903860092 0.04963410273194313 0.03622619807720184
0 0.333060622215271 0.5063818097114563 0.05604491010308266 0.19675639271736145
0 0.29413798451423645 0.5056740641593933 0.053019214421510696 0.17527201771736145
0 0.2747180759906769 0.28326910734176636 0.05088716745376587 0.16290642321109772
0 0.31157544255256653 0.25803783535957336 0.05246685817837715 0.16028277575969696
