0 0.882817268371582 0.33272504806518555 0.14673195779323578 0.10849301517009735
0 0.726010799407959 0.3089505732059479 0.1819564402103424 0.12981337308883667
0 0.5522159337997437 0.2870573401451111 0.17845359444618225 0.1328754872083664
0 0.38240429759025574 0.267506867647171 0.17355792224407196 0.1251288801431656
0 0.21300089359283447 0.24741245806217194 0.17763787508010864 0.13158373534679413
0 0.06479208171367645 0.23670075833797455 0.1295841634273529 0.10636347532272339
0 0.8762509822845459 0.4349878430366516 0.14622870087623596 0.13674131035804749
0 0.7194566130638123 0.4172119200229645 0.18075640499591827 0.13436895608901978
0 0.5470297336578369 0.3913070559501648 0.1774938702583313 0.12920501828193665
0 0.3768467307090759 0.37170594930648804 0.17482995986938477 0.12176264822483063
0 0.2045750468969345 0.34942176938056946 0.18166837096214294 0.12505395710468292
0 0.06000374257564545 0.32800185680389404 0.1200074851512909 0.12003140896558762
0 0.8707766532897949 0.5439969897270203 0.14406894147396088 0.13762636482715607
0 0.7155424952507019 0.5252335071563721 0.18022887408733368 0.13783663511276245
0 0.5396239161491394 0.5012520551681519 0.1854359656572342 0.13854646682739258
0 0.3669809401035309 0.4789172410964966 0.17339040338993073 0.13454429805278778
0 0.19756537675857544 0.45282331109046936 0.17898108065128326 0.12940779328346252
0 0.05731475353240967 0.43155550956726074 0.11462950706481934 0.12489116936922073
0 0.8629873394966125 0.6478918194770813 0.14893938601016998 0.12059228122234344
0 0.7081717848777771 0.6345837116241455 0.18603549897670746 0.13626809418201447
0 0.5311382412910461 0.6104502081871033 0.18157291412353516 0.13565975427627563
0 0.3585672974586487 0.5869250893592834 0.17710937559604645 0.13505126535892487
0 0.18882766366004944 0.5661842226982117 0.17533409595489502 0.13009013235569
0 0.05382160842418671 0.5499293208122253 0.10764321684837341 0.130840003490448
0 0.8574162721633911 0.7646833658218384 0.14740444719791412 0.14398081600666046
0 0.6998783349990845 0.7468060255050659 0.18193311989307404 0.14160853624343872
0 0.5257359743118286 0.7182689905166626 0.18061228096485138 0.13198915123939514
0 0.35216838121414185 0.69880610704422 0.17862093448638916 0.12345904111862183
0 0.1802699714899063 0.6765717267990112 0.1772778034210205 0.12563598155975342
0 0.04905658960342407 0.6544197797775269 0.09811317920684814 0.12329620867967606
0 0.8524582982063293 0.8713635206222534 0.14349284768104553 0.12810952961444855
0 0.6962153315544128 0.8506638407707214 0.18210051953792572 0.13219214975833893
0 0.520069420337677 0.8242530226707458 0.18181243538856506 0.1274336278438568
0 0.345866322517395 0.8029037117958069 0.1785489320755005 0.12226962298154831
0 0.17327147722244263 0.7859727144241333 0.1785975992679596 0.1352541446685791
0 0.045407459139823914 0.7656047344207764 0.09081491827964783 0.12914355099201202
