0 0.957028865814209 0.1636461466550827 0.0571170337498188 0.25022897124290466
0 0.9277344346046448 0.16049975156784058 0.0561528280377388 0.25002872943878174
0 0.8902405500411987 0.15905621647834778 0.06333139538764954 0.2663252055644989
0 0.8502684235572815 0.1627434641122818 0.06277520954608917 0.2602876126766205
0 0.8100190162658691 0.16341018676757812 0.06637311726808548 0.2788010537624359
0 0.7652248740196228 0.16809779405593872 0.07162227481603622 0.2946968376636505
0 0.7183567881584167 0.16629405319690704 0.07217031717300415 0.29036885499954224
0 0.6685941815376282 0.165091410279274 0.07410875707864761 0.3011353015899658
0 0.6189717054367065 0.1653987318277359 0.08432090282440186 0.3195420801639557
0 0.559770941734314 0.16846320033073425 0.08749260753393173 0.323162317276001
0 0.4984322190284729 0.1707788109779358 0.09412403404712677 0.3415576219558716
0 0.42965319752693176 0.17602786421775818 0.10350184142589569 0.35205572843551636
0 0.35908040404319763 0.1824859380722046 0.10544852912425995 0.3649718761444092
0 0.2785157859325409 0.18380068242549896 0.11411381512880325 0.3553406894207001
0 0.190312460064888 0.2028874307870865 0.12486574798822403 0.3590538799762726
0 0.094798743724823 0.21733933687210083 0.1325749009847641 0.35029101371765137
0 0.9774231314659119 0.3832199275493622 0.04515375941991806 0.2226586639881134
0 0.9436983466148376 0.38715967535972595 0.050207462161779404 0.2265859842300415
0 0.9102799296379089 0.39794597029685974 0.05806498974561691 0.229699045419693
0 0.8682448863983154 0.40590667724609375 0.06965010613203049 0.24246792495250702
0 0.8310291171073914 0.40748244524002075 0.0682770237326622 0.24810580909252167
0 0.7832781672477722 0.4227832555770874 0.06511358171701431 0.25485116243362427
0 0.7379314303398132 0.4268166422843933 0.06814610958099365 0.25696122646331787
0 0.6916286945343018 0.4418167173862457 0.07366526871919632 0.26551079750061035
0 0.635047972202301 0.4466451108455658 0.08677185326814651 0.28451859951019287
0 0.5801971554756165 0.4595743715763092 0.07795838266611099 0.2915709316730499
0 0.5254203677177429 0.4786412715911865 0.09630598872900009 0.31610897183418274
0 0.46140486001968384 0.4934738278388977 0.09838256239891052 0.3283843994140625
0 0.3851253092288971 0.5139303207397461 0.11259347945451736 0.34910285472869873
0 0.30786776542663574 0.5184378027915955 0.11989361047744751 0.3461771309375763
0 0.21945589780807495 0.5352608561515808 0.12775924801826477 0.35965484380722046
0 0.1214008703827858 0.5594706535339355 0.14225634932518005 0.3937571048736572
