0 0.5500310063362122 0.11017762124538422 0.08369562029838562 0.10764575004577637
0 0.466441810131073 0.10839792340993881 0.07421039044857025 0.10720983892679214
0 0.5498780608177185 0.2190983146429062 0.07524431496858597 0.11146561801433563
0 0.46773961186408997 0.2186570018529892 0.06848964840173721 0.10554448515176773
0 0.5506016612052917 0.3244641423225403 0.07607881724834442 0.10589327663183212
0 0.4698718786239624 0.3232555687427521 0.07622193545103073 0.11291392892599106
0 0.5504344701766968 0.43268197774887085 0.08300516754388809 0.12023881077766418
0 0.46981921792030334 0.43709030747413635 0.07337590306997299 0.11278313398361206
0 0.5545639991760254 0.5421083569526672 0.07702688127756119 0.10593686252832413
0 0.4720373749732971 0.5459010601043701 0.06754164397716522 0.10550094395875931
0 0.5553591251373291 0.650984525680542 0.07806172966957092 0.11019262671470642
0 0.4718415439128876 0.6527152061462402 0.07217024266719818 0.1001029908657074
0 0.5538118481636047 0.7613744139671326 0.07998739928007126 0.11168359220027924
0 0.47450512647628784 0.7601004242897034 0.07711274921894073 0.11014901101589203
0 0.5555559992790222 0.8702069520950317 0.08096496015787125 0.11313190311193466
0 0.47588878870010376 0.874571681022644 0.08087915182113647 0.10891975462436676
0 0.5612534284591675 0.962170422077179 0.08214651793241501 0.07565919309854507
0 0.4767438769340515 0.9630678296089172 0.08392908424139023 0.07258989661931992
0 0.3747895359992981 0.10698878020048141 0.09424532949924469 0.11374224722385406
0 0.28368282318115234 0.10906818509101868 0.09226137399673462 0.109442800283432
0 0.19453038275241852 0.11386791616678238 0.0884958952665329 0.11067219078540802
0 0.10961742699146271 0.11706773936748505 0.09131336957216263 0.1093992367386818
0 0.03354274481534958 0.12223798036575317 0.06708548963069916 0.11163128912448883
0 0.37601572275161743 0.21373751759529114 0.09223273396492004 0.10803809016942978
0 0.28740984201431274 0.22202575206756592 0.08950219303369522 0.11352425813674927
0 0.19824309647083282 0.2261236011981964 0.08955942094326019 0.11633176356554031
0 0.11202163249254227 0.23500479757785797 0.08941632509231567 0.10931205749511719
0 0.03468760848045349 0.2345590591430664 0.06937521696090698 0.11163128167390823
0 0.37875089049339294 0.32463306188583374 0.09507882595062256 0.10816889256238937
0 0.2876584827899933 0.327413409948349 0.08766237646341324 0.11624457687139511
0 0.20186901092529297 0.33416712284088135 0.08458732068538666 0.10488184541463852
0 0.11419687420129776 0.3417099416255951 0.08935907483100891 0.10650359839200974
0 0.03438080474734306 0.3462437093257904 0.06876160949468613 0.10728828608989716
0 0.3790434002876282 0.4321272671222687 0.09125611931085587 0.10659079998731613
0 0.29036596417427063 0.436905175447464 0.09050742536783218 0.11637532711029053
0 0.20269376039505005 0.44444796442985535 0.08579394966363907 0.11756112426519394
0 0.11637211591005325 0.448415070772171 0.09148508310317993 0.11782266944646835
0 0.03740840405225754 0.45356351137161255 0.07481680810451508 0.1144833043217659
0 0.38175085186958313 0.5416180491447449 0.09214688837528229 0.10382682085037231
0 0.2925698161125183 0.5450140833854675 0.09027845412492752 0.10514339804649353
0 0.20489761233329773 0.5525568723678589 0.09131336957216263 0.10939925163984299
0 0.11768514662981033 0.5593750476837158 0.08947355300188065 0.11211954802274704
0 0.03802201896905899 0.5623960494995117 0.07604403793811798 0.1102275550365448
0 0.3835226893424988 0.6518553495407104 0.09145646542310715 0.11641889065504074
0 0.2934364974498749 0.6574005484580994 0.0915137231349945 0.11922737210988998
0 0.20656925439834595 0.6578800678253174 0.08869624882936478 0.1205003559589386
0 0.11747404932975769 0.6654872894287109 0.09039293974637985 0.11075933277606964
0 0.037743836641311646 0.6740806698799133 0.07548767328262329 0.11150045692920685
0 0.38576948642730713 0.7620708346366882 0.09694726020097733 0.10685234516859055
0 0.29519498348236084 0.7669359445571899 0.09039293974637985 0.11075933277606964
0 0.20792527496814728 0.7709466218948364 0.09039293974637985 0.11075933277606964
0 0.11875853687524796 0.7750444412231445 0.09022120386362076 0.10233491659164429
0 0.03888869285583496 0.7828913927078247 0.07777738571166992 0.11852017790079117
0 0.3860333561897278 0.8681603074073792 0.09703312814235687 0.11106450110673904
0 0.29596146941185 0.8744083046913147 0.08947355300188065 0.11211954802274704
0 0.2082177847623825 0.878440797328949 0.09036432951688766 0.10935566574335098
0 0.11958227306604385 0.8853243589401245 0.08958803862333298 0.11773549020290375
0 0.038567591458559036 0.8903648257255554 0.07713518291711807 0.1197940781712532
0 0.3875771760940552 0.9617729783058167 0.09749559313058853 0.07645407319068909
0 0.2964990735054016 0.9632505178451538 0.08993499726057053 0.07349894940853119
0 0.20878393948078156 0.9667034149169922 0.08703270554542542 0.06659315526485443
0 0.12112610042095184 0.9728991985321045 0.08970601856708527 0.05420165881514549
0 0.03840644285082817 0.9749481081962585 0.07681288570165634 0.05010383203625679
