0 0.9521480202674866 0.45534396171569824 0.04492199420928955 0.3162519633769989
0 0.8945310115814209 0.46266499161720276 0.04882800579071045 0.28989797830581665
0 0.8374019861221313 0.46046900749206543 0.0478520393371582 0.2884329557418823
0 0.7744140028953552 0.4597359895706177 0.04492199420928955 0.29282596707344055
0 0.7143549919128418 0.4582720100879669 0.0498049259185791 0.2986820340156555
0 0.6513670086860657 0.45754000544548035 0.046875 0.30014604330062866
0 0.59033203125 0.45753997564315796 0.055664002895355225 0.3089309632778168
0 0.5283200144767761 0.45461198687553406 0.0507810115814209 0.3323569893836975
0 0.4663090109825134 0.45461195707321167 0.05371105670928955 0.3089309632778168
0 0.3989260196685791 0.4531480073928833 0.05371105670928955 0.31185901165008545
0 0.3320310115814209 0.450219988822937 0.0507810115814209 0.31185901165008545
0 0.26025402545928955 0.450219988822937 0.05371105670928955 0.31771600246429443
0 0.18603497743606567 0.4480229616165161 0.05371105670928955 0.3162519633769989
0 0.11279302835464478 0.450219988822937 0.0634770393371582 0.3323569595813751
0 0.04052698612213135 0.4363099932670593 0.0615229606628418 0.33382096886634827
