0 0.7055659890174866 0.30865100026130676 0.11230504512786865 0.17155401408672333
0 0.570311963558197 0.30865100026130676 0.16601598262786865 0.16275697946548462
0 0.4335939884185791 0.31451600790023804 0.1132810115814209 0.16275697946548462
0 0.7075200080871582 0.48313799500465393 0.1123049259185791 0.1920819878578186
0 0.5678709745407104 0.4780060052871704 0.16503900289535522 0.16422298550605774
0 0.4306640028953552 0.4838709831237793 0.109375 0.18181797862052917
0 0.4252930283546448 0.6722869873046875 0.09668004512786865 0.19501495361328125
0 0.7167969942092896 0.6664220094680786 0.09375 0.18621695041656494
0 0.6083979606628418 0.6730210185050964 0.0742189884185791 0.17302095890045166
0 0.5297850370407104 0.6744869947433472 0.08105498552322388 0.17595303058624268
0 0.9775390028953552 0.23460400104522705 0.0429689884185791 0.20234598219394684
0 0.9238280057907104 0.23680400848388672 0.025390982627868652 0.20381201803684235
0 0.8618160486221313 0.2353370040655136 0.07128900289535522 0.2067449986934662
0 0.9672850370407104 0.460411012172699 0.030273020267486572 0.21114397048950195
0 0.9052729606628418 0.4545449912548065 0.07031196355819702 0.2082110047340393
0 0.8413090109825134 0.4582110047340393 0.028319954872131348 0.2008800208568573
0 0.86279296875 0.6510260105133057 0.07324200868606567 0.1466280221939087
0 0.9272459745407104 0.6612899899482727 0.030273020267486572 0.16715502738952637
0 0.9790040254592896 0.6612899899482727 0.040039002895355225 0.17008793354034424
0 0.3002930283546448 0.23826999962329865 0.030272960662841797 0.20967701077461243
0 0.24023401737213135 0.23826999962329865 0.0703120231628418 0.2008800208568573
0 0.17529302835464478 0.2353370040655136 0.030272960662841797 0.2008800208568573
0 0.11474597454071045 0.23753699660301208 0.06543004512786865 0.20234601199626923
0 0.053710997104644775 0.24046897888183594 0.02929699420928955 0.20527897775173187
0 0.012695252895355225 0.2412019968032837 0.02539050579071045 0.20381200313568115
0 0.27929699420928955 0.45747798681259155 0.0703120231628418 0.2082110345363617
0 0.21533197164535522 0.4589439928531647 0.0361330509185791 0.21114403009414673
0 0.15332001447677612 0.4567449986934662 0.0703120231628418 0.2067449688911438
0 0.09423798322677612 0.45747798681259155 0.030272960662841797 0.20234596729278564
0 0.03369125723838806 0.4596770107746124 0.06738251447677612 0.2008799910545349
0 0.3012700080871582 0.6774190068244934 0.028319954872131348 0.20234596729278564
0 0.2382810115814209 0.6766859889030457 0.06835901737213135 0.20381200313568115
0 0.17382800579071045 0.6788859963417053 0.0351560115814209 0.19648098945617676
0 0.11132800579071045 0.6796190142631531 0.07226598262786865 0.20381200313568115
0 0.04882800579071045 0.6796190142631531 0.03125 0.19501495361328125
0 0.013184010982513428 0.6840180158615112 0.0263669490814209 0.20674502849578857
