0 0.9270792007446289 0.28555575013160706 0.12863239645957947 0.12781767547130585
0 0.9154186844825745 0.41658616065979004 0.13379982113838196 0.12270654737949371
0 0.7409546971321106 0.2573445737361908 0.13998961448669434 0.1467873454093933
0 0.7212325930595398 0.39180490374565125 0.13420048356056213 0.12566615641117096
0 0.5495537519454956 0.23444680869579315 0.13918821513652802 0.1408681422472
0 0.5285384058952332 0.36722463369369507 0.13758555054664612 0.12902973592281342
0 0.35625845193862915 0.21430639922618866 0.13540248572826385 0.13454493880271912
0 0.33664628863334656 0.33672621846199036 0.13580314815044403 0.13750454783439636
0 0.8989706635475159 0.5605312585830688 0.1425732970237732 0.14423176646232605
0 0.7096624374389648 0.533395528793335 0.1391882300376892 0.1408681869506836
0 0.5109992623329163 0.5080081820487976 0.12823167443275452 0.12485810369253159
0 0.3222910761833191 0.4764333665370941 0.132818803191185 0.13710050284862518
0 0.8811410069465637 0.6922329664230347 0.14297397434711456 0.14719142019748688
0 0.8595256805419922 0.8294498324394226 0.13500182330608368 0.13158537447452545
0 0.8443003296852112 0.9419146180152893 0.1301938146352768 0.09607016295194626
0 0.6858630776405334 0.6642890572547913 0.14555764198303223 0.14463578164577484
0 0.6662302613258362 0.8093103766441345 0.14475630223751068 0.13871654868125916
0 0.6577761173248291 0.9166631698608398 0.12124065309762955 0.0948580950498581
0 0.49227792024612427 0.6350688338279724 0.14796164631843567 0.16239343583583832
0 0.4807077944278717 0.7766594886779785 0.14056995511054993 0.1294337660074234
0 0.4639897346496582 0.8889221549034119 0.1284114122390747 0.10454491525888443
0 0.30535319447517395 0.6127761006355286 0.13580314815044403 0.1375044882297516
0 0.286521852016449 0.7518773078918457 0.13500182330608368 0.13158537447452545
2 0.2862880825996399 0.8995245695114136 0.05638520419597626 0.09188827872276306
