0 0.6583698987960815 0.2973748445510864 0.13326798379421234 0.19656485319137573
0 0.5533404350280762 0.33917468786239624 0.10732796043157578 0.17530693113803864
0 0.46604815125465393 0.37491074204444885 0.09953830391168594 0.17113342881202698
0 0.38142305612564087 0.4080335199832916 0.1035144180059433 0.15117308497428894
0 0.31668874621391296 0.44393202662467957 0.04879842698574066 0.10814114660024643
0 0.27020639181137085 0.46231579780578613 0.06959975510835648 0.11191998422145844
0 0.2152147740125656 0.4822453558444977 0.06324765086174011 0.10249372571706772
0 0.16701117157936096 0.5030715465545654 0.05368034169077873 0.09937601536512375
0 0.6786752939224243 0.530815064907074 0.1412884145975113 0.33039024472236633
0 0.5733112096786499 0.5506657958030701 0.11451650410890579 0.3103598654270172
0 0.48049965500831604 0.5774658918380737 0.11482400447130203 0.2911118268966675
0 0.39234381914138794 0.5906409025192261 0.11422673612833023 0.26066863536834717
