0 0.5568010210990906 0.7084446549415588 0.1974048912525177 0.2722141742706299
2 0.5496794581413269 0.9608611464500427 0.05322878807783127 0.07827775925397873
2 0.20289719104766846 0.8338577151298523 0.10602309554815292 0.2135704904794693
0 0.712002694606781 0.7661410570144653 0.17465859651565552 0.2507268488407135
0 0.693009078502655 0.9212732315063477 0.17628303170204163 0.1574534773826599
0 0.8414289951324463 0.8209893107414246 0.14823094010353088 0.22271834313869476
0 0.8338877558708191 0.94828861951828 0.15300238132476807 0.10342272371053696
0 0.5371947884559631 0.9004145860671997 0.1994268298149109 0.1991707682609558
0 0.34966424107551575 0.8729937076568604 0.21975819766521454 0.2524634301662445
0 0.3780307471752167 0.6507313251495361 0.21997322142124176 0.2922813296318054
0 0.5864923000335693 0.46742966771125793 0.19940076768398285 0.32624271512031555
0 0.7331414818763733 0.5197736620903015 0.18651224672794342 0.3376930356025696
0 0.8580922484397888 0.5571776628494263 0.18474778532981873 0.3769533038139343
0 0.9372625350952148 0.5839861035346985 0.1254749298095703 0.3771956264972687
0 0.9218502044677734 0.8711270689964294 0.11804962158203125 0.2577458620071411
0 0.41281017661094666 0.4140909016132355 0.21726062893867493 0.30111387372016907
