0 0.3932192325592041 0.1745346188545227 0.1149061769247055 0.18254266679286957
0 0.5117067098617554 0.21685700118541718 0.13994447886943817 0.1921125054359436
0 0.6308359503746033 0.25623565912246704 0.11951584368944168 0.16099603474140167
0 0.7315002083778381 0.2852236032485962 0.09697569161653519 0.16134895384311676
0 0.8001421689987183 0.3068957030773163 0.05865532159805298 0.14056754112243652
0 0.38538074493408203 0.3357211649417877 0.11043178290128708 0.17749018967151642
0 0.5660788416862488 0.3837394118309021 0.10474459081888199 0.16846390068531036
0 0.6706628203392029 0.4083958566188812 0.11736566573381424 0.1609356701374054
0 0.7662478089332581 0.42884987592697144 0.08563406765460968 0.14428114891052246
0 0.38331544399261475 0.5010194778442383 0.12222275137901306 0.17683638632297516
0 0.5041638612747192 0.5221830606460571 0.12194443494081497 0.16894690692424774
0 0.6192554831504822 0.5387433767318726 0.12041652202606201 0.15609559416770935
0 0.8434228301048279 0.5746557116508484 0.04533745348453522 0.12836997210979462
0 0.40668654441833496 0.6620967388153076 0.16463100910186768 0.16127826273441315
0 0.6200709939002991 0.6833915114402771 0.1145891398191452 0.14312346279621124
0 0.7475779056549072 0.698818564414978 0.14031942188739777 0.14187520742416382
0 0.5237553715705872 0.8361705541610718 0.1767272651195526 0.1084141954779625
5 0.6884286403656006 0.9113802909851074 0.2656383514404297 0.1020447239279747
5 0.10101829469203949 0.8623042702674866 0.12488313764333725 0.10006142407655716
0 0.8006163835525513 0.8577672839164734 0.056188106536865234 0.10108789056539536
