0 0.9334139227867126 0.19920796155929565 0.048909422010183334 0.24849186837673187
0 0.9039349555969238 0.1937389075756073 0.04792780801653862 0.2483689934015274
0 0.8661084771156311 0.18931478261947632 0.054662127047777176 0.2642662525177002
0 0.8255868554115295 0.1898086965084076 0.05432543158531189 0.25820258259773254
0 0.7848978042602539 0.18726912140846252 0.05729970335960388 0.2766394317150116
0 0.7394671440124512 0.1883765012025833 0.06206977739930153 0.2922908365726471
0 0.6921833157539368 0.18284697830677032 0.06279987096786499 0.28786584734916687
0 0.6419526934623718 0.17768630385398865 0.06437161564826965 0.2986004650592804
0 0.5918073654174805 0.174042209982872 0.07413690537214279 0.3163822889328003
0 0.531882107257843 0.17238441109657288 0.07725108414888382 0.31978338956832886
0 0.46986645460128784 0.1693756878376007 0.08325626701116562 0.3387513756752014
0 0.40016141533851624 0.17171216011047363 0.09251642227172852 0.34342432022094727
0 0.3287736177444458 0.17538031935691833 0.09369488805532455 0.35076063871383667
0 0.24715623259544373 0.17017830908298492 0.10331997275352478 0.34035661816596985
0 0.15733188390731812 0.17729191482067108 0.1142086461186409 0.3530120849609375
0 0.06076201796531677 0.1840963065624237 0.12152403593063354 0.34350693225860596
0 0.9496318697929382 0.42004314064979553 0.04543008282780647 0.22095903754234314
0 0.9116082191467285 0.4209863841533661 0.042735859751701355 0.22513815760612488
0 0.8774430155754089 0.42907968163490295 0.0506778322160244 0.22763843834400177
0 0.8346778154373169 0.43366992473602295 0.062070440500974655 0.2396014779806137
0 0.7970197200775146 0.4322781562805176 0.060443006455898285 0.24542024731636047
0 0.748205840587616 0.4437313377857208 0.05693555250763893 0.2525078058242798
0 0.7022413611412048 0.44414249062538147 0.05996545031666756 0.25439223647117615
0 0.6549018621444702 0.4554111063480377 0.06529730558395386 0.2625873386859894
0 0.5975579023361206 0.4557205140590668 0.07800928503274918 0.2807379364967346
0 0.5416594743728638 0.4642440676689148 0.06869242340326309 0.2886034846305847
0 0.4856069087982178 0.47889265418052673 0.08656788617372513 0.3119168281555176
0 0.42037835717201233 0.48858413100242615 0.08822289109230042 0.32416704297065735
0 0.34254956245422363 0.5029062628746033 0.10200172662734985 0.34395739436149597
0 0.26432764530181885 0.5012496113777161 0.1096058040857315 0.3403928577899933
0 0.17437705397605896 0.510983407497406 0.11715438216924667 0.35338088870048523
0 0.07440835982561111 0.5273139476776123 0.13070814311504364 0.386691153049469
