0 0.525327205657959 0.08885151147842407 0.17537137866020203 0.11514123529195786
0 0.35151150822639465 0.1090557649731636 0.18036112189292908 0.11433757096529007
0 0.1758238822221756 0.13232837617397308 0.17957870662212372 0.11845465004444122
0 0.046094633638858795 0.14993515610694885 0.09218926727771759 0.11197130382061005
0 0.5319107174873352 0.22884175181388855 0.18261706829071045 0.21145568788051605
0 0.3587174415588379 0.2511029541492462 0.18449001014232635 0.20887388288974762
0 0.18345944583415985 0.27290230989456177 0.186593160033226 0.21053004264831543
0 0.05022270232439041 0.2906310558319092 0.10044540464878082 0.20921024680137634
0 0.5437669157981873 0.4471200406551361 0.19153571128845215 0.26446083188056946
0 0.36749517917633057 0.4690404236316681 0.18740613758563995 0.2625608742237091
0 0.19422520697116852 0.48988932371139526 0.18537971377372742 0.262317031621933
0 0.05732915550470352 0.5088483691215515 0.11465831100940704 0.25878116488456726
4 0.013681499287486076 0.5149049758911133 0.027362998574972153 0.23296977579593658
