0 0.6174298524856567 0.6366814970970154 0.21916936337947845 0.35828933119773865
0 0.42640581727027893 0.6125788688659668 0.2159387767314911 0.3578099310398102
0 0.23669302463531494 0.5833659768104553 0.22744835913181305 0.3615802824497223
0 0.09702011942863464 0.4597468972206116 0.11585800349712372 0.14502431452274323
0 0.38561001420021057 0.3211820125579834 0.0845806747674942 0.08471467345952988
0 0.08044251054525375 0.6747424602508545 0.09016752243041992 0.25873634219169617
1 0.07771476358175278 0.6690338850021362 0.1327594518661499 0.30423063039779663
0 0.6010499000549316 0.8410977125167847 0.20129436254501343 0.10615751147270203
0 0.408005952835083 0.8124521374702454 0.1924128532409668 0.09659194946289062
0 0.21617449820041656 0.7882296442985535 0.19766144454479218 0.10149460285902023
