0 0.4564957320690155 0.0924341082572937 0.16546396911144257 0.12266708165407181
0 0.6188027262687683 0.0685967281460762 0.17010153830051422 0.12184656411409378
0 0.7831935882568359 0.05528590455651283 0.16944310069084167 0.11057180911302567
0 0.9301766753196716 0.04228031262755394 0.13964669406414032 0.08456062525510788
0 0.4669342041015625 0.240130215883255 0.17387740314006805 0.2244761735200882
0 0.6289108395576477 0.2185988426208496 0.17557889223098755 0.22175894677639008
0 0.7927328944206238 0.19605232775211334 0.1775679588317871 0.22352094948291779
0 0.9342393279075623 0.17341941595077515 0.1315212994813919 0.22192950546741486
0 0.4817464351654053 0.4708348512649536 0.18310435116291046 0.2805335223674774
0 0.646515429019928 0.448152631521225 0.17922206223011017 0.2785022556781769
0 0.8083962798118591 0.4251285493373871 0.17732882499694824 0.27823299169540405
0 0.9403330087661743 0.4041914641857147 0.11933392286300659 0.27432823181152344
4 0.9808820486068726 0.40360987186431885 0.036453623324632645 0.24635963141918182
