0 0.9652584791183472 0.19842496514320374 0.06948305666446686 0.194789856672287
0 0.8847334980964661 0.17544789612293243 0.21083693206310272 0.195402592420578
0 0.7407192587852478 0.1525893360376358 0.192483052611351 0.191351518034935
0 0.5927256345748901 0.12911905348300934 0.21789827942848206 0.1940404176712036
0 0.4416219890117645 0.10857641696929932 0.19511696696281433 0.18808186054229736
0 0.2990507483482361 0.09089241176843643 0.21237812936306 0.18178482353687286
0 0.9251977801322937 0.42310962080955505 0.1496044248342514 0.24114155769348145
0 0.8139021396636963 0.4010516405105591 0.22543784976005554 0.2429797351360321
0 0.6621255874633789 0.38245120644569397 0.22787554562091827 0.24457988142967224
0 0.5155753493309021 0.35783928632736206 0.22126281261444092 0.24723686277866364
0 0.3693472445011139 0.3353217840194702 0.2272312194108963 0.24815593659877777
0 0.2189158946275711 0.31283894181251526 0.22877243161201477 0.24716848134994507
0 0.8712518811225891 0.6770663857460022 0.22056196630001068 0.23977841436862946
0 0.7276858687400818 0.6529141068458557 0.21991753578186035 0.24335446953773499
0 0.5804630517959595 0.6302433609962463 0.22787566483020782 0.24457994103431702
0 0.4322454631328583 0.607419490814209 0.2219071388244629 0.2436608374118805
0 0.2786058187484741 0.5851235389709473 0.2387199103832245 0.24870029091835022
0 0.1297156810760498 0.5642408132553101 0.21151138842105865 0.24083523452281952
0 0.780062198638916 0.9035065770149231 0.22896824777126312 0.1929868906736374
0 0.6342823505401611 0.8914898633956909 0.21593861281871796 0.21702027320861816
0 0.48991766571998596 0.8801542520523071 0.2261386513710022 0.23969149589538574
0 0.3432413637638092 0.8643038868904114 0.2232522815465927 0.24754321575164795
0 0.19691506028175354 0.8390455842018127 0.22543781995773315 0.24297977983951569
0 0.08021083474159241 0.8157621622085571 0.16042166948318481 0.2435925155878067
