0 0.6283612251281738 0.2381214052438736 0.10319528728723526 0.2029080092906952
0 0.5527136921882629 0.2634686231613159 0.09494289755821228 0.20014287531375885
0 0.48115572333335876 0.2907615900039673 0.09318149089813232 0.19348624348640442
0 0.4121740162372589 0.3122177720069885 0.08599221706390381 0.17894551157951355
0 0.32858946919441223 0.3427106440067291 0.1229538768529892 0.18678098917007446
0 0.6498472094535828 0.40334340929985046 0.10016797482967377 0.1867285668849945
0 0.5745160579681396 0.4310707747936249 0.09311626851558685 0.17981645464897156
0 0.5023612976074219 0.45027419924736023 0.09001658856868744 0.16967923939228058
0 0.43352124094963074 0.4691956639289856 0.08648671209812164 0.17607899010181427
0 0.349129855632782 0.49001190066337585 0.11943210661411285 0.17346911132335663
0 0.24784792959690094 0.509856641292572 0.047220174223184586 0.11136051267385483
0 0.23415635526180267 0.3420241177082062 0.027615536004304886 0.0956929549574852
0 0.18940038979053497 0.3619939982891083 0.028953950852155685 0.0991746038198471
0 0.14485952258110046 0.37277355790138245 0.028742870315909386 0.09758681803941727
0 0.10172638297080994 0.3905421793460846 0.02698255330324173 0.09093154221773148
0 0.06353172659873962 0.40582627058029175 0.028459597378969193 0.10204215347766876
0 0.023011136800050735 0.41442999243736267 0.02810988947749138 0.09282540529966354
0 0.1907169669866562 0.5231972932815552 0.029732720926404 0.091853067278862
0 0.14673976600170135 0.5346167683601379 0.028816336765885353 0.09154601395130157
0 0.10614671558141708 0.5498756766319275 0.0297327172011137 0.09185303747653961
0 0.0650995671749115 0.5545111298561096 0.02691725827753544 0.07726076990365982
0 0.874251127243042 0.0829983726143837 0.10761822015047073 0.1659967452287674
0 0.7927373647689819 0.09894896298646927 0.0728633850812912 0.19789792597293854
0 0.7380287051200867 0.1408623456954956 0.05475098639726639 0.15482960641384125
0 0.9153768420219421 0.401411235332489 0.10113438963890076 0.2401299625635147
0 0.822638750076294 0.39186614751815796 0.07434846460819244 0.19020909070968628
0 0.7643885612487793 0.38237181305885315 0.056584760546684265 0.15544402599334717
