0 0.3416089117527008 0.20840007066726685 0.10816077888011932 0.16640597581863403
0 0.4599408209323883 0.24488671123981476 0.13264697790145874 0.17470884323120117
0 0.5788174271583557 0.2786392569541931 0.11337695270776749 0.14636167883872986
0 0.6791382431983948 0.30319902300834656 0.09106136858463287 0.14718739688396454
0 0.7476037740707397 0.32170674204826355 0.053772374987602234 0.1288018673658371
0 0.33875301480293274 0.3575059771537781 0.10388659685850143 0.16182878613471985
0 0.5187128186225891 0.39788079261779785 0.09853300452232361 0.1536005288362503
0 0.6227744221687317 0.4183517396450043 0.11125105619430542 0.14635342359542847
0 0.7178188562393188 0.43513861298561096 0.08035667985677719 0.13164161145687103
0 0.34172487258911133 0.5102835297584534 0.11557434499263763 0.16096259653568268
0 0.46174752712249756 0.5271677374839783 0.11553863435983658 0.15366674959659576
0 0.575943648815155 0.5399258136749268 0.11441711336374283 0.1418062001466751
0 0.7984777688980103 0.568154513835907 0.04096410796046257 0.11780743300914764
0 0.36969631910324097 0.658598780632019 0.15801259875297546 0.14562398195266724
0 0.5811352133750916 0.6735593676567078 0.10904467850923538 0.12992902100086212
0 0.7075615525245667 0.6849960684776306 0.13454429805278778 0.12820401787757874
0 0.4906216859817505 0.8168520927429199 0.1715886890888214 0.09642847627401352
5 0.6555757522583008 0.8827053308486938 0.2597652077674866 0.0885646790266037
5 0.07381048053503036 0.8503404259681702 0.12053951621055603 0.08984556049108505
0 0.7647755146026611 0.830689013004303 0.05253037065267563 0.09231658279895782
