0 0.7507882714271545 0.29661646485328674 0.14063172042369843 0.20410184562206268
0 0.6342973709106445 0.3027130961418152 0.11299443989992142 0.18235185742378235
0 0.5373238325119019 0.3088020980358124 0.10466079413890839 0.17815731465816498
0 0.4435509145259857 0.3131429851055145 0.10925750434398651 0.15694096684455872
0 0.3701690435409546 0.3273071050643921 0.05093337595462799 0.11297477781772614
0 0.3186322748661041 0.3298868238925934 0.07330169528722763 0.11638738214969635
0 0.2579452693462372 0.33107051253318787 0.06659949570894241 0.10659860819578171
0 0.20422491431236267 0.33555448055267334 0.05633288621902466 0.10357022285461426
0 0.7355782389640808 0.5434187054634094 0.1472015231847763 0.3453764021396637
0 0.6221659779548645 0.526861846446991 0.11864829808473587 0.32494768500328064
0 0.5208100080490112 0.5218409895896912 0.11927862465381622 0.3045872747898102
0 0.42645686864852905 0.5044627785682678 0.11910725384950638 0.2724151313304901
