0 0.805722713470459 0.11297369003295898 0.12338701635599136 0.1886959969997406
0 0.7298715710639954 0.11351239681243896 0.057746522128582 0.1365247219800949
0 0.626905620098114 0.1510363668203354 0.11233450472354889 0.11777550727128983
0 0.5654907822608948 0.1789092868566513 0.03552618622779846 0.09294865280389786
0 0.5037661790847778 0.3253476619720459 0.07931476086378098 0.1039082407951355
0 0.43067824840545654 0.3436167538166046 0.0778299942612648 0.10338512063026428
0 0.5186768174171448 0.431069016456604 0.08113545179367065 0.13359425961971283
0 0.44873541593551636 0.45446452498435974 0.08596669137477875 0.12859371304512024
0 0.2951437532901764 0.488628089427948 0.12665079534053802 0.25463876128196716
0 0.2022087723016739 0.5101489424705505 0.12778766453266144 0.2349310666322708
0 0.5747068524360657 0.4088340997695923 0.05294684320688248 0.11472544074058533
0 0.7413241863250732 0.33267447352409363 0.09220939129590988 0.1866486668586731
0 0.8331595659255981 0.29907211661338806 0.12743961811065674 0.21470020711421967
