0 0.936939537525177 0.1004711240530014 0.12612088024616241 0.13879163563251495
0 0.803933322429657 0.10803116112947464 0.14361093938350677 0.13833647966384888
0 0.6637402176856995 0.11847072839736938 0.14477412402629852 0.14475096762180328
0 0.5228918790817261 0.12320609390735626 0.14462599158287048 0.1396598368883133
0 0.38360270857810974 0.1310485452413559 0.13977479934692383 0.1406797617673874
0 0.241831973195076 0.13774465024471283 0.14951422810554504 0.1399126946926117
0 0.09761787205934525 0.14456716179847717 0.14458848536014557 0.1383870393037796
0 0.9447904229164124 0.5158293843269348 0.11041919887065887 0.5595604777336121
0 0.8013980984687805 0.5256525874137878 0.14218440651893616 0.5589451193809509
0 0.6688411235809326 0.5293217301368713 0.13943645358085632 0.5651583075523376
0 0.5344772338867188 0.5381850600242615 0.1344372034072876 0.561086118221283
0 0.4074820876121521 0.5479409098625183 0.1443987488746643 0.5679567456245422
0 0.25826841592788696 0.5511979460716248 0.13556332886219025 0.5662288069725037
0 0.11512468755245209 0.5611518621444702 0.12669096887111664 0.5632271766662598
