0 0.6090338826179504 0.21262851357460022 0.1993434876203537 0.15098623931407928
0 0.39330026507377625 0.1951032131910324 0.2739153206348419 0.10348770022392273
0 0.5682039856910706 0.3495333790779114 0.2116004228591919 0.15898674726486206
0 0.39650022983551025 0.34683042764663696 0.188669353723526 0.10772696137428284
0 0.3590925931930542 0.36519092321395874 0.23995819687843323 0.07769282162189484
0 0.5302562713623047 0.492001473903656 0.20047985017299652 0.16080079972743988
0 0.33867108821868896 0.47753793001174927 0.15312844514846802 0.11719074845314026
0 0.32341355085372925 0.5091026425361633 0.24309009313583374 0.07701531797647476
0 0.4904915690422058 0.6377055048942566 0.20488341152668 0.16458243131637573
0 0.28562477231025696 0.6510133147239685 0.23791439831256866 0.07635931670665741
0 0.29972511529922485 0.6141040325164795 0.15816783905029297 0.12320192903280258
0 0.5017416477203369 0.8395453095436096 0.11840531975030899 0.13535508513450623
0 0.5814081430435181 0.8484876751899719 0.1253058761358261 0.1362297087907791
0 0.6654536724090576 0.8608728051185608 0.10837379097938538 0.13515807688236237
0 0.8741862773895264 0.18848030269145966 0.06178642809391022 0.04758862406015396
0 0.8324934840202332 0.32527580857276917 0.0647829994559288 0.05226641893386841
0 0.8012668490409851 0.4535786211490631 0.06037943810224533 0.04848478361964226
0 0.768155038356781 0.5822209715843201 0.07045955955982208 0.06050834059715271
