0 0.8140882253646851 0.46225088834762573 0.27842509746551514 0.25594353675842285
0 0.4823659062385559 0.5030229091644287 0.2631058096885681 0.3107442259788513
0 0.1606244295835495 0.6108183860778809 0.2783104181289673 0.24572749435901642
0 0.912384569644928 0.6525855660438538 0.12453755736351013 0.23459592461585999
0 0.7353928089141846 0.6868789196014404 0.08809369802474976 0.21333593130111694
0 0.8141501545906067 0.6715313196182251 0.1107126772403717 0.22276726365089417
0 0.26717883348464966 0.793976366519928 0.10938971489667892 0.24576318264007568
0 0.10138927400112152 0.836418092250824 0.13821427524089813 0.2449367195367813
1 0.5699344277381897 0.7231574058532715 0.11107750982046127 0.2082906812429428
1 0.4444098472595215 0.7573464512825012 0.11104387789964676 0.21701791882514954
