0 0.25073403120040894 0.45885804295539856 0.346274733543396 0.3919549286365509
0 0.17149291932582855 0.10433807969093323 0.0977170541882515 0.14843599498271942
0 0.29368922114372253 0.14218097925186157 0.10359109938144684 0.15018458664417267
0 0.41488519310951233 0.17605754733085632 0.09617667645215988 0.14390914142131805
0 0.6693275570869446 0.2488642781972885 0.10144618153572083 0.1481899917125702
0 0.7920131087303162 0.28685280680656433 0.10084056109189987 0.15072192251682281
0 0.9083352088928223 0.32294806838035583 0.09850861877202988 0.14731553196907043
0 0.6234191060066223 0.6108898520469666 0.12223132699728012 0.39036110043525696
0 0.6997865438461304 0.633622944355011 0.11673131585121155 0.3914361000061035
0 0.782028079032898 0.658104658126831 0.12027330696582794 0.3897782564163208
0 0.8588629364967346 0.6773083209991455 0.12008620798587799 0.3883654773235321
