0 0.3466799855232239 0.6713029742240906 0.1875 0.1537339687347412
0 0.5244140028953552 0.6676430106163025 0.1679689884185791 0.15812599658966064
0 0.69970703125 0.6661790013313293 0.17871099710464478 0.1698390245437622
0 0.8813480138778687 0.6698390245437622 0.1982419490814209 0.1595900058746338
0 0.3569340109825134 0.5256220102310181 0.1728520393371582 0.1317720115184784
0 0.5214840173721313 0.5204979777336121 0.16210895776748657 0.14494898915290833
0 0.6855469942092896 0.5175700187683105 0.16992199420928955 0.14201998710632324
0 0.8637700080871582 0.5153729915618896 0.18457001447677612 0.15226900577545166
0 0.3642579913139343 0.3960469961166382 0.1601560115814209 0.12152302265167236
0 0.5249019861221313 0.39165401458740234 0.1552729606628418 0.12445098161697388
0 0.6816410422325134 0.384333997964859 0.16601598262786865 0.12445098161697388
0 0.8427730202674866 0.38067299127578735 0.1757810115814209 0.1288430094718933
0 0.4614260196685791 0.2503660023212433 0.1650390625 0.14934098720550537
0 0.6381840109825134 0.24524199962615967 0.18847692012786865 0.14787697792053223
0 0.8208010196685791 0.23718899488449097 0.2021479606628418 0.14934098720550537
4 0.6782230138778687 0.8982430100440979 0.0439450740814209 0.2035139799118042
4 0.96875 0.899707019329071 0.05273401737213135 0.2005859613418579
4 0.45947301387786865 0.8938507437705994 0.04394495487213135 0.21229851245880127
4 0.2539060115814209 0.8806729912757874 0.0625 0.2386530637741089
