0 0.16970710456371307 0.21453097462654114 0.12179849296808243 0.14551623165607452
0 0.17886367440223694 0.3358731269836426 0.12159887701272964 0.1576957106590271
0 0.2853173315525055 0.25392720103263855 0.11335883289575577 0.24978649616241455
0 0.38234856724739075 0.22366146743297577 0.13549740612506866 0.2723555862903595
0 0.30132150650024414 0.5044830441474915 0.13884195685386658 0.28928646445274353
0 0.4978359639644623 0.18879878520965576 0.14857631921768188 0.2952248752117157
0 0.6166563630104065 0.16284777224063873 0.145705908536911 0.2967109978199005
0 0.7335699200630188 0.06606273353099823 0.14126724004745483 0.13212546706199646
0 0.7480663657188416 0.1949722319841385 0.13797155022621155 0.16897840797901154
0 0.19245025515556335 0.4616723954677582 0.11119084060192108 0.14551982283592224
0 0.20836997032165527 0.5944538116455078 0.11208915710449219 0.1538374274969101
0 0.4098701775074005 0.4858061969280243 0.14902542531490326 0.29938313364982605
0 0.5251590013504028 0.46371567249298096 0.14702829718589783 0.29492825269699097
0 0.6446521878242493 0.4440033435821533 0.15523956716060638 0.31482771039009094
0 0.7649976015090942 0.33711010217666626 0.14703203737735748 0.16867735981941223
0 0.7790697813034058 0.48934614658355713 0.14992760121822357 0.18145093321800232
0 0.2220688760280609 0.7212931513786316 0.109843410551548 0.13304390013217926
0 0.23221100866794586 0.8371405005455017 0.1165066733956337 0.1526477336883545
0 0.43342435359954834 0.7550777196884155 0.14702829718589783 0.29492825269699097
0 0.5493859052658081 0.7392258048057556 0.14947453141212463 0.30354148149490356
0 0.6758552193641663 0.7256048917770386 0.15301787853240967 0.3082936704158783
0 0.8035357594490051 0.7085680961608887 0.16652101278305054 0.3210626542568207
0 0.3239888548851013 0.7728628516197205 0.1253388375043869 0.27651742100715637
5 0.10387802124023438 0.9354920983314514 0.19335535168647766 0.12901584804058075
