0 0.13469822704792023 0.19877378642559052 0.11984441429376602 0.12223487347364426
0 0.12133967131376266 0.33275485038757324 0.1254805028438568 0.11645835638046265
0 0.32148662209510803 0.20598499476909637 0.12980946898460388 0.14104247093200684
0 0.3153405487537384 0.34495583176612854 0.1256483793258667 0.11951085925102234
0 0.512416660785675 0.21954743564128876 0.12947368621826172 0.13493748009204865
0 0.5078489780426025 0.35707369446754456 0.12880216538906097 0.12272752076387405
0 0.7046732902526855 0.2362445443868637 0.12615202367305756 0.12866829335689545
0 0.7006921768188477 0.36308753490448 0.12631990015506744 0.13172079622745514
0 0.11021155118942261 0.4806368350982666 0.1326274871826172 0.13815417885780334
0 0.29990100860595703 0.48953795433044434 0.1294737160205841 0.13493752479553223
0 0.49838122725486755 0.5019853115081787 0.11967651546001434 0.11918241530656815
0 0.688323438167572 0.5063081979751587 0.12333402037620544 0.13155655562877655
0 0.10274092853069305 0.6164721250534058 0.13279537856578827 0.1412067413330078
0 0.09792046248912811 0.7585765719413757 0.12598414719104767 0.12561586499214172
0 0.09154102951288223 0.8745711445808411 0.12396958470344543 0.08898597210645676
0 0.29840317368507385 0.6257017254829407 0.13561341166496277 0.13831840455532074
0 0.29017701745033264 0.7752746343612671 0.1352776437997818 0.13221339881420135
0 0.27816060185432434 0.8848347663879395 0.11501182615756989 0.08849331736564636
0 0.49265584349632263 0.633324384689331 0.1366206854581833 0.1566334068775177
0 0.47721627354621887 0.777906596660614 0.13178811967372894 0.12289173901081085
0 0.4723303020000458 0.8939833045005798 0.1214873194694519 0.09797919541597366
0 0.6791075468063354 0.6466395854949951 0.12631990015506744 0.13172073662281036
0 0.6712172031402588 0.7901065349578857 0.12598414719104767 0.12561586499214172
2 0.6435821056365967 0.9386118054389954 0.049657296389341354 0.09098497778177261
