0 0.9740939736366272 0.33343955874443054 0.05181203410029411 0.25642552971839905
0 0.9048218727111816 0.2879314422607422 0.1531442105770111 0.2734084725379944
0 0.7878257036209106 0.23481793701648712 0.14924360811710358 0.2716377079486847
0 0.6752246618270874 0.18029525876045227 0.14435268938541412 0.26350733637809753
0 0.5618793368339539 0.1323854923248291 0.14874805510044098 0.2647709846496582
0 0.4519558250904083 0.10556637495756149 0.14630252122879028 0.21113274991512299
0 0.33933815360069275 0.08351703733205795 0.14924360811710358 0.1670340746641159
0 0.22648930549621582 0.055813346058130264 0.14484839141368866 0.11162669211626053
0 0.11582168191671371 0.033321186900138855 0.13998956978321075 0.06664237380027771
0 0.952055811882019 0.5762553811073303 0.09588842839002609 0.3113683760166168
0 0.9305127263069153 0.8397400975227356 0.13897457718849182 0.31225353479385376
0 0.8951370716094971 0.9737702012062073 0.1316615790128708 0.05245957896113396
0 0.8657011389732361 0.5255347490310669 0.15717335045337677 0.32251492142677307
0 0.8262673020362854 0.7919376492500305 0.15958712995052338 0.314746230840683
0 0.7878900170326233 0.9467706680297852 0.15506139397621155 0.10645869374275208
0 0.7521088719367981 0.47737202048301697 0.15228258073329926 0.31438547372817993
0 0.7117165923118591 0.7365288734436035 0.15568651258945465 0.31297531723976135
0 0.6718850135803223 0.9147393703460693 0.14924362301826477 0.17052122950553894
0 0.6390281915664673 0.4192260801792145 0.15813301503658295 0.31704145669937134
0 0.5988836288452148 0.6767935752868652 0.15423241257667542 0.31527069211006165
0 0.5249562859535217 0.3674401044845581 0.15129131078720093 0.3080254793167114
0 0.4123552739620209 0.31291741132736206 0.15618222951889038 0.3161558210849762
0 0.30168837308883667 0.2660817801952362 0.1503327488899231 0.3135003447532654
0 0.18857498466968536 0.22154097259044647 0.15618222951889038 0.3161558210849762
0 0.07767610251903534 0.16949276626110077 0.1449788361787796 0.31402432918548584
0 0.48577120900154114 0.6322532296180725 0.1473916471004486 0.30625513195991516
0 0.37194710969924927 0.5788770318031311 0.1508283168077469 0.31667983531951904
0 0.2590984106063843 0.5259436368942261 0.1503327488899231 0.3135003447532654
0 0.14915713667869568 0.4811401963233948 0.16252821683883667 0.32199132442474365
0 0.05646466091275215 0.43430545926094055 0.1129293218255043 0.3157946467399597
0 0.5604904890060425 0.8906577229499817 0.15264858305454254 0.2186845988035202
0 0.4471452236175537 0.866675615310669 0.14435268938541412 0.26350733637809753
0 0.3359985053539276 0.8162176012992859 0.14825233817100525 0.2652776837348938
0 0.2216796576976776 0.7660223245620728 0.15360720455646515 0.26475414633750916
0 0.10882999747991562 0.7130885124206543 0.15020312368869781 0.26616328954696655
0 0.03687192499637604 0.6684667468070984 0.07374384999275208 0.2562626004219055
