0 0.051245514303445816 0.17481248080730438 0.10249102860689163 0.16308219730854034
0 0.16701945662498474 0.1449422389268875 0.1555296778678894 0.16128380596637726
0 0.308210551738739 0.11949267238378525 0.15724919736385345 0.1679256111383438
0 0.44922780990600586 0.08814355731010437 0.15665899217128754 0.1627720594406128
0 0.5891419649124146 0.07092341035604477 0.15189962089061737 0.14184682071208954
0 0.7313624024391174 0.056293122470378876 0.16156591475009918 0.11258624494075775
0 0.8760355710983276 0.04066384583711624 0.15651094913482666 0.08132769167423248
0 0.08263920992612839 0.5932544469833374 0.16527841985225677 0.5836589932441711
0 0.23006674647331238 0.5639181733131409 0.1906348317861557 0.5849681496620178
0 0.3626686632633209 0.533623218536377 0.1884283870458603 0.5908116102218628
0 0.4978235363960266 0.5080841779708862 0.18307876586914062 0.5859464406967163
0 0.6257660388946533 0.4853310286998749 0.1936304122209549 0.594387412071228
0 0.7749037146568298 0.4503519833087921 0.18465082347393036 0.5913007855415344
0 0.9156011939048767 0.42365798354148865 0.16879761219024658 0.5869249105453491
