0 0.7648525834083557 0.057804156094789505 0.19531114399433136 0.11560831218957901
0 0.9501001834869385 0.04698779433965683 0.09979957342147827 0.09397558867931366
0 0.955489993095398 0.22978496551513672 0.08902005106210709 0.1427978277206421
0 0.9595260620117188 0.4358437657356262 0.08094783127307892 0.1338394284248352
0 0.9635621905326843 0.6463822722434998 0.07287559658288956 0.13383939862251282
0 0.9679509401321411 0.8509053587913513 0.06409814953804016 0.1367395669221878
0 0.7971602082252502 0.8725073337554932 0.20648495852947235 0.15327662229537964
0 0.7898410558700562 0.6686450242996216 0.19971618056297302 0.15715649724006653
0 0.7806337475776672 0.454459011554718 0.20305220782756805 0.1410742849111557
0 0.7716564536094666 0.24624653160572052 0.2034529596567154 0.15152662992477417
4 0.8998074531555176 0.5 0.08844776451587677 1.0
