0 0.7256317138671875 0.4555516541004181 0.040685031563043594 0.2699925899505615
0 0.6751689910888672 0.44081827998161316 0.06811073422431946 0.2934258282184601
0 0.6134162545204163 0.4318571388721466 0.07126114517450333 0.31162968277931213
0 0.5494062304496765 0.4193161427974701 0.06595388799905777 0.3252947926521301
0 0.4754922688007355 0.2253672331571579 0.031881339848041534 0.1542614996433258
0 0.4347539246082306 0.23681287467479706 0.05281277000904083 0.13155004382133484
0 0.3780049681663513 0.2573048174381256 0.06230264529585838 0.09444200992584229
0 0.47149404883384705 0.4033850431442261 0.03927738219499588 0.19905546307563782
0 0.37798038125038147 0.39930108189582825 0.0606781542301178 0.19999007880687714
0 0.37944719195365906 0.4661872684955597 0.29656359553337097 0.09355493634939194
0 0.5441620945930481 0.6835917234420776 0.07638616114854813 0.19511675834655762
0 0.4729796350002289 0.6804830431938171 0.07173437625169754 0.1949136108160019
0 0.28648751974105835 0.6688582897186279 0.07088660448789597 0.1990458071231842
