2 0.4248049855232239 0.5014659762382507 0.09570300579071045 0.3929619789123535
0 0.13867199420928955 0.0762460008263588 0.27539098262786865 0.12023501098155975
0 0.13623002171516418 0.2118769884109497 0.2705079913139343 0.12170098721981049
0 0.13085900247097015 0.3519060015678406 0.25976601243019104 0.13196498155593872
0 0.1284179985523224 0.5513200163841248 0.2548829913139343 0.2316720187664032
0 0.4653320014476776 0.08284500241279602 0.3193359971046448 0.13343101739883423
0 0.4677729904651642 0.21847499907016754 0.335938036441803 0.14076200127601624
0 0.47412100434303284 0.3511730134487152 0.3525390028953552 0.13636398315429688
0 0.3837890028953552 0.5425220131874084 0.18554699420928955 0.2316720187664032
0 0.5590819716453552 0.5425220131874084 0.17480501532554626 0.21114397048950195
0 0.7895510196685791 0.027125999331474304 0.2646479606628418 0.05132000148296356
0 0.7993159890174866 0.10850399732589722 0.28418004512786865 0.13489699363708496
0 0.8154299855232239 0.2302049994468689 0.2851560115814209 0.14369499683380127
0 0.8217769861221313 0.35630500316619873 0.2919919490814209 0.12610000371932983
