0 0.6942859888076782 0.16389499604701996 0.09714293479919434 0.08076000213623047
0 0.6164289712905884 0.16745799779891968 0.0671430230140686 0.08313500881195068
0 0.6150000095367432 0.28741100430488586 0.06714296340942383 0.16627101600170135
0 0.6128569841384888 0.3954870104789734 0.06000000238418579 0.045131027698516846
0 0.8257139921188354 0.5890740156173706 0.06000000238418579 0.1710209846496582
0 0.7664290070533752 0.5926370024681091 0.06142902374267578 0.17814695835113525
0 0.699999988079071 0.5926370024681091 0.05714297294616699 0.17814695835113525
0 0.6399999856948853 0.5926370024681091 0.05428600311279297 0.17814695835113525
0 0.5714290142059326 0.5950120091438293 0.05714297294616699 0.17814695835113525
0 0.5114290714263916 0.5914490222930908 0.06000000238418579 0.18052303791046143
0 0.4442859888076782 0.593824028968811 0.059999942779541016 0.18052303791046143
0 0.38428598642349243 0.5914490222930908 0.05714297294616699 0.17577195167541504
0 0.3164290189743042 0.593824028968811 0.0642859935760498 0.18052303791046143
0 0.2571430206298828 0.5902609825134277 0.06285703182220459 0.18289801478385925
0 0.19714301824569702 0.5902609825134277 0.05428600311279297 0.18289801478385925
0 0.14428597688674927 0.5878859758377075 0.051429033279418945 0.17814698815345764
4 0.08428597450256348 0.5736340284347534 0.022856950759887695 0.23040401935577393
4 0.3478569984436035 0.7885990142822266 0.02428603172302246 0.1425180435180664
4 0.245714008808136 0.7969120144844055 0.0342860221862793 0.1353919506072998
3 0.7835710048675537 0.30285000801086426 0.2728569507598877 0.20190000534057617
