0 0.08099209517240524 0.3154909312725067 0.10461997240781784 0.4481011629104614
0 0.1825494021177292 0.3293534815311432 0.18326911330223083 0.4288294017314911
0 0.3133530020713806 0.36389458179473877 0.1379687786102295 0.39631178975105286
0 0.41190463304519653 0.37876418232917786 0.1256767362356186 0.35898882150650024
0 0.4985455572605133 0.3961739242076874 0.1046142578125 0.33196866512298584
0 0.5797370672225952 0.40137872099876404 0.10243947803974152 0.315436452627182
0 0.6542462110519409 0.42430588603019714 0.09124762564897537 0.2929961681365967
0 0.7246025204658508 0.43072420358657837 0.08951188623905182 0.28241753578186035
0 0.7899552583694458 0.445349782705307 0.08102133125066757 0.27071744203567505
0 0.8583263754844666 0.45219141244888306 0.09290735423564911 0.26387208700180054
0 0.9271799325942993 0.4591122269630432 0.0819869190454483 0.2708778977394104
0 0.9747348427772522 0.46669793128967285 0.050530366599559784 0.2651998996734619
