0 0.05134552717208862 0.1212344542145729 0.10269105434417725 0.13066662847995758
0 0.16928409039974213 0.1117534339427948 0.1443650722503662 0.1269199401140213
0 0.3084644377231598 0.09819868952035904 0.15360628068447113 0.13169115781784058
0 0.452604740858078 0.08286833018064499 0.14637526869773865 0.1271061897277832
0 0.5932929515838623 0.06917387992143631 0.14254887402057648 0.13066662847995758
0 0.7329756617546082 0.06026540696620941 0.14851538836956024 0.12053081393241882
0 0.8989874124526978 0.05683744326233864 0.19105689227581024 0.11367488652467728
0 0.055812712758779526 0.2626491189002991 0.11162542551755905 0.16719162464141846
0 0.17717806994915009 0.25063925981521606 0.14631490409374237 0.1662532091140747
0 0.3183360993862152 0.23624324798583984 0.15120983123779297 0.16409678757190704
0 0.45952659845352173 0.22250224649906158 0.146249920129776 0.16494220495224
0 0.6002798676490784 0.21011978387832642 0.15033520758152008 0.1666257232427597
0 0.7390229105949402 0.19792258739471436 0.14222855865955353 0.16456961631774902
0 0.9012989401817322 0.18410071730613708 0.19740208983421326 0.1725001186132431
0 0.0602947399020195 0.41071298718452454 0.120589479804039 0.1516447514295578
0 0.18590033054351807 0.39603447914123535 0.14478935301303864 0.15567097067832947
0 0.32501569390296936 0.3811687231063843 0.1476101130247116 0.15201735496520996
0 0.46677348017692566 0.36869317293167114 0.1495552659034729 0.15089257061481476
0 0.6090345978736877 0.35617002844810486 0.14861464500427246 0.15211042761802673
0 0.7472094297409058 0.34270942211151123 0.14164361357688904 0.152769535779953
0 0.9055389165878296 0.3289330303668976 0.18892218172550201 0.16060692071914673
0 0.06370721012353897 0.549083411693573 0.12741442024707794 0.1504269540309906
0 0.1927897185087204 0.5350133180618286 0.1446593701839447 0.15304893255233765
0 0.3331381380558014 0.5246434807777405 0.14994527399539948 0.15875962376594543
0 0.4739878475666046 0.5142271518707275 0.1456649750471115 0.15314210951328278
0 0.6141738295555115 0.5005801916122437 0.14861465990543365 0.15211045742034912
0 0.7518462538719177 0.4871651530265808 0.14063908159732819 0.15267643332481384
0 0.9076057076454163 0.4734354019165039 0.18478858470916748 0.1606069654226303
0 0.0656765028834343 0.6875460743904114 0.1313530057668686 0.15408051013946533
0 0.19823621213436127 0.6754429936408997 0.14754515886306763 0.15070638060569763
0 0.3395566940307617 0.6643240451812744 0.14874468743801117 0.15473243594169617
0 0.48138052225112915 0.6531593799591064 0.14854972064495087 0.1507994532585144
0 0.6221662759780884 0.6414319276809692 0.14666946232318878 0.15323515236377716
0 0.760908305644989 0.6292358636856079 0.14459431171417236 0.1517379730939865
0 0.9131580591201782 0.6128840446472168 0.17368386685848236 0.15367940068244934
0 0.07075907289981842 0.830974280834198 0.14151814579963684 0.15567097067832947
0 0.2073642760515213 0.8188245892524719 0.14572995901107788 0.1544531136751175
0 0.3475817143917084 0.8058327436447144 0.14874468743801117 0.15473243594169617
0 0.4883674383163452 0.7941052913665771 0.14660455286502838 0.1519242376089096
0 0.6285198926925659 0.7798024415969849 0.14748014509677887 0.14939533174037933
0 0.7688033580780029 0.7681215405464172 0.14634452760219574 0.14668008685112
0 0.917672872543335 0.7562191486358643 0.16465429961681366 0.15770547091960907
0 0.9211825132369995 0.8866750597953796 0.15763495862483978 0.13541635870933533
0 0.07431001216173172 0.9475563168525696 0.13911347091197968 0.10488731414079666
0 0.21232333779335022 0.9414600133895874 0.15367130935192108 0.11707993596792221
0 0.357015997171402 0.9349868893623352 0.1455349624156952 0.130026176571846
0 0.49770429730415344 0.9291700124740601 0.14332884550094604 0.1416599601507187
0 0.6375819444656372 0.921873152256012 0.1474151462316513 0.14808429777622223
0 0.7746220827102661 0.9058825969696045 0.1423243135213852 0.14630760252475739
