0 0.9320927262306213 0.4016231298446655 0.1358145773410797 0.38674938678741455
0 0.9036054015159607 0.13465870916843414 0.192789226770401 0.2693174183368683
0 0.9711257219314575 0.7406097054481506 0.057748522609472275 0.32170742750167847
0 0.9036371111869812 0.7684041261672974 0.19064894318580627 0.3182693421840668
0 0.791415810585022 0.7615872025489807 0.13623377680778503 0.2650698721408844
0 0.7133715152740479 0.7675579190254211 0.1261076033115387 0.23600968718528748
0 0.6620223522186279 0.5474511384963989 0.1214628666639328 0.23868399858474731
0 0.7430608868598938 0.5086907744407654 0.14307601749897003 0.2848699688911438
0 0.8418617844581604 0.4560845196247101 0.20077480375766754 0.3473285734653473
0 0.7781807780265808 0.18115025758743286 0.21090935170650482 0.3623005151748657
0 0.6848683953285217 0.26660454273223877 0.15265968441963196 0.323594331741333
