0 0.39242276549339294 0.07446781545877457 0.15056972205638885 0.11085610091686249
0 0.1947861760854721 0.05857434868812561 0.10122697800397873 0.11129328608512878
0 0.7150021195411682 0.10513795167207718 0.11956498771905899 0.11909300833940506
0 0.8739937543869019 0.11964534968137741 0.12278374284505844 0.11541273444890976
0 0.9627867341041565 0.1273983269929886 0.07442650198936462 0.11760659515857697
0 0.21918192505836487 0.3465602397918701 0.230568066239357 0.13601386547088623
0 0.618218183517456 0.38526853919029236 0.17432433366775513 0.1528940200805664
0 0.850135326385498 0.40556958317756653 0.24610410630702972 0.1501278132200241
0 0.6269970536231995 0.6921287178993225 0.15878820419311523 0.13877999782562256
0 0.7588511109352112 0.700068473815918 0.145751953125 0.14046713709831238
0 0.8725519180297852 0.706065833568573 0.12206491082906723 0.13489511609077454
0 0.25798118114471436 0.6601908206939697 0.2228338122367859 0.14718982577323914
