0 0.2020970731973648 0.20616643130779266 0.1664753556251526 0.3007882237434387
0 0.3561318814754486 0.19180016219615936 0.1667117178440094 0.30537471175193787
0 0.5100868940353394 0.17590449750423431 0.1703462451696396 0.30124586820602417
0 0.6628385782241821 0.15553665161132812 0.16430406272411346 0.29597288370132446
0 0.8132900595664978 0.14289583265781403 0.165272057056427 0.28579166531562805
0 0.9271717071533203 0.13779467344284058 0.09116538614034653 0.27558934688568115
0 0.21800380945205688 0.4865295886993408 0.17060422897338867 0.2876006066799164
0 0.3712390065193176 0.46610456705093384 0.17180849611759186 0.29230156540870667
0 0.5224496722221375 0.45361006259918213 0.16979482769966125 0.290544331073761
0 0.6786665320396423 0.4343702793121338 0.16472063958644867 0.2853858172893524
0 0.8309347629547119 0.414059579372406 0.16801635921001434 0.29337239265441895
0 0.9424757957458496 0.40625542402267456 0.08860025554895401 0.2824634313583374
