0 0.7863472700119019 0.6569444537162781 0.07039180397987366 0.37577831745147705
0 0.6980946063995361 0.6455211043357849 0.0721689835190773 0.3698454797267914
0 0.5898700952529907 0.6356005668640137 0.07248315960168839 0.37897634506225586
0 0.501591145992279 0.6249379515647888 0.07264024764299393 0.3835418224334717
0 0.36693644523620605 0.6160194277763367 0.0771884173154831 0.37175220251083374
0 0.278500497341156 0.6099222302436829 0.07535780221223831 0.376163512468338
0 0.1683155745267868 0.5990858674049377 0.08137112855911255 0.3781484067440033
0 0.07491254806518555 0.5926044583320618 0.08142348378896713 0.37966984510421753
0 0.7530355453491211 0.293503999710083 0.18713156878948212 0.2558298707008362
0 0.757699728012085 0.08744701743125916 0.1914169043302536 0.1748940348625183
0 0.5708948373794556 0.08180264383554459 0.19549481570720673 0.16360528767108917
0 0.5590664148330688 0.2860865890979767 0.20156247913837433 0.2721264958381653
0 0.3473077714443207 0.07553169131278992 0.2016117125749588 0.15106338262557983
0 0.15122221410274506 0.0648215040564537 0.1984228938817978 0.1296430081129074
0 0.34013327956199646 0.2660529315471649 0.20213741064071655 0.2600286900997162
0 0.14146000146865845 0.25064194202423096 0.2044382095336914 0.2693136930465698
1 0.741672158241272 0.6527162194252014 0.1971796303987503 0.4326622784137726
1 0.5435203909873962 0.6365829110145569 0.1882908195257187 0.43349018692970276
1 0.32105809450149536 0.6178010702133179 0.19832947850227356 0.43730467557907104
1 0.12008503079414368 0.5968712568283081 0.21119065582752228 0.43678387999534607
