0 0.3533779978752136 0.28888899087905884 0.20405399799346924 0.3999999761581421
0 0.588513970375061 0.33333298563957214 0.2689189910888672 0.4080809950828552
0 0.8283780217170715 0.3787879943847656 0.23243200778961182 0.381818026304245
0 0.9722970128059387 0.40707099437713623 0.05540502071380615 0.3252530097961426
0 0.3770270049571991 0.6818180084228516 0.2594589591026306 0.4424240291118622
0 0.6168919801712036 0.7090910077095032 0.2554049789905548 0.4282829761505127
0 0.8608109951019287 0.7373740077018738 0.2783780097961426 0.39191901683807373
0 0.376350998878479 0.9404039978981018 0.2662160396575928 0.11919200420379639
0 0.625 0.9474747180938721 0.23648595809936523 0.10505050420761108
0 0.8736487627029419 0.9555557370185852 0.2527024745941162 0.08888852596282959
