0 0.955363929271698 0.3401758670806885 0.0892721563577652 0.22582605481147766
0 0.8740495443344116 0.3650849163532257 0.13838760554790497 0.24253205955028534
0 0.7669340968132019 0.3903671205043793 0.13838766515254974 0.24253204464912415
0 0.6555551290512085 0.414620578289032 0.14255867898464203 0.24505846202373505
0 0.5433985590934753 0.4486697018146515 0.1429324597120285 0.24790257215499878
0 0.42971622943878174 0.47503525018692017 0.14336705207824707 0.24391287565231323
0 0.31264200806617737 0.5030791163444519 0.14174920320510864 0.2462037354707718
0 0.19230052828788757 0.5298178791999817 0.15500789880752563 0.259471595287323
0 0.1031731590628624 0.5545331239700317 0.08392950892448425 0.237021803855896
0 0.5024176836013794 0.7297458052635193 0.16845358908176422 0.2741619944572449
0 0.36561277508735657 0.7647343873977661 0.167208731174469 0.27929773926734924
0 0.2295878827571869 0.8017178177833557 0.16801795363426208 0.2781514525413513
0 0.13768988847732544 0.8249902725219727 0.07895275950431824 0.25756460428237915
