0 0.2703700065612793 0.47870901226997375 0.03518497943878174 0.26510995626449585
0 0.3208329975605011 0.46634599566459656 0.062036991119384766 0.28708797693252563
0 0.382407009601593 0.46016502380371094 0.0648149847984314 0.3049450218677521
0 0.44629600644111633 0.45054900646209717 0.059258997440338135 0.318681001663208
0 0.5236110091209412 0.2623629868030548 0.028704047203063965 0.15109901130199432
0 0.5638890266418457 0.275411993265152 0.04999995231628418 0.12774699926376343
0 0.619907021522522 0.2980769872665405 0.06018495559692383 0.09065902233123779
0 0.5240740180015564 0.43818700313568115 0.03518497943878174 0.1950550079345703
0 0.6171299815177917 0.43818700313568115 0.056481003761291504 0.1950550079345703
0 0.6143519878387451 0.5041210055351257 0.2935190200805664 0.07966998219490051
0 0.44629600644111633 0.7115380167961121 0.07222199440002441 0.18956005573272705
0 0.5171300172805786 0.7115380167961121 0.06759297847747803 0.18956005573272705
0 0.7027779817581177 0.7081040143966675 0.06666696071624756 0.193681001663208
