0 0.06530214846134186 0.1945902556180954 0.13060429692268372 0.18574145436286926
0 0.19205676019191742 0.17282837629318237 0.14810097217559814 0.1775876134634018
0 0.3266249895095825 0.15386496484279633 0.14093942940235138 0.17340870201587677
0 0.45667681097984314 0.13487279415130615 0.1412709653377533 0.17797183990478516
0 0.5887114405632019 0.11555478721857071 0.144905224442482 0.17405827343463898
0 0.7197542190551758 0.09640030562877655 0.13928817212581635 0.17764705419540405
0 0.8497507572174072 0.08213691413402557 0.14303287863731384 0.16427382826805115
0 0.9447140097618103 0.07514060288667679 0.06922360509634018 0.15028120577335358
0 0.07077527046203613 0.36065930128097534 0.14155054092407227 0.1828608214855194
0 0.20206686854362488 0.3382180631160736 0.14468687772750854 0.1845441460609436
0 0.3360290825366974 0.31781473755836487 0.14446589350700378 0.1815020591020584
0 0.4678969085216522 0.29621535539627075 0.14248299598693848 0.1811772733926773
0 0.5991597771644592 0.2731758952140808 0.143253892660141 0.17829664051532745
0 0.7295413017272949 0.2518199384212494 0.14027905464172363 0.17780937254428864
0 0.8576101660728455 0.23315151035785675 0.1386277973651886 0.1820487678050995
0 0.9522438049316406 0.22380857169628143 0.07230507582426071 0.15915974974632263
0 0.08185935020446777 0.520318329334259 0.14215140044689178 0.17661307752132416
0 0.21482963860034943 0.500077486038208 0.1458960771560669 0.17422059178352356
0 0.34780094027519226 0.47983652353286743 0.14215140044689178 0.17661307752132416
0 0.478071928024292 0.4569595158100128 0.14138159155845642 0.17949391901493073
0 0.6107658743858337 0.4329160749912262 0.14699847996234894 0.1759040802717209
0 0.7431855201721191 0.41199585795402527 0.13994751870632172 0.17324623465538025
0 0.8723558187484741 0.39468616247177124 0.14050015807151794 0.180852472782135
0 0.9654446840286255 0.37857863306999207 0.0691106766462326 0.1708429604768753
0 0.09346543252468109 0.680058479309082 0.14611710608005524 0.17726263403892517
0 0.2257191687822342 0.6568557024002075 0.14138156175613403 0.17949391901493073
0 0.35802823305130005 0.6344144940376282 0.1462276577949524 0.17878372967243195
0 0.49143972992897034 0.6133317351341248 0.14314332604408264 0.17677554488182068
0 0.6257869005203247 0.5913262367248535 0.14810097217559814 0.1775875836610794
0 0.7564980983734131 0.567607581615448 0.1365344226360321 0.18020296096801758
0 0.8836303949356079 0.5498632192611694 0.14292515814304352 0.18726252019405365
0 0.9717988967895508 0.5379126667976379 0.05640215799212456 0.16828811168670654
0 0.10611871629953384 0.8403967618942261 0.14689084887504578 0.18791209161281586
0 0.2390337586402893 0.8193953633308411 0.14281463623046875 0.18574143946170807
0 0.37029561400413513 0.7963560819625854 0.1435854434967041 0.18286074697971344
0 0.5016690492630005 0.7748376727104187 0.14259353280067444 0.18269827961921692
0 0.6344735026359558 0.7523142099380493 0.1464487612247467 0.1818268895149231
0 0.766287088394165 0.729954183101654 0.14061066508293152 0.18237349390983582
0 0.8946304321289062 0.7081624269485474 0.13950927555561066 0.1806902289390564
0 0.9763892292976379 0.6927343010902405 0.04722154885530472 0.1696467101573944
0 0.11623741686344147 0.9563766121864319 0.14303283393383026 0.08724673092365265
0 0.24959266185760498 0.9453333616256714 0.14600659906864166 0.10933330655097961
0 0.38338911533355713 0.9344523549079895 0.14391325414180756 0.1310952752828598
0 0.5147071480751038 0.9222933650016785 0.1412709653377533 0.15541324019432068
0 0.6465207934379578 0.9112125635147095 0.14512625336647034 0.17710034549236298
0 0.7797655463218689 0.8878484964370728 0.14435537159442902 0.1799810230731964
0 0.9064003825187683 0.8632572889328003 0.1319054663181305 0.17042502760887146
0 0.9805945754051208 0.8467952013015747 0.03881082311272621 0.16372399032115936
