0 0.24548612534999847 0.36248916387557983 0.18900233507156372 0.15316294133663177
0 0.4099842607975006 0.34730735421180725 0.1853971630334854 0.15276473760604858
0 0.5699766278266907 0.3326232433319092 0.18359515070915222 0.15256570279598236
0 0.7338430285453796 0.31377625465393066 0.17613452672958374 0.15030322968959808
0 0.26973801851272583 0.492742657661438 0.18849784135818481 0.15023134648799896
0 0.43205583095550537 0.4755619764328003 0.1748369038105011 0.15303577482700348
0 0.593471884727478 0.4584798216819763 0.1902998983860016 0.150430366396904
0 0.7462736368179321 0.4393618106842041 0.1828383058309555 0.14816778898239136
3 0.5393654108047485 0.6616145372390747 0.6869601607322693 0.3346988260746002
5 0.5375732779502869 0.8806279301643372 0.1946607530117035 0.15522538125514984
