2 0.1953119933605194 0.24511699378490448 0.16992199420928955 0.3046880066394806
0 0.45947301387786865 0.05761700123548508 0.3701169788837433 0.1132809966802597
0 0.8232420086860657 0.06054700165987015 0.35351598262786865 0.11914099752902985
0 0.4575200080871582 0.30615198612213135 0.3662109673023224 0.22363299131393433
0 0.8203120231628418 0.3056640028953552 0.359375 0.22460901737213135
0 0.4580079913139343 0.5322269797325134 0.3671879768371582 0.23242199420928955
0 0.8208010196685791 0.5341799855232239 0.3583979606628418 0.22851598262786865
0 0.45507800579071045 0.7099609971046448 0.36132800579071045 0.125
0 0.8193359971046448 0.7143549919128418 0.36132800579071045 0.1240229606628418
0 0.45947301387786865 0.9306640028953552 0.3701169788837433 0.13867199420928955
0 0.8232420086860657 0.9282227754592896 0.35351598262786865 0.14355450868606567
