0 0.6478933691978455 0.05506033077836037 0.04199851676821709 0.11012066155672073
0 0.690214216709137 0.058130741119384766 0.04737335443496704 0.11626148223876953
0 0.6503427028656006 0.1642201989889145 0.05122438445687294 0.12002976983785629
0 0.6945890188217163 0.17138642072677612 0.049941033124923706 0.1220795288681984
0 0.6548768281936646 0.27401062846183777 0.053952477872371674 0.12435529381036758
0 0.6990841031074524 0.2832823693752289 0.0498608760535717 0.11786755919456482
0 0.6593317985534668 0.38801309466362 0.05387232080101967 0.12014330923557281
0 0.7055838704109192 0.39421069622039795 0.0459296852350235 0.11980274319648743
0 0.07300972193479538 0.08744922280311584 0.08700539171695709 0.1748984456062317
0 0.14423373341560364 0.09509807080030441 0.0815102607011795 0.18234986066818237
0 0.21822580695152283 0.10564795881509781 0.0788222923874855 0.1801297962665558
0 0.2874441146850586 0.12336937338113785 0.07485100626945496 0.1799595206975937
0 0.3554782569408417 0.13366276025772095 0.07886241376399994 0.18223631381988525
0 0.4167940616607666 0.14893710613250732 0.07737865298986435 0.17375557124614716
0 0.07295231521129608 0.25538158416748047 0.08295392990112305 0.18872405588626862
0 0.14818869531154633 0.2701992094516754 0.08283369988203049 0.18240660429000854
0 0.2216588407754898 0.27334946393966675 0.08159040659666061 0.18656183779239655
0 0.28891053795814514 0.2899329662322998 0.07617444545030594 0.18001626431941986
0 0.3576279580593109 0.2992020547389984 0.08155030012130737 0.18445532023906708
0 0.42369648814201355 0.3083575367927551 0.07344742864370346 0.17569184303283691
0 0.07419928908348083 0.43352842330932617 0.08953302353620529 0.18690240383148193
0 0.1489938646554947 0.43673548102378845 0.08540138602256775 0.1783081442117691
0 0.2222636342048645 0.45041516423225403 0.0815102607011795 0.18234986066818237
0 0.2943291962146759 0.45772066712379456 0.07753897458314896 0.18217960000038147
0 0.36176225543022156 0.46482640504837036 0.08018585294485092 0.182293102145195
0 0.4271695613861084 0.47395458817481995 0.07340733706951141 0.17358526587486267
0 0.07217725366353989 0.6094269156455994 0.0920606404542923 0.18069742619991302
0 0.1502799540758133 0.6127758026123047 0.08443769067525864 0.19720476865768433
0 0.22417184710502625 0.628589391708374 0.08419719338417053 0.18456874787807465
0 0.2936907410621643 0.6305165886878967 0.08275356888771057 0.17819461226463318
0 0.3652153015136719 0.6314761638641357 0.08018585294485092 0.1822931319475174
0 0.431865930557251 0.6448721289634705 0.07332717627286911 0.16937333345413208
0 0.0765128955245018 0.7992978096008301 0.08957309275865555 0.18900786340236664
0 0.1534324437379837 0.7952187061309814 0.0814300999045372 0.178137868642807
0 0.22816592454910278 0.8015849590301514 0.08006561547517776 0.17597562074661255
0 0.29963037371635437 0.805702805519104 0.0828336700797081 0.18240666389465332
0 0.3679260015487671 0.8023085594177246 0.07332717627286911 0.16937333345413208
0 0.43387529253959656 0.8177816271781921 0.07308672368526459 0.1567383110523224
