0 0.4398910105228424 0.3690910041332245 0.11475402116775513 0.09090900421142578
0 0.56010901927948 0.3490909934043884 0.1256829798221588 0.10909098386764526
0 0.6967210173606873 0.31636399030685425 0.14754104614257812 0.10909098386764526
0 0.4371579885482788 0.45454496145248413 0.12021899223327637 0.09454497694969177
0 0.5655739903450012 0.4272730052471161 0.12568295001983643 0.09818202257156372
0 0.7076500058174133 0.4109089970588684 0.13661205768585205 0.1018180251121521
0 0.4398910105228424 0.5418180227279663 0.11475402116775513 0.10181799530982971
0 0.5655739903450012 0.5199999809265137 0.12568295001983643 0.10181799530982971
0 0.7049180269241333 0.5054550170898438 0.14207696914672852 0.09454500675201416
0 0.4426230192184448 0.6254550218582153 0.12021902203559875 0.08000004291534424
0 0.5655739903450012 0.6145449876785278 0.12568295001983643 0.10181796550750732
0 0.7021859884262085 0.5981820225715637 0.1584700345993042 0.10545504093170166
0 0.4371579885482788 0.7090910077095032 0.12021899223327637 0.08000004291534424
0 0.5655739903450012 0.6981819868087769 0.12568295001983643 0.08000004291534424
0 0.7076500058174133 0.6909090280532837 0.14754104614257812 0.0872730016708374
