0 0.9164716005325317 0.06214398890733719 0.15481898188591003 0.12428797781467438
0 0.7444928884506226 0.08319252729415894 0.21478724479675293 0.16638505458831787
0 0.5408168435096741 0.11623098701238632 0.2241235375404358 0.20137888193130493
0 0.5294277667999268 0.033037956804037094 0.21432510018348694 0.06607591360807419
0 0.7345809936523438 0.008851634338498116 0.20735682547092438 0.01770326867699623
0 0.3263441026210785 0.05953224375844002 0.21098805963993073 0.10867775976657867
0 0.11952174454927444 0.10800570994615555 0.21622270345687866 0.10650795698165894
0 0.007237310521304607 0.1396956443786621 0.014474621042609215 0.06647799909114838
0 0.33523696660995483 0.15714587271213531 0.2242506891489029 0.2025570273399353
0 0.1282685101032257 0.20807401835918427 0.22251810133457184 0.2009885460138321
0 0.016267113387584686 0.23780536651611328 0.03253422677516937 0.16016319394111633
0 0.9273380041122437 0.18184925615787506 0.14532403647899628 0.18931254744529724
0 0.7616032361984253 0.2161424309015274 0.21795839071273804 0.20217426121234894
0 0.5579270720481873 0.2632463872432709 0.2224794179201126 0.20786428451538086
0 0.3521176278591156 0.3096599578857422 0.22171597182750702 0.20079347491264343
0 0.14523176848888397 0.3575453460216522 0.22463256120681763 0.20609243214130402
0 0.02441122755408287 0.38688167929649353 0.04882245510816574 0.16369861364364624
0 0.9380800724029541 0.32965004444122314 0.1238398551940918 0.1742027848958969
0 0.7800247669219971 0.36767733097076416 0.2230668067932129 0.19882658123970032
0 0.575546383857727 0.4149763286113739 0.21694038808345795 0.19274713099002838
0 0.36994668841362 0.4595252573490143 0.22530747950077057 0.20510932803153992
0 0.1587107628583908 0.5090718865394592 0.22974097728729248 0.2027447670698166
0 0.030064551159739494 0.5401774644851685 0.06012910231947899 0.1705816686153412
0 0.9454413056373596 0.47744956612586975 0.10911737382411957 0.18303810060024261
0 0.7976628541946411 0.5157744884490967 0.21901512145996094 0.20472654700279236
0 0.5919806361198425 0.563366174697876 0.22492572665214539 0.2015739232301712
0 0.3832160532474518 0.612917423248291 0.22518016397953033 0.20393019914627075
0 0.170566588640213 0.6646223664283752 0.2332051694393158 0.20588146150112152
0 0.035253334790468216 0.6982831954956055 0.07050666958093643 0.1654854416847229
0 0.9554641842842102 0.6289844512939453 0.08907168358564377 0.18913349509239197
0 0.8182822465896606 0.6685885190963745 0.219142347574234 0.2059047520160675
0 0.6093255877494812 0.7163718938827515 0.2313452959060669 0.20313481986522675
0 0.965805172920227 0.7897523641586304 0.0683896392583847 0.2026897370815277
0 0.8343398571014404 0.8249309659004211 0.23024988174438477 0.2074582427740097
0 0.6223465800285339 0.8788955211639404 0.22835129499435425 0.2115863710641861
0 0.05128452181816101 0.8526630997657776 0.07305685430765152 0.17726972699165344
0 0.06772494316101074 0.9593988656997681 0.07259772717952728 0.08120223879814148
0 0.45355990529060364 0.8306987881660461 0.1457718014717102 0.3386024832725525
0 0.35048922896385193 0.8483838438987732 0.12883204221725464 0.3032323122024536
0 0.24509352445602417 0.8599933981895447 0.14914751052856445 0.28001317381858826
0 0.14451290667057037 0.87395179271698 0.14006581902503967 0.2520964741706848
