0 0.8671879768371582 0.34553399682044983 0.2070310115814209 0.38067299127578735
0 0.6616209745407104 0.34480199217796326 0.20996099710464478 0.3792089819908142
0 0.4526369869709015 0.34480199217796326 0.20800799131393433 0.3792089819908142
0 0.24804699420928955 0.34553399682044983 0.20117199420928955 0.37774497270584106
0 0.0737302303314209 0.3462660014629364 0.1474604606628418 0.3792089819908142
0 0.8701170086860657 0.6134700179100037 0.2070310115814209 0.15519797801971436
0 0.6616209745407104 0.6127380132675171 0.20996099710464478 0.1566619873046875
0 0.4521480202674866 0.6156659722328186 0.20898401737213135 0.16251802444458008
0 0.24414098262786865 0.6163979768753052 0.2070310115814209 0.16105401515960693
0 0.0703122615814209 0.6156659722328186 0.1406245231628418 0.16251802444458008
