0 0.9441410303115845 0.34056299924850464 0.11015599966049194 0.20984798669815063
0 0.7816410064697266 0.33939000964164734 0.2148439884185791 0.20984798669815063
0 0.567188024520874 0.3388040065765381 0.21406203508377075 0.21101999282836914
0 0.35351598262786865 0.33821800351142883 0.2132810354232788 0.20984798669815063
0 0.14218801259994507 0.3388040065765381 0.2093750238418579 0.20867501199245453
0 0.9445310235023499 0.5937870144844055 0.109375 0.30129003524780273
0 0.7820310592651367 0.5961310267448425 0.21562498807907104 0.30597901344299316
0 0.5660159587860107 0.5967170000076294 0.21640604734420776 0.30480697751045227
0 0.35234397649765015 0.5961310267448425 0.2109379768371582 0.30363401770591736
0 0.14101600646972656 0.5967170000076294 0.21171903610229492 0.30246198177337646
0 0.9445310235023499 0.8048070073127747 0.109375 0.12309503555297852
0 0.783594012260437 0.8053929805755615 0.21562498807907104 0.11957800388336182
0 0.5691409707069397 0.8053929805755615 0.216405987739563 0.11488902568817139
0 0.35351598262786865 0.803633987903595 0.2148439884185791 0.11840593814849854
0 0.13906198740005493 0.803633987903595 0.21406197547912598 0.11840593814849854
0 0.9472659826278687 0.9331769943237305 0.10390597581863403 0.13130104541778564
0 0.7839840054512024 0.9296600222587585 0.216405987739563 0.12661194801330566
0 0.570311963558197 0.9302459955215454 0.2171880006790161 0.13950800895690918
0 0.35390597581863403 0.9232119917869568 0.21562504768371582 0.1348179578781128
0 0.13906198740005493 0.9302459955215454 0.2203119993209839 0.13950800895690918
