0 0.7857418060302734 0.15261641144752502 0.2879193127155304 0.30523282289505005
0 0.5103227496147156 0.16222576797008514 0.2823209762573242 0.3244515359401703
0 0.22990868985652924 0.16228190064430237 0.2875555455684662 0.32456380128860474
0 0.04689338058233261 0.11847954988479614 0.09378676116466522 0.23695909976959229
0 0.053462158888578415 0.519696056842804 0.10692431777715683 0.42072078585624695
0 0.0573832206428051 0.8617690205574036 0.1147664412856102 0.2764619290828705
0 0.25211063027381897 0.8610383868217468 0.2856960892677307 0.27792319655418396
0 0.23945969343185425 0.5188810229301453 0.2944716215133667 0.4461767077445984
0 0.5204892158508301 0.5158746838569641 0.287360280752182 0.42757731676101685
0 0.7992324829101562 0.5160428285598755 0.2838975191116333 0.43949055671691895
0 0.8068075180053711 0.8537097573280334 0.2762470543384552 0.25877144932746887
0 0.5318898558616638 0.8548341393470764 0.2903079092502594 0.2899027168750763
2 0.5139057040214539 0.428887277841568 0.26116234064102173 0.47298115491867065
