0 0.935059130191803 0.5637518167495728 0.12988172471523285 0.3796418607234955
0 0.9587352275848389 0.2628578543663025 0.08252955228090286 0.3265964090824127
0 0.9127403497695923 0.8737797737121582 0.17451925575733185 0.252440482378006
0 0.7755784392356873 0.8642296195030212 0.17157801985740662 0.2715408205986023
0 0.6721466779708862 0.8391736745834351 0.11961101740598679 0.2606741189956665
0 0.5965434312820435 0.8180456161499023 0.1114649772644043 0.23173025250434875
0 0.6235939264297485 0.5950998067855835 0.10645510256290436 0.23481781780719757
0 0.713258683681488 0.5866565704345703 0.1251022070646286 0.280399352312088
0 0.8244105577468872 0.5713704228401184 0.1797238141298294 0.3398761749267578
0 0.8641894459724426 0.2779182493686676 0.1864192634820938 0.3875708281993866
0 0.7413934469223022 0.3408608138561249 0.13191896677017212 0.31926602125167847
