0 0.7201353311538696 0.23809143900871277 0.13792750239372253 0.19452129304409027
0 0.6101526021957397 0.27965375781059265 0.11094258725643158 0.1734560877084732
0 0.5187357664108276 0.31518080830574036 0.1028212234377861 0.16931380331516266
0 0.43012407422065735 0.34811872243881226 0.10714587569236755 0.149603933095932
0 0.3622570037841797 0.38375258445739746 0.05021118000149727 0.10695669800043106
0 0.3135834038257599 0.4020325839519501 0.07195805758237839 0.1107410117983818
0 0.25601375102996826 0.42186063528060913 0.06538432091474533 0.10141284763813019
0 0.20552392303943634 0.442558616399765 0.055393315851688385 0.09830926358699799
0 0.739495575428009 0.4687592089176178 0.14523859322071075 0.3267524242401123
0 0.6293363571166992 0.4886293411254883 0.1173727884888649 0.306897908449173
0 0.5322276949882507 0.5153378844261169 0.1178508773446083 0.2878827452659607
0 0.4400869607925415 0.528569221496582 0.1174725666642189 0.2578052580356598
