0 0.32930415868759155 0.38710910081863403 0.1116543859243393 0.0939364805817604
0 0.4445672631263733 0.3845382332801819 0.12154624611139297 0.09146257489919662
0 0.5667964816093445 0.3824312686920166 0.12558452785015106 0.0958247259259224
0 0.9439712166786194 0.15242213010787964 0.04830988496541977 0.10723214596509933
0 0.9492596983909607 0.30300286412239075 0.05224144831299782 0.10455243289470673
0 0.7619796395301819 0.34117236733436584 0.0503624863922596 0.11152571439743042
0 0.0772743672132492 0.5458697080612183 0.12463298439979553 0.16335250437259674
0 0.20682494342327118 0.5350565314292908 0.1377418041229248 0.17647330462932587
0 0.3445158004760742 0.5366429090499878 0.14048528671264648 0.1610853374004364
0 0.48161420226097107 0.5319094061851501 0.1384984850883484 0.16101674735546112
0 0.6177617907524109 0.5300271511077881 0.1385415494441986 0.16383272409439087
0 0.7533698081970215 0.5253450870513916 0.13754771649837494 0.16379840672016144
0 0.8880594372749329 0.5256263613700867 0.136403888463974 0.1539062112569809
0 0.07975464314222336 0.7078201770782471 0.1208319216966629 0.17448118329048157
0 0.2088940143585205 0.702657163143158 0.14270931482315063 0.17664483189582825
0 0.3108106851577759 0.7047742605209351 0.0722164735198021 0.1770254522562027
0 0.4157411754131317 0.6440867781639099 0.1390618234872818 0.06813918799161911
0 0.5558192133903503 0.6392503976821899 0.13707497715950012 0.06807059049606323
0 0.6917288303375244 0.6866910457611084 0.13871420919895172 0.17509858310222626
0 0.8288693428039551 0.6847736239433289 0.13465432822704315 0.1693284660577774
4 0.9556117653846741 0.685329258441925 0.030405335128307343 0.1699519157409668
2 0.6258022785186768 0.7629396915435791 0.027469556778669357 0.10791981965303421
2 0.6496556997299194 0.7628204822540283 0.023257732391357422 0.09229171276092529
2 0.7622630000114441 0.7490694522857666 0.029521815478801727 0.04746733233332634
2 0.5244895219802856 0.800254225730896 0.04293184354901314 0.14504899084568024
2 0.36433616280555725 0.8248055577278137 0.030211234465241432 0.15727803111076355
2 0.24202345311641693 0.756463885307312 0.04111836478114128 0.09150119870901108
2 0.22452984750270844 0.7500231862068176 0.01991138607263565 0.06824816018342972
2 0.21075023710727692 0.7913601398468018 0.03740358725190163 0.108262799680233
2 0.12201789021492004 0.8064000010490417 0.04204757884144783 0.08731050044298172
2 0.08344528079032898 0.8190045952796936 0.034359175711870193 0.10393502563238144
