0 0.872995913028717 0.13651525974273682 0.1318555772304535 0.20323826372623444
0 0.7493634223937988 0.16727648675441742 0.15437458455562592 0.20840835571289062
0 0.6155946850776672 0.20696236193180084 0.1570260375738144 0.20779412984848022
0 0.4874097406864166 0.244276225566864 0.14283621311187744 0.20366354286670685
0 0.3666995167732239 0.2786676287651062 0.14207568764686584 0.20482821762561798
0 0.24513675272464752 0.31405383348464966 0.14491409063339233 0.20565445721149445
0 0.12215480208396912 0.34985312819480896 0.14491409063339233 0.20565445721149445
0 0.036186374723911285 0.38536402583122253 0.07237274944782257 0.2050783634185791
0 0.28199079632759094 0.06734437495470047 0.14433786273002625 0.13067811727523804
0 0.15342600643634796 0.10551544278860092 0.13506318628787994 0.12936340272426605
0 0.049266666173934937 0.14058297872543335 0.09853333234786987 0.12789887189865112
