0 0.03759799897670746 0.39751100540161133 0.07324200868606567 0.4289900064468384
0 0.14013700187206268 0.39458298683166504 0.15527299046516418 0.39677903056144714
0 0.2734380066394806 0.4070280194282532 0.11132800579071045 0.37188902497291565
0 0.37304699420928955 0.40556401014328003 0.1015620231628418 0.3367500305175781
0 0.4609379768371582 0.40849199891090393 0.08203098177909851 0.3133240342140198
0 0.5424799919128418 0.40043899416923523 0.08105504512786865 0.2972180247306824
0 0.6186519861221313 0.41068801283836365 0.0712890625 0.27671998739242554
0 0.6894530057907104 0.40556401014328003 0.0703120231628418 0.2664710283279419
0 0.7558590173721313 0.4092240035533905 0.0625 0.25622302293777466
0 0.8247069716453552 0.40483200550079346 0.07519495487213135 0.247437983751297
0 0.8940430283546448 0.40043899416923523 0.0634770393371582 0.25622302293777466
0 0.9628907442092896 0.39677900075912476 0.0742185115814209 0.24890196323394775
