0 0.12052524834871292 0.20959098637104034 0.24105049669742584 0.4191819727420807
0 0.3366689085960388 0.23209072649478912 0.2627459466457367 0.46418145298957825
0 0.5640131831169128 0.2513650357723236 0.26204028725624084 0.5027300715446472
0 0.7929793000221252 0.28699684143066406 0.26204028725624084 0.5287529230117798
0 0.9464492797851562 0.32285013794898987 0.1071014478802681 0.5023346543312073
0 0.10154325515031815 0.631126344203949 0.2030865103006363 0.5169808268547058
0 0.3018553555011749 0.6722710132598877 0.26227548718452454 0.531977653503418
0 0.5298341512680054 0.7207044959068298 0.26030176877975464 0.5315583348274231
0 0.7576953172683716 0.7531871795654297 0.26204022765159607 0.493625670671463
0 0.9236151576042175 0.7754766941070557 0.14384545385837555 0.4490465819835663
