0 0.8699143528938293 0.037013307213783264 0.1506207287311554 0.07402661442756653
0 0.7270689010620117 0.04408307746052742 0.13934855163097382 0.08333432674407959
0 0.5884204506874084 0.05231759324669838 0.14403796195983887 0.08220767229795456
0 0.4512317180633545 0.06189259514212608 0.14029425382614136 0.08339538425207138
0 0.31120485067367554 0.07165183126926422 0.14033538103103638 0.0848274752497673
0 0.1734609305858612 0.07839222252368927 0.1392662674188614 0.08046917617321014
0 0.05249011144042015 0.0877227932214737 0.1049802228808403 0.08129126578569412
0 0.8744811415672302 0.2254038006067276 0.1492219865322113 0.09826710820198059
0 0.7307096123695374 0.23683856427669525 0.14342136681079865 0.09360429644584656
0 0.5916088819503784 0.24581964313983917 0.13963653147220612 0.09335993230342865
0 0.45444074273109436 0.25611066818237305 0.14169348776340485 0.09921044111251831
0 0.316655695438385 0.26141995191574097 0.1386486440896988 0.09186571836471558
0 0.2003060132265091 0.2703668773174286 0.09512018412351608 0.08905529975891113
0 0.031219463795423508 0.2811979651451111 0.062438927590847015 0.09249716997146606
0 0.7362841367721558 0.4474044442176819 0.13712649047374725 0.10463424772024155
0 0.6004738211631775 0.4554556906223297 0.14000672101974487 0.10624964535236359
