0 0.5389999747276306 0.25 0.09000003337860107 0.05733299255371094
0 0.6299999952316284 0.24666699767112732 0.08399999141693115 0.05333298444747925
0 0.6949999928474426 0.24799999594688416 0.04200005531311035 0.0559999942779541
0 0.5419999957084656 0.31666699051856995 0.09200000762939453 0.05733299255371094
0 0.6269999742507935 0.3179999887943268 0.09000003337860107 0.054666996002197266
0 0.6940000057220459 0.3140000104904175 0.04400002956390381 0.05733299255371094
0 0.5400000214576721 0.4173330068588257 0.08399999141693115 0.07999998331069946
0 0.6309999823570251 0.4173330068588257 0.09399998188018799 0.08533298969268799
0 0.6990000009536743 0.4186669886112213 0.03799998760223389 0.08266699314117432
0 0.8579999804496765 0.35133299231529236 0.1119999885559082 0.08399999141693115
0 0.20100000500679016 0.44266700744628906 0.20200002193450928 0.04266703128814697
0 0.4009999930858612 0.4406670033931732 0.15399998426437378 0.041333019733428955
