2 0.5527340173721313 0.5791789889335632 0.0820310115814209 0.17008796334266663
2 0.9208980202674866 0.5454549789428711 0.03710901737213135 0.09090900421142578
0 0.7324219942092896 0.12023501098155975 0.23632800579071045 0.23753699660301208
0 0.7329100370407104 0.41715502738952637 0.23730498552322388 0.3944280445575714
0 0.5581049919128418 0.12243399769067764 0.1123049259185791 0.24193499982357025
0 0.5620119571685791 0.4259530007839203 0.11035197973251343 0.37389999628067017
0 0.4443359971046448 0.12536700069904327 0.11914098262786865 0.2478010058403015
0 0.3676760196685791 0.43035200238227844 0.0517580509185791 0.329912006855011
0 0.31787097454071045 0.13269799947738647 0.04980504512786865 0.2624629735946655
0 0.3706049919128418 0.13709700107574463 0.04003894329071045 0.27126097679138184
0 0.24902302026748657 0.13562998175621033 0.08789098262786865 0.2683280110359192
0 0.24755901098251343 0.43548399209976196 0.0888669490814209 0.32844603061676025
0 0.31787097454071045 0.43255096673965454 0.04980504512786865 0.32551297545433044
0 0.15771502256393433 0.4369499981403351 0.0888669490814209 0.3167160153388977
0 0.15722697973251343 0.14222900569438934 0.09179699420928955 0.28152498602867126
0 0.07519501447677612 0.14442799985408783 0.0703120231628418 0.2859239876270294
0 0.07861298322677612 0.43914997577667236 0.07519495487213135 0.30351898074150085
