0 0.8772506713867188 0.5246905088424683 0.14401796460151672 0.3218916654586792
0 0.7589671611785889 0.4865618944168091 0.17809902131557465 0.331705242395401
0 0.6270305514335632 0.4454774558544159 0.16947056353092194 0.33304882049560547
0 0.4991585314273834 0.40649744868278503 0.16954374313354492 0.3274986743927002
0 0.3752779960632324 0.3634599447250366 0.16148772835731506 0.32066869735717773
0 0.24722597002983093 0.31905171275138855 0.17788560688495636 0.33024173974990845
0 0.12641215324401855 0.28162482380867004 0.14701254665851593 0.3242705762386322
0 0.09683813154697418 0.47438764572143555 0.11604803800582886 0.13013605773448944
0 0.21722501516342163 0.5147415399551392 0.15290910005569458 0.1408638209104538
0 0.3476979732513428 0.5492078065872192 0.13109692931175232 0.11836207658052444
0 0.4712221026420593 0.5913612842559814 0.13901159167289734 0.11817707866430283
0 0.5985251665115356 0.6309210658073425 0.13651658594608307 0.11317671090364456
0 0.7296800017356873 0.6840201616287231 0.1485612839460373 0.13525328040122986
0 0.8478568196296692 0.7228805422782898 0.11426674574613571 0.12397612631320953
