0 0.7616513967514038 0.1287909299135208 0.09975678473711014 0.10421095043420792
0 0.6361541748046875 0.08776316046714783 0.10031865537166595 0.10159295797348022
0 0.7450128793716431 0.2706507742404938 0.09667341411113739 0.09363461285829544
0 0.6182540655136108 0.23596347868442535 0.10087951272726059 0.09897376596927643
0 0.7263734936714172 0.4171573519706726 0.09611166268587112 0.09625356644392014
0 0.6007112264633179 0.38128942251205444 0.10179784893989563 0.09923043102025986
0 0.7080006003379822 0.5615077018737793 0.0990438312292099 0.09846064448356628
0 0.5845444202423096 0.5269999504089355 0.09628986567258835 0.0976908728480339
0 0.6908273100852966 0.7076805233955383 0.10360635071992874 0.10667446255683899
0 0.5628968477249146 0.6786152720451355 0.09848298132419586 0.10107988119125366
0 0.6725575923919678 0.8550339341163635 0.10271518677473068 0.0994868353009224
0 0.5460801720619202 0.8219124674797058 0.1001402735710144 0.10015466064214706
0 0.6559321284294128 0.974062979221344 0.10251074284315109 0.051874030381441116
0 0.5275289416313171 0.9561032056808472 0.10414108633995056 0.08779355883598328
0 0.3725539445877075 0.03631271794438362 0.10360635071992874 0.07262543588876724
0 0.24468542635440826 0.017762793228030205 0.10452457517385483 0.03552558645606041
0 0.35481882095336914 0.16232967376708984 0.09318038821220398 0.0940467119216919
0 0.22419729828834534 0.124331995844841 0.09628981351852417 0.09769085794687271
0 0.33397331833839417 0.3074760138988495 0.1032499298453331 0.10379979759454727
0 0.2100575566291809 0.27283984422683716 0.10692217946052551 0.10482624173164368
0 0.3181900978088379 0.45775625109672546 0.10585268586874008 0.09620034694671631
0 0.1901303380727768 0.4182429015636444 0.10271518677473068 0.09948686510324478
0 0.27915093302726746 0.745814859867096 0.09830471128225327 0.0996415987610817
0 0.1528516560792923 0.7112560272216797 0.097564697265625 0.10082320123910904
0 0.2620799243450165 0.8949905037879944 0.10342813283205032 0.10523710399866104
0 0.13486230373382568 0.8601759672164917 0.09605838358402252 0.11011670529842377
