0 0.3300657570362091 0.4495656490325928 0.07481525093317032 0.11532110720872879
0 0.38605397939682007 0.45096656680107117 0.06202862784266472 0.11666347086429596
0 0.4507431089878082 0.4577014148235321 0.07630808651447296 0.1212153509259224
0 0.38762667775154114 0.601614236831665 0.0667429193854332 0.11770692467689514
0 0.4342452883720398 0.6007339954376221 0.045195650309324265 0.11432936042547226
0 0.47729960083961487 0.602819561958313 0.05745183303952217 0.11704197525978088
0 0.2840783894062042 0.7755290269851685 0.06996335834264755 0.11285585910081863
0 0.3390451967716217 0.771348774433136 0.062676802277565 0.10428778827190399
0 0.3915763199329376 0.7619002461433411 0.06132148578763008 0.09981551021337509
0 0.4520617425441742 0.7550461888313293 0.07072943449020386 0.09216050803661346
