0 0.516536295413971 0.642866849899292 0.20146650075912476 0.27668917179107666
2 0.5834805965423584 0.8840799927711487 0.055798549205064774 0.1113305613398552
2 0.2313566356897354 0.932188093662262 0.11075630784034729 0.13562381267547607
0 0.6722868084907532 0.5982649326324463 0.1786263883113861 0.25412634015083313
0 0.7097800374031067 0.7862801551818848 0.18011285364627838 0.2521350681781769
0 0.8040045499801636 0.5669893622398376 0.15197446942329407 0.2250407487154007
0 0.8481026887893677 0.7359351515769958 0.15659384429454803 0.2254965603351593
0 0.5570357441902161 0.8427466750144958 0.20230360329151154 0.24897968769073486
0 0.3744424879550934 0.8922810554504395 0.22236402332782745 0.21543791890144348
0 0.3395150303840637 0.7019284963607788 0.22408047318458557 0.2978943884372711
0 0.47769778966903687 0.41278037428855896 0.20544567704200745 0.32785695791244507
0 0.6242738962173462 0.3687262237071991 0.19339889287948608 0.3373589515686035
0 0.7472031712532043 0.3248659074306488 0.19317740201950073 0.37421631813049316
0 0.8333073258399963 0.29479295015335083 0.15160514414310455 0.37011563777923584
0 0.9055739641189575 0.6112266182899475 0.12834642827510834 0.36140745878219604
0 0.30645880103111267 0.47256237268447876 0.22178831696510315 0.30595287680625916
