0 0.7963704466819763 0.4752943515777588 0.08703771978616714 0.0708734467625618
0 0.8042098879814148 0.5402034521102905 0.08703317493200302 0.092488594353199
0 0.8103302717208862 0.6196547746658325 0.08531571924686432 0.09502410888671875
0 0.7332473397254944 0.6366950273513794 0.08307261765003204 0.0916898250579834
0 0.7264000177383423 0.5603793859481812 0.08307261765003204 0.0916898250579834
0 0.7196842432022095 0.4855303168296814 0.08280918002128601 0.08875377476215363
0 0.6434270739555359 0.4949337840080261 0.082346610724926 0.09442523121833801
0 0.5774635672569275 0.506743311882019 0.06208431348204613 0.09610246121883392
0 0.5291882157325745 0.5134904384613037 0.049478787928819656 0.09644299745559692
0 0.6506035923957825 0.5749191045761108 0.08023518323898315 0.09255851060152054
0 0.5850690007209778 0.5858951807022095 0.06479109823703766 0.09376645088195801
0 0.5326687693595886 0.5972102880477905 0.05647607892751694 0.08776674419641495
0 0.6583744287490845 0.6503013968467712 0.08208327740430832 0.09149029105901718
0 0.5921138525009155 0.6644119620323181 0.06413276493549347 0.08642906695604324
0 0.5363804697990417 0.6778944134712219 0.0615575835108757 0.09023253619670868
0 0.16515003144741058 0.6011055707931519 0.08631069213151932 0.07360871136188507
0 0.16873282194137573 0.6691142916679382 0.09138775616884232 0.09768955409526825
0 0.17571188509464264 0.746898353099823 0.08967133611440659 0.10022526979446411
0 0.25010550022125244 0.6549450159072876 0.08531571179628372 0.0950239896774292
0 0.24470937252044678 0.5835649371147156 0.08188750594854355 0.07848135381937027
0 0.31964990496635437 0.5594865083694458 0.0847213864326477 0.09922701865434647
0 0.3868339955806732 0.5444416999816895 0.06465943157672882 0.0922989770770073
0 0.4383445978164673 0.5288237929344177 0.054690998047590256 0.10037612169981003
0 0.3283105492591858 0.6391724944114685 0.07713332772254944 0.09049198031425476
0 0.3932178020477295 0.6268289685249329 0.06637586653232574 0.0897633507847786
0 0.4485892355442047 0.6149145364761353 0.0583241768181324 0.08669852465391159
0 0.45470958948135376 0.6943658590316772 0.06083060801029205 0.0929676964879036
