0 0.8999024629592896 0.2380654513835907 0.2001950591802597 0.26497432589530945
0 0.6877927780151367 0.22565269470214844 0.2461506426334381 0.25712427496910095
0 0.44267597794532776 0.22107304632663727 0.23993228375911713 0.2650759220123291
0 0.19934889674186707 0.21049579977989197 0.26298168301582336 0.2813519835472107
0 0.8993850350379944 0.49676015973091125 0.20122990012168884 0.2609645426273346
0 0.6832691431045532 0.4913305640220642 0.24644307792186737 0.26714855432510376
0 0.4429337978363037 0.4888066053390503 0.24966870248317719 0.2671824097633362
0 0.19297826290130615 0.4841761291027069 0.2659154534339905 0.2713615298271179
0 0.18646186590194702 0.7628686428070068 0.2693755030632019 0.2794148921966553
0 0.4431028962135315 0.7595474123954773 0.2596975564956665 0.27931326627731323
0 0.6755490899085999 0.755972146987915 0.24010774493217468 0.2710905373096466
1 0.9036781191825867 0.758479118347168 0.19264373183250427 0.2547805905342102
