0 0.2543022334575653 0.23949304223060608 0.1953192502260208 0.1706637591123581
0 0.4138999581336975 0.27281007170677185 0.15591835975646973 0.16430221498012543
0 0.5544562339782715 0.30201640725135803 0.15723799169063568 0.1624448597431183
0 0.693819522857666 0.33435195684432983 0.1535305231809616 0.15736132860183716
0 0.8339760899543762 0.36685872077941895 0.15882468223571777 0.1627873033285141
0 0.93883216381073 0.38836008310317993 0.08292926102876663 0.14854930341243744
0 0.24527260661125183 0.3876393437385559 0.2373894304037094 0.19902001321315765
0 0.4675447940826416 0.4344830811023712 0.2471766471862793 0.20327353477478027
0 0.6830697059631348 0.48325520753860474 0.22496256232261658 0.19847917556762695
0 0.8642213940620422 0.520095944404602 0.19904161989688873 0.18860146403312683
0 0.20982587337493896 0.5052565336227417 0.20796586573123932 0.13484026491641998
0 0.37874889373779297 0.5958845019340515 0.1678878366947174 0.2247139811515808
0 0.5241988301277161 0.625018835067749 0.17635542154312134 0.23082482814788818
0 0.6709693074226379 0.6566956043243408 0.18111559748649597 0.231852188706398
0 0.8359871506690979 0.692310631275177 0.2197299599647522 0.2444704920053482
0 0.06828510761260986 0.5442784428596497 0.13657021522521973 0.17637982964515686
0 0.21862486004829407 0.5601965188980103 0.19036898016929626 0.23170813918113708
0 0.05656715855002403 0.704837441444397 0.11313431710004807 0.2132294476032257
0 0.20862212777137756 0.749889612197876 0.23159193992614746 0.2149030864238739
0 0.4335414469242096 0.7950472235679626 0.2582990825176239 0.21852509677410126
0 0.6571334004402161 0.8444322943687439 0.24216493964195251 0.21290169656276703
0 0.8316712975502014 0.8821019530296326 0.17869669198989868 0.19920364022254944
0 0.05685979127883911 0.8724364638328552 0.11371958255767822 0.1955421268939972
0 0.17974317073822021 0.9059239625930786 0.16996248066425323 0.18815205991268158
0 0.3311403691768646 0.9229476451873779 0.1776290386915207 0.15410470962524414
0 0.4903443455696106 0.9400703310966492 0.17656093835830688 0.11985928565263748
0 0.6531079411506653 0.9576074481010437 0.19957607984542847 0.0847851112484932
0 0.8170727491378784 0.9725571870803833 0.16890931129455566 0.0548856258392334
