0 0.08441709727048874 0.5487750768661499 0.16883419454097748 0.38492825627326965
0 0.04475224018096924 0.25282707810401917 0.08950448036193848 0.3326248824596405
0 0.14611949026584625 0.8618764281272888 0.19487059116363525 0.27624717354774475
0 0.27352726459503174 0.8466363549232483 0.19040559232234955 0.3067273199558258
0 0.3659374415874481 0.7985509634017944 0.13760016858577728 0.2637174129486084
0 0.4347178637981415 0.7711456418037415 0.12698951363563538 0.23488569259643555
0 0.3855648338794708 0.5514624714851379 0.12277742475271225 0.23744599521160126
0 0.3004247844219208 0.5506117343902588 0.14477647840976715 0.28336089849472046
0 0.19436879456043243 0.5447589159011841 0.2010159194469452 0.34592756628990173
0 0.12574994564056396 0.2559528052806854 0.21238479018211365 0.3928477168083191
0 0.24782012403011322 0.30827078223228455 0.15527784824371338 0.32171565294265747
