0 0.9721036553382874 0.44424307346343994 0.0557926781475544 0.44990628957748413
0 0.9231051206588745 0.4030648171901703 0.1537896990776062 0.4565347731113434
0 0.829010546207428 0.3648380935192108 0.17123930156230927 0.4637787938117981
0 0.729455292224884 0.3277156352996826 0.16618229448795319 0.4551220238208771
0 0.6311047673225403 0.2895796298980713 0.1688283532857895 0.46015629172325134
0 0.531402051448822 0.24711480736732483 0.17123930156230927 0.4637787938117981
0 0.4323161542415619 0.21948304772377014 0.16759371757507324 0.4389660954475403
0 0.30637261271476746 0.16976967453956604 0.054129891097545624 0.18934740126132965
0 0.21648958325386047 0.13058388233184814 0.05295388400554657 0.18228568136692047
0 0.1257842779159546 0.09716522693634033 0.06065695360302925 0.19433045387268066
