0 0.26418399810791016 0.3465909957885742 0.16312098503112793 0.13068199157714844
0 0.4255320131778717 0.34943199157714844 0.1595739722251892 0.13068199157714844
0 0.5824469923973083 0.35227298736572266 0.15780103206634521 0.13068199157714844
0 0.7437940239906311 0.3515619933605194 0.15070903301239014 0.12926101684570312
0 0.2659569978713989 0.4730110168457031 0.16312098503112793 0.1278410255908966
0 0.4255320131778717 0.473721981048584 0.1489359736442566 0.13210198283195496
0 0.5842199921607971 0.47443199157714844 0.1648939847946167 0.12784099578857422
0 0.7349290251731873 0.47230100631713867 0.15780103206634521 0.1264200210571289
3 0.49822700023651123 0.6619319915771484 0.6312060356140137 0.25568199157714844
5 0.4601060152053833 0.870028018951416 0.16844001412391663 0.13210201263427734
