0 0.14212650060653687 0.4666544795036316 0.16341064870357513 0.4192993640899658
0 0.31057387590408325 0.44047272205352783 0.17043407261371613 0.4118134081363678
0 0.5010786652565002 0.41463592648506165 0.22716102004051208 0.41806861758232117
0 0.6894220113754272 0.38308918476104736 0.17932099103927612 0.4045885503292084
0 0.8590999841690063 0.36274784803390503 0.16662347316741943 0.4095853567123413
0 0.12497127801179886 0.1426474004983902 0.1558801680803299 0.2319016009569168
0 0.2925722897052765 0.11958526074886322 0.1656200885772705 0.23917052149772644
0 0.4850250482559204 0.11072445660829544 0.224552184343338 0.22144891321659088
0 0.6732445955276489 0.09807872772216797 0.16714954376220703 0.19615745544433594
0 0.842622697353363 0.0825943723320961 0.16113489866256714 0.1651887446641922
