0 0.669636070728302 0.5516002774238586 0.10925488919019699 0.14145950973033905
0 0.6506509184837341 0.6818437576293945 0.1016487404704094 0.13276445865631104
0 0.6341845989227295 0.8140315413475037 0.0988704040646553 0.14026451110839844
0 0.5306436419487 0.726265549659729 0.1389506757259369 0.20743288099765778
0 0.5578362941741943 0.5276299118995667 0.11799465864896774 0.1400383710861206
0 0.5082821846008301 0.29895341396331787 0.08066309243440628 0.17430132627487183
0 0.4585127830505371 0.24081850051879883 0.08148208260536194 0.18922531604766846
0 0.4022640585899353 0.16918106377124786 0.09299241751432419 0.20753660798072815
0 0.32966938614845276 0.10421311855316162 0.10984855145215988 0.20842623710632324
0 0.24957036972045898 0.068450428545475 0.1365780085325241 0.13690085709095
0 0.49324968457221985 0.4109840989112854 0.07357471436262131 0.15110482275485992
0 0.4348497688770294 0.36958107352256775 0.08467282354831696 0.17557169497013092
0 0.37341228127479553 0.3100395202636719 0.09546203911304474 0.1978446990251541
0 0.3021545112133026 0.2359369546175003 0.1108766496181488 0.22577324509620667
0 0.21455000340938568 0.15894441306591034 0.13040657341480255 0.24662534892559052
