0 0.12646499276161194 0.531479001045227 0.055664002895355225 0.23718902468681335
0 0.18505899608135223 0.5329430103302002 0.061522990465164185 0.23426103591918945
0 0.2646479904651642 0.5292829871177673 0.07226598262786865 0.24451002478599548
0 0.3413090109825134 0.5358710289001465 0.07910197973251343 0.24890196323394775
0 0.41992199420928955 0.5300149917602539 0.078125 0.23718902468681335
0 0.49853500723838806 0.5300149917602539 0.07910197973251343 0.23718902468681335
0 0.578125 0.5322110056877136 0.08007800579071045 0.24158096313476562
0 0.6572269797325134 0.531479001045227 0.078125 0.24304497241973877
0 0.7324219942092896 0.5307469964027405 0.07226598262786865 0.24158096313476562
0 0.8090819716453552 0.531479001045227 0.08105504512786865 0.24011698365211487
0 0.9321290254592896 0.4677889943122864 0.1357419490814209 0.3733530044555664
