0 0.1537894606590271 0.5653003454208374 0.0423068068921566 0.19456444680690765
0 0.19449669122695923 0.5673564672470093 0.04704108089208603 0.19840039312839508
0 0.2487155646085739 0.573697566986084 0.06558910757303238 0.18854674696922302
0 0.31142759323120117 0.5759653449058533 0.06556104868650436 0.1867474466562271
0 0.37318941950798035 0.5790849924087524 0.06368958950042725 0.18665292859077454
0 0.4340159296989441 0.5821573138237 0.06368958950042725 0.18665292859077454
0 0.49250245094299316 0.5851114988327026 0.05901048332452774 0.18641658127307892
0 0.5505634546279907 0.5853414535522461 0.06266918033361435 0.18120555579662323
0 0.6095035672187805 0.5892194509506226 0.060769662261009216 0.17931176722049713
0 0.6702880263328552 0.5949912667274475 0.0664682388305664 0.18499431014060974
0 0.7344449758529663 0.5946293473243713 0.0675167590379715 0.19224095344543457
0 0.8022897839546204 0.5980561971664429 0.07406727224588394 0.19257183372974396
0 0.8743871450424194 0.5989962816238403 0.07602294534444809 0.19806642830371857
0 0.9230204224586487 0.603254497051239 0.027474092319607735 0.20280785858631134
