0 0.1892194002866745 0.49495381116867065 0.2690218389034271 0.20558518171310425
0 0.5248374938964844 0.4852050542831421 0.24898432195186615 0.26094281673431396
0 0.8553187847137451 0.5397940278053284 0.26967954635620117 0.1957148164510727
0 0.10448277741670609 0.6877853870391846 0.11120195686817169 0.20821061730384827
0 0.28446465730667114 0.6943504810333252 0.0750584825873375 0.19314874708652496
0 0.2043704092502594 0.6913467049598694 0.09777709096670151 0.19885417819023132
0 0.761779248714447 0.7270863056182861 0.0946585088968277 0.22131121158599854
0 0.9311197996139526 0.7429189085960388 0.12458637356758118 0.2161494642496109
1 0.45302507281303406 0.7044475674629211 0.09925543516874313 0.18478764593601227
1 0.5813875794410706 0.7183632850646973 0.0985572412610054 0.1932394802570343
