0 0.16665735840797424 0.17690357565879822 0.07110317796468735 0.21978601813316345
0 0.2506484389305115 0.18564105033874512 0.06916937977075577 0.22147701680660248
0 0.4182039797306061 0.2434515804052353 0.06934362649917603 0.18596190214157104
0 0.498607337474823 0.25748947262763977 0.07003273814916611 0.1729360818862915
0 0.577720582485199 0.262955904006958 0.07209505140781403 0.17686763405799866
0 0.15848034620285034 0.5564395785331726 0.06637519598007202 0.2286977469921112
0 0.24685540795326233 0.5684003829956055 0.06555767357349396 0.23610202968120575
1 0.37410300970077515 0.6346753835678101 0.07552748173475266 0.2407677173614502
0 0.7097991704940796 0.2911817729473114 0.039831534028053284 0.059799205511808395
0 0.7637090682983398 0.2943083345890045 0.05070347711443901 0.060808561742305756
