0 0.9342265129089355 0.19236379861831665 0.1315469890832901 0.15743012726306915
0 0.8032170534133911 0.16703489422798157 0.15231023728847504 0.15590515732765198
0 0.6629754304885864 0.14591927826404572 0.15391045808792114 0.16246634721755981
0 0.5228089094161987 0.11896452307701111 0.15341070294380188 0.1573529839515686
0 0.3837927281856537 0.09546075761318207 0.1486598402261734 0.15778416395187378
0 0.24246318638324738 0.07467753440141678 0.15828651189804077 0.14935506880283356
0 0.0986965000629425 0.06133154034614563 0.15328529477119446 0.12266308069229126
0 0.900463342666626 0.6077737212181091 0.16746370494365692 0.5757651329040527
0 0.7476705312728882 0.58317631483078 0.18001596629619598 0.5766894221305847
0 0.6158551573753357 0.5570225715637207 0.17771504819393158 0.5825738310813904
0 0.48158979415893555 0.5356452465057373 0.17246444523334503 0.5778906345367432
0 0.35451269149780273 0.5168159604072571 0.1828407198190689 0.5859776139259338
0 0.20624476671218872 0.48650452494621277 0.1739397644996643 0.5831744074821472
0 0.07279898226261139 0.4642406404018402 0.14559796452522278 0.5790920257568359
