4 0.6982027292251587 0.5053564310073853 0.09185077250003815 0.25067585706710815
4 0.5905771851539612 0.4719400405883789 0.11659692227840424 0.32488468289375305
4 0.5203957557678223 0.46528178453445435 0.04222947359085083 0.15614914894104004
4 0.4787386655807495 0.4549552798271179 0.04581014811992645 0.1416240930557251
4 0.4255222678184509 0.4449726641178131 0.03675556182861328 0.1360386610031128
4 0.3615608513355255 0.4255709946155548 0.040768519043922424 0.1315792202949524
4 0.3083461821079254 0.39326030015945435 0.08199995011091232 0.23917315900325775
4 0.22257840633392334 0.33875343203544617 0.1602872908115387 0.5056036710739136
4 0.14808453619480133 0.3492664694786072 0.06375617533922195 0.19957798719406128
4 0.04004478082060814 0.3226540982723236 0.060338571667671204 0.16731898486614227
