0 0.785881757736206 0.09212391078472137 0.3669009804725647 0.14640012383460999
0 0.46700945496559143 0.09206971526145935 0.28128883242607117 0.1521681696176529
0 0.16563020646572113 0.0877470076084137 0.32143595814704895 0.15036910772323608
0 0.7859475612640381 0.31374236941337585 0.35930007696151733 0.17081008851528168
0 0.4631158709526062 0.3103049397468567 0.2923229932785034 0.17009693384170532
0 0.16043666005134583 0.3037410080432892 0.3189949691295624 0.16370131075382233
0 0.7817361354827881 0.5497922897338867 0.3596179485321045 0.18862585723400116
0 0.458944171667099 0.5441279411315918 0.2980788052082062 0.19242258369922638
0 0.1579606831073761 0.5431313514709473 0.3159213662147522 0.19265079498291016
0 0.7776637673377991 0.7780478596687317 0.3596576750278473 0.1908528208732605
0 0.4561915695667267 0.7735111713409424 0.29004091024398804 0.19233699142932892
0 0.15727411210536957 0.7725147008895874 0.31454822421073914 0.19713325798511505
0 0.7739688754081726 0.9559949636459351 0.35886305570602417 0.0880100354552269
0 0.4537965953350067 0.9556108117103577 0.28112977743148804 0.08877834677696228
0 0.15656740963459015 0.9516584873199463 0.3131348192691803 0.09668299555778503
