0 0.7200266718864441 0.1287425011396408 0.276318222284317 0.2574850022792816
0 0.49359795451164246 0.17211809754371643 0.2786653935909271 0.34423619508743286
0 0.2635273039340973 0.23991352319717407 0.2790437340736389 0.3773537874221802
0 0.0863950327038765 0.31931397318840027 0.172790065407753 0.3674488961696625
0 0.7725304961204529 0.36483633518218994 0.2758621871471405 0.3863133490085602
0 0.5451909303665161 0.4507991075515747 0.2800332009792328 0.3878905177116394
0 0.3133767247200012 0.5391755104064941 0.2852673828601837 0.3911396563053131
0 0.11078974604606628 0.6222832798957825 0.22157949209213257 0.371927946805954
0 0.8255250453948975 0.6564170122146606 0.2765415608882904 0.3764076828956604
0 0.5963278412818909 0.7445245385169983 0.2794223725795746 0.37495705485343933
0 0.3667132556438446 0.822214663028717 0.2773759961128235 0.35557064414024353
0 0.15241894125938416 0.865952730178833 0.2504507899284363 0.2680945098400116
