0 0.3085939884185791 0.049264997243881226 0.11523401737213135 0.09558799862861633
0 0.4301759898662567 0.05000000447034836 0.13378900289535522 0.09705899655818939
0 0.5649409890174866 0.05147099867463112 0.1357419788837433 0.10000000149011612
0 0.6884769797325134 0.050735000520944595 0.1132810115814209 0.09852900356054306
0 0.30712899565696716 0.18014700710773468 0.11035197973251343 0.1691180169582367
0 0.4301759898662567 0.18014700710773468 0.13574200868606567 0.1691180169582367
0 0.5659180283546448 0.1779409945011139 0.1357419788837433 0.16764700412750244
0 0.6899409890174866 0.1779409945011139 0.11230504512786865 0.16764700412750244
0 0.30664101243019104 0.31838199496269226 0.1132810115814209 0.10735303163528442
0 0.43115198612213135 0.3176470100879669 0.13574200868606567 0.10882401466369629
0 0.5673829913139343 0.3125 0.1367189884185791 0.09852898120880127
0 0.6909180283546448 0.3147059977054596 0.1103520393371582 0.09411799907684326
0 0.6899409890174866 0.5095589756965637 0.10058605670928955 0.2749999761581421
0 0.6230469942092896 0.5080879926681519 0.0351560115814209 0.2749999761581421
0 0.3041990101337433 0.5066180229187012 0.10253900289535522 0.2691180408000946
0 0.3793950080871582 0.5066180229187012 0.03417998552322388 0.2573530375957489
0 0.4682619869709015 0.5279409885406494 0.055664002895355225 0.25
0 0.5327150225639343 0.5286759734153748 0.05371105670928955 0.23970600962638855
