0 0.6500000357627869 0.07400000095367432 0.13999998569488525 0.10266700387001038
0 0.8560000061988831 0.07199999690055847 0.08799993991851807 0.10666698962450027
0 0.31300002336502075 0.0820000022649765 0.10599994659423828 0.11333300918340683
0 0.1470000147819519 0.08533299714326859 0.11000001430511475 0.10933299362659454
0 0.041999995708465576 0.0860000029206276 0.08399999141693115 0.11333300173282623
0 0.784000039100647 0.3586669862270355 0.21999996900558472 0.12266701459884644
0 0.3669999837875366 0.3693329989910126 0.15799999237060547 0.14399999380111694
0 0.125 0.37333300709724426 0.23399996757507324 0.13599997758865356
0 0.30800002813339233 0.6759999990463257 0.14399993419647217 0.13066697120666504
0 0.17100000381469727 0.6746670007705688 0.12999999523162842 0.1333329677581787
0 0.05299997329711914 0.6726670265197754 0.10599994659423828 0.1293330192565918
0 0.6929999589920044 0.6700000166893005 0.20999997854232788 0.1346670389175415
