0 0.47398799657821655 0.2065100073814392 0.08858299255371094 0.16197901964187622
0 0.4679419994354248 0.3677079975605011 0.09842503070831299 0.15625
0 0.46091100573539734 0.5153650045394897 0.09617501497268677 0.1578119993209839
0 0.4573959708213806 0.6838539838790894 0.10320603847503662 0.1635420322418213
0 0.4507870078086853 0.8677080273628235 0.10854899883270264 0.18229198455810547
0 0.5487909913063049 0.872655987739563 0.09533202648162842 0.16927099227905273
0 0.552727997303009 0.692969024181366 0.08745801448822021 0.19322896003723145
0 0.5548369884490967 0.53125 0.09336304664611816 0.15625
0 0.5563839673995972 0.3851560056209564 0.09026998281478882 0.1473960280418396
0 0.30624300241470337 0.6419270038604736 0.0022499561309814453 0.005728960037231445
0 0.5577899813652039 0.2382809966802597 0.08745801448822021 0.14322897791862488
0 0.6376550197601318 0.5544270277023315 0.08014601469039917 0.18385398387908936
0 0.638638973236084 0.7143229842185974 0.08042699098587036 0.1953120231628418
0 0.6387799978256226 0.8596349954605103 0.08239603042602539 0.14322900772094727
0 0.7130200266838074 0.869530975818634 0.06608498096466064 0.10781300067901611
0 0.7120360136032104 0.7393230199813843 0.07030391693115234 0.1859380006790161
0 0.709926962852478 0.5880209803581238 0.06833499670028687 0.1802079677581787
0 0.7069740295410156 0.4429689943790436 0.07030397653579712 0.17656296491622925
0 0.6361080408096313 0.26718801259994507 0.07142901420593262 0.17500001192092896
0 0.7044429779052734 0.30442699790000916 0.0652419924736023 0.1786460131406784
0 0.7597019672393799 0.3526040017604828 0.051461994647979736 0.16041702032089233
0 0.8018839955329895 0.390625 0.03908896446228027 0.15833300352096558
0 0.763638973236084 0.4809899926185608 0.0531499981880188 0.16718697547912598
0 0.8038530349731445 0.5164059996604919 0.04302603006362915 0.15260398387908936
0 0.8114449977874756 0.6502599716186523 0.04021406173706055 0.15989601612091064
0 0.7681379914283752 0.6184899806976318 0.05427396297454834 0.16718697547912598
0 0.7702469825744629 0.7617189884185791 0.05624300241470337 0.17864596843719482
0 0.815945029258728 0.7877600193023682 0.03908902406692505 0.17135405540466309
3 0.9185880422592163 0.7403650283813477 0.16226094961166382 0.3515620231628418
