4 0.4412662982940674 0.4289532005786896 0.0677742213010788 0.2234765589237213
4 0.45761555433273315 0.4845130741596222 0.031057052314281464 0.12194602191448212
4 0.5133243203163147 0.5123440027236938 0.03336044400930405 0.13211087882518768
4 0.5733810663223267 0.5368906855583191 0.03334689885377884 0.1260005086660385
4 0.6326399445533752 0.5602231025695801 0.033592067658901215 0.1337389498949051
4 0.6912174224853516 0.5815297961235046 0.027403835207223892 0.12034771591424942
4 0.7485339641571045 0.6048766374588013 0.03379741311073303 0.1231449767947197
4 0.6489465236663818 0.5172218084335327 0.05838252231478691 0.20563200116157532
0 0.44217926263809204 0.1873166859149933 0.14404550194740295 0.2598974406719208
0 0.5570368766784668 0.2358390986919403 0.1399427205324173 0.2611551284790039
0 0.6657208800315857 0.28684699535369873 0.138565793633461 0.2575000524520874
0 0.7773759365081787 0.3374252915382385 0.1454225480556488 0.26355260610580444
0 0.8915455937385559 0.3873751759529114 0.14588578045368195 0.2668079137802124
0 0.9663796424865723 0.4369840621948242 0.06724073737859726 0.26532572507858276
0 0.9830417633056641 0.27808746695518494 0.03391646966338158 0.14123567938804626
0 0.9167439937591553 0.23416119813919067 0.12693367898464203 0.1516837626695633
0 0.8013198971748352 0.18279822170734406 0.1312689632177353 0.15205369889736176
0 0.6877283453941345 0.12877896428108215 0.12463124096393585 0.14151933789253235
0 0.5741183161735535 0.08512463420629501 0.1253385692834854 0.15251177549362183
0 0.4678272604942322 0.05610033497214317 0.12054010480642319 0.11220066994428635
