0 0.7264401316642761 0.15365202724933624 0.24518828094005585 0.3073040544986725
0 0.5614719390869141 0.18618445098400116 0.2718812823295593 0.3161378800868988
0 0.3862174451351166 0.21643179655075073 0.2657625079154968 0.31931939721107483
0 0.20856669545173645 0.2476150244474411 0.2772800028324127 0.31800901889801025
0 0.08141449838876724 0.28052201867103577 0.16282899677753448 0.3167630136013031
0 0.8504685759544373 0.5182009339332581 0.29592272639274597 0.4719202220439911
0 0.6875638961791992 0.55103600025177 0.3236932158470154 0.47277766466140747
0 0.5106749534606934 0.5845223665237427 0.3214505612850189 0.4732242524623871
0 0.32999321818351746 0.6167598366737366 0.33128103613853455 0.47765207290649414
0 0.15593253076076508 0.6515243649482727 0.31186506152153015 0.47827717661857605
0 0.25880903005599976 0.9290561079978943 0.24032479524612427 0.14188775420188904
0 0.43757978081703186 0.913450300693512 0.24705304205417633 0.1730993539094925
0 0.6158391237258911 0.8974126577377319 0.23930183053016663 0.20517468452453613
0 0.797822117805481 0.8782421946525574 0.23451143503189087 0.23567858338356018
0 0.9285691380500793 0.852303683757782 0.14286169409751892 0.2229297012090683
2 0.7063506245613098 0.6160098910331726 0.20996174216270447 0.27346232533454895
