0 0.059687208384275436 0.18819227814674377 0.10785993188619614 0.23477807641029358
0 0.16381406784057617 0.16994599997997284 0.1309857964515686 0.24589915573596954
0 0.27715736627578735 0.1465301215648651 0.127206951379776 0.24511846899986267
0 0.386494517326355 0.12067630887031555 0.12297244369983673 0.23790019750595093
0 0.49617502093315125 0.110300213098526 0.12697868049144745 0.220600426197052
0 0.6027923822402954 0.09756799042224884 0.12486138939857483 0.19513598084449768
0 0.7116420865058899 0.08966401219367981 0.127206951379776 0.17932802438735962
0 0.8210933804512024 0.07654222100973129 0.12320078164339066 0.15308444201946259
0 0.9280539155006409 0.06844288855791092 0.11799003183841705 0.13688577711582184
0 0.07809601724147797 0.43423059582710266 0.11362996697425842 0.28988713026046753
0 0.0979897603392601 0.7011908292770386 0.11551891267299652 0.290277361869812
0 0.11476967483758926 0.911603569984436 0.11118122935295105 0.17679284512996674
0 0.18282538652420044 0.4109610319137573 0.13085968792438507 0.29661792516708374
0 0.1999993920326233 0.6801164150238037 0.13395366072654724 0.2877424657344818
0 0.21866825222969055 0.899700403213501 0.13385045528411865 0.20059916377067566
0 0.29261913895606995 0.39154496788978577 0.12662525475025177 0.2894006073474884
0 0.31122541427612305 0.6538714170455933 0.13017480075359344 0.2869616746902466
0 0.33155494928359985 0.8819451928138733 0.127206951379776 0.2361096292734146
0 0.4026728570461273 0.3622765839099884 0.13229303061962128 0.29057154059410095
0 0.4211650490760803 0.6229942440986633 0.12851420044898987 0.2897908687591553
0 0.5131832361221313 0.33944594860076904 0.1261686384677887 0.282962828874588
0 0.622520387172699 0.3135921359062195 0.13040314614772797 0.29018107056617737
0 0.7294802069664001 0.2947606146335602 0.12473630905151367 0.2890103757381439
0 0.8385581970214844 0.2787579894065857 0.13040314614772797 0.29018107056617737
0 0.9432358145713806 0.2549031674861908 0.11352835595607758 0.2910580635070801
0 0.5302421450614929 0.6069918274879456 0.12239076942205429 0.28218233585357666
0 0.6406383514404297 0.5825515389442444 0.12496458739042282 0.2922287583351135
0 0.7500895857810974 0.5583064556121826 0.12473630905151367 0.2890103757381439
0 0.8562204837799072 0.5412794351577759 0.13629919290542603 0.2945704162120819
0 0.9508212804794312 0.5224488973617554 0.09835746884346008 0.29183852672576904
0 0.4393455684185028 0.8658139109611511 0.13075746595859528 0.24268026649951935
0 0.5490260720252991 0.8447872996330261 0.12297244369983673 0.23790019750595093
0 0.6567025184631348 0.822542130947113 0.12675033509731293 0.2386806756258011
0 0.7673261165618896 0.8013213872909546 0.1321898251771927 0.23663321137428284
0 0.8767783045768738 0.7770761251449585 0.12864020466804504 0.23907111585140228
0 0.9593509435653687 0.7592210173606873 0.08129812031984329 0.23107260465621948
