0 0.2599899172782898 0.4619000256061554 0.250657856464386 0.4729974567890167
0 0.40624478459358215 0.503261923789978 0.185348778963089 0.4055863320827484
0 0.36328744888305664 0.4809896945953369 0.09480801224708557 0.1297030746936798
0 0.4446721374988556 0.5007957220077515 0.0644504651427269 0.113437220454216
0 0.6049748659133911 0.5627310872077942 0.15133267641067505 0.32002195715904236
0 0.5006457567214966 0.5201100707054138 0.05391690507531166 0.10401184856891632
0 0.5363436937332153 0.5349111557006836 0.05007903277873993 0.09544993937015533
0 0.5831581950187683 0.5469262599945068 0.0725364089012146 0.10464699566364288
0 0.7136127948760986 0.5927685499191284 0.12514638900756836 0.2747970223426819
0 0.7821316719055176 0.6147570610046387 0.11103762686252594 0.252557635307312
0 0.8374102711677551 0.6280370354652405 0.09256540983915329 0.23025953769683838
0 0.8825684785842896 0.6485856175422668 0.08026360720396042 0.21732914447784424
