0 0.8903917074203491 0.5694613456726074 0.14474472403526306 0.19982066750526428
0 0.7565209269523621 0.5520091652870178 0.14526259899139404 0.20661561191082
0 0.6254730820655823 0.5301346182823181 0.13837482035160065 0.20568236708641052
0 0.48942831158638 0.5151335597038269 0.13412846624851227 0.20107175409793854
0 0.36239349842071533 0.49929407238960266 0.13216066360473633 0.20080512762069702
0 0.25628095865249634 0.4828573167324066 0.07364071905612946 0.19960087537765503
0 0.1762433797121048 0.4699535667896271 0.045934803783893585 0.18105356395244598
2 0.024998795241117477 0.4782922863960266 0.03366154804825783 0.05835428461432457
2 0.45941779017448425 0.5632376670837402 0.05142394080758095 0.0742095559835434
2 0.5071651339530945 0.5498001575469971 0.02708452381193638 0.06149841099977493
