0 0.7379344701766968 0.39216023683547974 0.07978200167417526 0.16504621505737305
0 0.6713846325874329 0.3927616477012634 0.07398097217082977 0.16846467554569244
0 0.6026445031166077 0.38655880093574524 0.08039636164903641 0.16050976514816284
0 0.5313310623168945 0.39303848147392273 0.08015453815460205 0.18068906664848328
0 0.8106724619865417 0.4314593970775604 0.07282344996929169 0.09818274527788162
0 0.7412474751472473 0.4294467866420746 0.07456571608781815 0.10633958131074905
0 0.6742295026779175 0.41883009672164917 0.07338739186525345 0.10452889651060104
0 0.6050864458084106 0.419990599155426 0.07541153579950333 0.11585883051156998
0 0.5556978583335876 0.423361212015152 0.04453372210264206 0.08897076547145844
0 0.510760486125946 0.44113388657569885 0.06282269209623337 0.11158928275108337
0 0.3413887917995453 0.5754796266555786 0.10386156290769577 0.21848250925540924
0 0.19560980796813965 0.5648619532585144 0.20946678519248962 0.2848239243030548
0 0.5936031937599182 0.6714945435523987 0.10624928772449493 0.1193944588303566
0 0.7386558651924133 0.8286139965057373 0.11533287912607193 0.17582255601882935
0 0.4251324236392975 0.869520902633667 0.12953346967697144 0.1524277925491333
4 0.3533788025379181 0.525999128818512 0.06239693611860275 0.4274230897426605
4 0.2968238890171051 0.6093423962593079 0.03829796984791756 0.2821621000766754
4 0.12310779839754105 0.6055570840835571 0.038902003318071365 0.31186172366142273
4 0.07950078696012497 0.5074220895767212 0.07283986359834671 0.510601282119751
4 0.11936365067958832 0.9105231165885925 0.028801698237657547 0.17895375192165375
4 0.5693153142929077 0.8562260866165161 0.039648424834012985 0.18285149335861206
4 0.38719961047172546 0.8768896460533142 0.030080949887633324 0.16678206622600555
4 0.5486310124397278 0.6472313404083252 0.03437120094895363 0.169263556599617
4 0.7492018342018127 0.6379509568214417 0.03371681645512581 0.15044663846492767
4 0.7608878016471863 0.8230125308036804 0.04126005992293358 0.15518514811992645
1 0.022494018077850342 0.9293237924575806 0.044988036155700684 0.14135240018367767
