0 0.25520867109298706 0.3629247546195984 0.11850486695766449 0.1428748071193695
0 0.23523104190826416 0.484701544046402 0.11026366800069809 0.13398189842700958
0 0.21220046281814575 0.6063938140869141 0.1073363721370697 0.14049029350280762
0 0.3400273025035858 0.6033099293708801 0.1509285718202591 0.20686247944831848
0 0.3722273111343384 0.4187829792499542 0.1278855949640274 0.14266376197338104
0 0.48878735303878784 0.26124241948127747 0.08803500980138779 0.16932983696460724
0 0.5549619197845459 0.24642683565616608 0.08903102576732635 0.18307052552700043
0 0.6315121054649353 0.22472132742404938 0.10154234617948532 0.20123742520809174
0 0.7249885201454163 0.21169768273830414 0.11981145292520523 0.2216183841228485
0 0.826208233833313 0.20273727178573608 0.14860087633132935 0.23268434405326843
0 0.4703275263309479 0.36510923504829407 0.08023761212825775 0.1472487896680832
0 0.5400223731994629 0.3701411783695221 0.09235376119613647 0.17098985612392426
0 0.6180847883224487 0.36207082867622375 0.10412093251943588 0.192687526345253
0 0.7101212739944458 0.34849369525909424 0.12090251594781876 0.2201293706893921
0 0.8190851807594299 0.3435978293418884 0.14205145835876465 0.2416163682937622
