0 0.348288893699646 0.17568781971931458 0.11989045888185501 0.16256751120090485
0 0.45198535919189453 0.19461002945899963 0.11432629078626633 0.1625952273607254
0 0.553462028503418 0.22037360072135925 0.11925215274095535 0.16520987451076508
0 0.6429402232170105 0.24391715228557587 0.09858980029821396 0.1629151850938797
0 0.3329699635505676 0.30639776587486267 0.12179748713970184 0.16303780674934387
0 0.4346834123134613 0.3300030827522278 0.11766096949577332 0.1676182597875595
0 0.538070023059845 0.36067092418670654 0.12163284420967102 0.16999760270118713
0 0.6282615065574646 0.3821737766265869 0.0985964983701706 0.15451650321483612
0 0.3165489137172699 0.45161446928977966 0.12147502601146698 0.16855880618095398
0 0.47293758392333984 0.49461400508880615 0.11574717611074448 0.17554661631584167
0 0.5872839689254761 0.519118070602417 0.14642617106437683 0.17611177265644073
1 0.3940275013446808 0.47293776273727417 0.06600365787744522 0.1618787795305252
0 0.7200665473937988 0.43806588649749756 0.11482778191566467 0.7591284513473511
0 0.7501519322395325 0.5119900703430176 0.1617223620414734 0.9666959047317505
0 0.8454407453536987 0.521140456199646 0.2476828545331955 0.957719087600708
0 0.9327155351638794 0.538894772529602 0.1345689445734024 0.9222105145454407
