1 0.6655594706535339 0.5266442894935608 0.06564142554998398 0.15138950943946838
0 0.7045924663543701 0.5386420488357544 0.04565279558300972 0.14421257376670837
0 0.6245471835136414 0.5071759819984436 0.04357623681426048 0.12794284522533417
0 0.8031302690505981 0.4864916503429413 0.06846924126148224 0.15220314264297485
0 0.7498599290847778 0.4749976098537445 0.07129742950201035 0.14589260518550873
0 0.6748140454292297 0.42350348830223083 0.11201918125152588 0.1020452082157135
0 0.5933484435081482 0.43379727005958557 0.06752467155456543 0.13768364489078522
0 0.5431900024414062 0.41706418991088867 0.06526228785514832 0.14130710065364838
0 0.49095606803894043 0.40126800537109375 0.07167328149080276 0.1417263299226761
0 0.43806248903274536 0.3906489312648773 0.06620386987924576 0.1344536393880844
0 0.3868662416934967 0.3743847906589508 0.06903261691331863 0.13526758551597595
0 0.335388720035553 0.3565055727958679 0.06601671129465103 0.14009873569011688
0 0.28372064232826233 0.343938410282135 0.06941181421279907 0.14535003900527954
0 0.2384635955095291 0.33475011587142944 0.05243939161300659 0.13334305584430695
0 0.17737214267253876 0.288804292678833 0.10108178853988647 0.09462375938892365
0 0.19612538814544678 0.35630229115486145 0.042812250554561615 0.06503421813249588
1 0.14690563082695007 0.37050750851631165 0.06658094376325607 0.1302887350320816
0 0.8036361336708069 0.2412954866886139 0.08565422147512436 0.3224188983440399
0 0.7321682572364807 0.22303122282028198 0.09282030165195465 0.3287542462348938
0 0.6602306962013245 0.196966290473938 0.09338453412055969 0.3189442753791809
0 0.5882917046546936 0.17856645584106445 0.10337855666875839 0.3260933458805084
0 0.5203135013580322 0.16164425015449524 0.10168187320232391 0.3232885003089905
0 0.44875189661979675 0.1467621624469757 0.09960690140724182 0.2935243248939514
0 0.3737003803253174 0.15130534768104553 0.096971295773983 0.30261069536209106
0 0.30298763513565063 0.13743390142917633 0.09696958214044571 0.27486780285835266
