0 0.6636885404586792 0.3253612518310547 0.12042487412691116 0.09567815810441971
0 0.683707058429718 0.529017448425293 0.12319760769605637 0.1405944526195526
0 0.6954512596130371 0.6835592985153198 0.11358597129583359 0.09041102975606918
0 0.8031772971153259 0.5318012833595276 0.06619667261838913 0.12630894780158997
0 0.517061173915863 0.5257022976875305 0.10035929083824158 0.16340814530849457
0 0.5023127794265747 0.34605371952056885 0.10495247691869736 0.06328481435775757
0 0.3652822971343994 0.3762320876121521 0.09870647639036179 0.05408560484647751
0 0.3153591454029083 0.5661211609840393 0.0945938378572464 0.14891166985034943
0 0.5446068048477173 0.6947338581085205 0.0672525018453598 0.08342768996953964
5 0.5082529187202454 0.7858340740203857 0.15835174918174744 0.15633539855480194
5 0.2373465597629547 0.8386926054954529 0.15671826899051666 0.1587335765361786
