0 0.4289260506629944 0.08577108383178711 0.08851495385169983 0.12009496241807938
0 0.5151351690292358 0.0874452069401741 0.07874666154384613 0.11921364814043045
0 0.4266519844532013 0.20382942259311676 0.07990556955337524 0.12386336922645569
0 0.5113357305526733 0.20689161121845245 0.07282386720180511 0.11716457456350327
0 0.4235537350177765 0.3179970979690552 0.08063948154449463 0.11786972731351852
0 0.506802499294281 0.32016700506210327 0.08094378560781479 0.1254727691411972
0 0.421310156583786 0.4352943003177643 0.08808626979589462 0.13369175791740417
0 0.5043154358863831 0.4435470402240753 0.07801279425621033 0.12520833313465118
0 0.4146101772785187 0.5537161827087402 0.08161583542823792 0.11795783042907715
0 0.4995995759963989 0.5613840222358704 0.07184754312038422 0.11707651615142822
0 0.4113598167896271 0.6716853976249695 0.08277569711208344 0.12260756641626358
0 0.49741679430007935 0.6771610379219055 0.07648880034685135 0.1114354208111763
0 0.41049039363861084 0.7913961410522461 0.0847901925444603 0.12430406361818314
0 0.49227362871170044 0.7934337854385376 0.08179838955402374 0.12251939624547958
0 0.40626269578933716 0.9092772006988525 0.08582837879657745 0.12591345608234406
0 0.4882916510105133 0.9174418449401855 0.08564582467079163 0.12135189771652222
0 0.3983088731765747 0.982999324798584 0.08626076579093933 0.034001369029283524
0 0.48543447256088257 0.9861170053482056 0.08797105401754379 0.027766041457653046
0 0.6096480488777161 0.08986850827932358 0.0995049998164177 0.12714740633964539
0 0.7035205960273743 0.09604929387569427 0.09736771136522293 0.1224094107747078
0 0.7953178882598877 0.10509421676397324 0.09352123737335205 0.12357708811759949
0 0.8827804923057556 0.11222237348556519 0.09639142453670502 0.12232133001089096
0 0.9626868963241577 0.12201638519763947 0.07462622970342636 0.1255161464214325
0 0.6060007810592651 0.2055133879184723 0.09730683267116547 0.12088817358016968
0 0.6971567869186401 0.21831569075584412 0.09462031722068787 0.12670668959617615
0 0.7889844179153442 0.2266005277633667 0.09474200010299683 0.12974709272384644
0 0.877669095993042 0.239942729473114 0.09443776309490204 0.12214507907629013
0 0.9602528810501099 0.24365490674972534 0.07949422299861908 0.1255161464214325
0 0.6007054448127747 0.325587660074234 0.10023786127567291 0.1211526170372963
0 0.6945476531982422 0.3325275182723999 0.09278833866119385 0.1295708268880844
0 0.7828344702720642 0.3435452878475189 0.08937052637338638 0.11714272201061249
0 0.873044490814209 0.3554994463920593 0.0943160429596901 0.11910364031791687
0 0.959345281124115 0.36466556787490845 0.0813094899058342 0.12069008499383926
0 0.5980041027069092 0.4420807361602783 0.09626970440149307 0.11927992105484009
0 0.6893121600151062 0.4510815143585205 0.09571828693151474 0.12983517348766327
0 0.7795222401618958 0.4630356729030609 0.09089551866054535 0.13091473281383514
0 0.8684199452400208 0.47105613350868225 0.09675649553537369 0.13144351541996002
0 0.9549880027770996 0.4808060824871063 0.0900239571928978 0.1286456435918808
0 0.592768669128418 0.560633659362793 0.09712431579828262 0.11632756888866425
0 0.6846267580986023 0.5681584477424622 0.09523149579763412 0.11767150461673737
0 0.7748368382453918 0.5801125764846802 0.09639142453670502 0.12232134491205215
0 0.8645891547203064 0.5912615060806274 0.0945594385266304 0.12518545985221863
0 0.9531638622283936 0.5986871123313904 0.0936722382903099 0.12399596720933914
0 0.5884811282157898 0.6800360679626465 0.09669565409421921 0.1299232840538025
0 0.6812242865562439 0.689929187297821 0.09681737422943115 0.13296474516391754
0 0.7707622647285461 0.6941931843757629 0.09394718706607819 0.13422054052352905
0 0.8624377846717834 0.7062785029411316 0.09547489136457443 0.12375330924987793
0 0.952195405960083 0.7196978330612183 0.09560919553041458 0.1252516657114029
0 0.5837043523788452 0.7993943095207214 0.10213068127632141 0.11980870366096497
0 0.67696613073349 0.8085713386535645 0.09547489136457443 0.12375330924987793
0 0.7668401002883911 0.8166798949241638 0.09547489136457443 0.12375330924987793
0 0.85866779088974 0.8249647617340088 0.09510978311300278 0.11463005095720291
0 0.9497613906860352 0.8375347852706909 0.10047716647386551 0.132853701710701
0 0.5810638666152954 0.9143661260604858 0.10231323540210724 0.1243702694773674
0 0.6737766265869141 0.9250203371047974 0.0945594385266304 0.12518545985221863
0 0.7641387581825256 0.9331729412078857 0.09541405737400055 0.12223319709300995
0 0.8553566336631775 0.9394102692604065 0.09480283409357071 0.1211794838309288
0 0.9488841891288757 0.9434648156166077 0.10223163664340973 0.11307036131620407
0 0.5772621035575867 0.9861499071121216 0.10225614160299301 0.027700157836079597
0 0.671073853969574 0.9897963404655457 0.09450129419565201 0.020407292991876602
0 0.7613752484321594 0.9954591989517212 0.09144964814186096 0.009081615135073662
