0 0.8759769797325134 0.4199349880218506 0.15039098262786865 0.3823530375957489
0 0.6992189884185791 0.41748398542404175 0.15820300579071045 0.3741830289363861
0 0.49951204657554626 0.418300986289978 0.21777302026748657 0.37254902720451355
0 0.3017579913139343 0.41339901089668274 0.1679689884185791 0.3660129904747009
0 0.12402302026748657 0.41666701436042786 0.15429699420928955 0.37254899740219116
0 0.8769530057907104 0.10947699844837189 0.1523439884185791 0.2026139795780182
0 0.7011719942092896 0.10865999758243561 0.16210901737213135 0.21078398823738098
0 0.4995119869709015 0.11111100018024445 0.22363299131393433 0.21568599343299866
0 0.30224597454071045 0.112745001912117 0.1630859375 0.2222220003604889
0 0.12451201677322388 0.11029399931430817 0.1572270393371582 0.2140519917011261
