0 0.9317201375961304 0.6113654375076294 0.1218009814620018 0.28197428584098816
0 0.8268436193466187 0.5745242238044739 0.1736123114824295 0.2971876561641693
0 0.7020263075828552 0.5372920036315918 0.1543400138616562 0.2687959372997284
0 0.5901948809623718 0.4962180256843567 0.14229367673397064 0.2510499358177185
0 0.4857891798019409 0.4625476002693176 0.13357843458652496 0.22681750357151031
0 0.3837825059890747 0.4298233389854431 0.126764178276062 0.19813475012779236
0 0.2833282947540283 0.39994969964027405 0.12358234077692032 0.1799817681312561
0 0.17469657957553864 0.37282484769821167 0.12806028127670288 0.1596474051475525
0 0.0638989582657814 0.33778780698776245 0.1277979165315628 0.14501412212848663
0 0.0039090346544981 0.3105022609233856 0.0078180693089962 0.10783840715885162
