0 0.9065279960632324 0.035645000636577606 0.18397599458694458 0.06933599710464478
0 0.7359049916267395 0.035645000636577606 0.16023695468902588 0.06933599710464478
0 0.5778930187225342 0.03808600455522537 0.16172105073928833 0.0742190033197403
0 0.4221069812774658 0.03710899502038956 0.15281903743743896 0.07226599752902985
0 0.26335299015045166 0.03710899502038956 0.15875399112701416 0.07226599752902985
0 0.09272998571395874 0.03857399895787239 0.18545997142791748 0.07324200123548508
0 0.9080120325088501 0.11230500042438507 0.1780419945716858 0.07421901077032089
0 0.7388719916343689 0.109375 0.16023695468902588 0.08007800579071045
0 0.5801190137863159 0.10644499957561493 0.15726995468139648 0.07421901077032089
0 0.4198809862136841 0.10839799791574478 0.16320502758026123 0.0703120082616806
0 0.2596439719200134 0.1132809966802597 0.15726995468139648 0.08007800579071045
0 0.0905042290687561 0.1132809966802597 0.1810084581375122 0.08007800579071045
0 0.9065279960632324 0.18261699378490448 0.18100905418395996 0.07421901822090149
0 0.7359049916267395 0.183105006814003 0.16023695468902588 0.07324200868606567
0 0.5771510601043701 0.18164099752902985 0.15727001428604126 0.07031199336051941
0 0.4198809862136841 0.18115200102329254 0.15726995468139648 0.07128900289535522
0 0.26038599014282227 0.1840820014476776 0.16172099113464355 0.07714799046516418
0 0.09347200393676758 0.18554699420928955 0.17210698127746582 0.0742189884185791
0 0.9057859778404236 0.2534179985523224 0.1735910177230835 0.07324200868606567
0 0.7373889684677124 0.2534179985523224 0.16320496797561646 0.07324200868606567
0 0.5786349773406982 0.25195300579071045 0.15430301427841187 0.0703120082616806
0 0.4198809862136841 0.2504880130290985 0.16320502758026123 0.07324200868606567
0 0.2574179768562317 0.25195300579071045 0.16172099113464355 0.07617199420928955
0 0.090503990650177 0.25537100434303284 0.17210698127746582 0.07324200868606567
0 0.9050450325012207 0.32617199420928955 0.18100899457931519 0.07226598262786865
0 0.7344210147857666 0.3256840109825134 0.16023707389831543 0.07324200868606567
0 0.5778930187225342 0.3256840109825134 0.1528189778327942 0.07324200868606567
0 0.4198809862136841 0.32617199420928955 0.16320502758026123 0.07226598262786865
0 0.2596439719200134 0.3251950144767761 0.15726995468139648 0.0703120231628418
0 0.09421402215957642 0.3247070014476776 0.1735910177230835 0.07128900289535522
0 0.9080120325088501 0.3955079913139343 0.1780419945716858 0.07617199420928955
0 0.7366470098495483 0.3979490101337433 0.16468799114227295 0.07128900289535522
0 0.58086097240448 0.39697301387786865 0.146884024143219 0.06933599710464478
0 0.4250739812850952 0.3974609971046448 0.16468799114227295 0.06835901737213135
0 0.2640950083732605 0.39990198612213135 0.15726995468139648 0.07324200868606567
0 0.09421402215957642 0.3994140028953552 0.18249297142028809 0.0742189884185791
0 0.9057859778404236 0.47021499276161194 0.17952501773834229 0.07324200868606567
0 0.733680009841919 0.4692380130290985 0.16468799114227295 0.07519501447677612
0 0.5764089822769165 0.4692380130290985 0.1498519778251648 0.07519501447677612
0 0.4221069812774658 0.47021499276161194 0.15875399112701416 0.07324200868606567
0 0.2626109719276428 0.4736329913139343 0.15726995468139648 0.07617199420928955
0 0.09198802709579468 0.47412100434303284 0.18397605419158936 0.07519501447677612
0 0.9057860374450684 0.5419920086860657 0.18249303102493286 0.07617199420928955
0 0.7344210147857666 0.5419920086860657 0.16023707389831543 0.07617199420928955
0 0.5756679773330688 0.5390620231628418 0.15727001428604126 0.0703120231628418
0 0.4169139862060547 0.5395510196685791 0.16023695468902588 0.0693359375
0 0.26038599014282227 0.5424799919128418 0.15281903743743896 0.07519495487213135
0 0.09198802709579468 0.5444340109825134 0.18397605419158936 0.07128894329071045
0 0.903560996055603 0.6142579913139343 0.1780419945716858 0.07226598262786865
0 0.7366470098495483 0.6162109971046448 0.15578603744506836 0.06835901737213135
0 0.5778930187225342 0.6152340173721313 0.16172105073928833 0.0664060115814209
0 0.4176560044288635 0.6127930283546448 0.15875399112701416 0.07128894329071045
0 0.2596439719200134 0.6123049855232239 0.15726995468139648 0.0703120231628418
0 0.0905042290687561 0.6123049855232239 0.1810084581375122 0.0703120231628418
0 0.9020769596099854 0.6831049919128418 0.18100899457931519 0.0771479606628418
0 0.733680009841919 0.6850590109825134 0.15578603744506836 0.0732419490814209
0 0.5860530138015747 0.6850590109825134 0.16023707389831543 0.0732419490814209
0 0.42284899950027466 0.6835939884185791 0.16023695468902588 0.0703120231628418
0 0.26186901330947876 0.6860349774360657 0.15281903743743896 0.07519495487213135
0 0.09272998571395874 0.6840819716453552 0.18545997142791748 0.0791020393371582
0 0.902819037437439 0.7548829913139343 0.18546003103256226 0.06835901737213135
0 0.7307119965553284 0.7539060115814209 0.15281903743743896 0.0703120231628418
0 0.5778930187225342 0.7534180283546448 0.1528189778327942 0.06933605670928955
0 0.4235910177230835 0.7548829913139343 0.15578603744506836 0.0664060115814209
0 0.26335299015045166 0.7583010196685791 0.16468799114227295 0.0732419490814209
0 0.09421402215957642 0.7583010196685791 0.1735910177230835 0.0732419490814209
0 0.902819037437439 0.8291019797325134 0.18546003103256226 0.07617199420928955
0 0.7344210147857666 0.8291019797325134 0.1513350009918213 0.07617199420928955
0 0.5786349773406982 0.8261719942092896 0.16023701429367065 0.0703120231628418
0 0.4198809862136841 0.8266599774360657 0.15726995468139648 0.06933605670928955
0 0.26335299015045166 0.8286129832267761 0.15578603744506836 0.0732419490814209
0 0.09272998571395874 0.8286129832267761 0.18545997142791748 0.0732419490814209
0 0.902819037437439 0.9018549919128418 0.18546003103256226 0.0732419490814209
0 0.7359049916267395 0.8994140028953552 0.1483680009841919 0.07617199420928955
0 0.5793769955635071 0.8979489803314209 0.16468799114227295 0.0732419490814209
0 0.4176560044288635 0.8994140028953552 0.15875399112701416 0.0703120231628418
0 0.2611280083656311 0.8974609971046448 0.1543029546737671 0.0664060115814209
0 0.09198802709579468 0.8959959745407104 0.18397605419158936 0.0693359375
0 0.899109959602356 0.96875 0.1780419945716858 0.0625
0 0.7314540147781372 0.9672849774360657 0.16023707389831543 0.06543004512786865
0 0.5756679773330688 0.9663087129592896 0.15727001428604126 0.06738251447677612
0 0.4198809862136841 0.9677730202674866 0.15726995468139648 0.06445300579071045
0 0.2626109719276428 0.9663087129592896 0.1483680009841919 0.06738251447677612
0 0.08976298570632935 0.9672849774360657 0.17952501773834229 0.06543004512786865
