0 0.9316409826278687 0.19970601797103882 0.13476598262786865 0.3406749963760376
0 0.7861330509185791 0.19823800027370453 0.16406196355819702 0.3436119854450226
0 0.6279299855232239 0.19970600306987762 0.1523439884185791 0.3436119854450226
0 0.47070300579071045 0.19823800027370453 0.1601560115814209 0.34654900431632996
0 0.3120120167732239 0.19970600306987762 0.1572270393371582 0.3436119854450226
0 0.15527302026748657 0.19823801517486572 0.15625 0.3406749963760376
0 0.0385739803314209 0.19823801517486572 0.0771479606628418 0.3406749963760376
0 0.9306640028953552 0.44640201330184937 0.1367189884185791 0.1497800350189209
0 0.7841799855232239 0.44419997930526733 0.15820300579071045 0.14831098914146423
0 0.625 0.44419997930526733 0.15625 0.14831098914146423
0 0.4697269797325134 0.4456680119037628 0.15429699420928955 0.14537400007247925
0 0.3115230202674866 0.44640201330184937 0.15625 0.14390599727630615
0 0.15527302026748657 0.443464994430542 0.15820300579071045 0.1497800350189209
0 0.03759801387786865 0.42070499062538147 0.07519495487213135 0.10719501972198486
