0 0.18887263536453247 0.27229011058807373 0.15409694612026215 0.13518235087394714
0 0.32444652915000916 0.2297857254743576 0.1425880491733551 0.13438057899475098
0 0.4175907373428345 0.19721797108650208 0.06923767924308777 0.10412325710058212
0 0.2391497641801834 0.36328133940696716 0.08794771134853363 0.12588343024253845
0 0.33221182227134705 0.3336488902568817 0.1267198771238327 0.1403060257434845
0 0.2508164048194885 0.45723289251327515 0.08935102820396423 0.1102132797241211
0 0.3459894359111786 0.42914435267448425 0.12427866458892822 0.12212982028722763
0 0.2628227174282074 0.543079674243927 0.08899974077939987 0.11413087695837021
0 0.35835763812065125 0.514153242111206 0.12573149800300598 0.11988765001296997
0 0.27678728103637695 0.6399742960929871 0.08740872144699097 0.1284031718969345
0 0.36967408657073975 0.612576961517334 0.12507928907871246 0.14115028083324432
0 0.29104599356651306 0.7425986528396606 0.08771046996116638 0.11105760186910629
0 0.38548043370246887 0.712550699710846 0.12627048790454865 0.11736796796321869
0 0.3039090037345886 0.8383710384368896 0.09090279042720795 0.13482622802257538
0 0.3994448781013489 0.8094443082809448 0.1302139163017273 0.1467290222644806
0 0.31804949045181274 0.9330283403396606 0.08440428972244263 0.10603347420692444
0 0.4133037328720093 0.9020047187805176 0.1216992437839508 0.11598386615514755
0 0.45612823963165283 0.2539341449737549 0.09124379605054855 0.07859534025192261
0 0.542427659034729 0.2270766794681549 0.0960029736161232 0.081378273665905
0 0.629465639591217 0.20217767357826233 0.09272082149982452 0.08306655287742615
0 0.7134799361228943 0.1760120987892151 0.09290869534015656 0.08446536958217621
0 0.7961228489875793 0.150261789560318 0.0881505161523819 0.08168274164199829
0 0.4631003439426422 0.31293222308158875 0.09307211637496948 0.07914892584085464
0 0.549681544303894 0.28817251324653625 0.09361028671264648 0.07662981003522873
0 0.6354301571846008 0.26075348258018494 0.09323467314243317 0.07383314520120621
0 0.7231011390686035 0.23348073661327362 0.08939027786254883 0.0713280662894249
0 0.804103434085846 0.20968186855316162 0.08833838999271393 0.08308155834674835
0 0.47024857997894287 0.36969488859176636 0.09159427881240845 0.07467839121818542
0 0.5567359328269958 0.34423622488975525 0.09452494978904724 0.07690675556659698
0 0.6428475379943848 0.3159799575805664 0.0934225395321846 0.07523196190595627
0 0.7300616502761841 0.2888455092906952 0.09161940962076187 0.08139200508594513
0 0.813713014125824 0.26351720094680786 0.08667249232530594 0.07721122354269028
0 0.4829808473587036 0.4538671374320984 0.1002078577876091 0.13227857649326324
0 0.5692929625511169 0.43064364790916443 0.1002078652381897 0.13227860629558563
0 0.6579715013504028 0.40379318594932556 0.09655121713876724 0.13117142021656036
0 0.7427125573158264 0.3759518563747406 0.09856728464365005 0.13312289118766785
0 0.8258122801780701 0.3500632047653198 0.09402040392160416 0.13845309615135193
0 0.4991987645626068 0.5675390958786011 0.09856731444597244 0.13312287628650665
0 0.5860498547554016 0.5412419438362122 0.09636347740888596 0.1297735720872879
0 0.5166506767272949 0.6939318180084229 0.10159610211849213 0.1622069925069809
0 0.6739897727966309 0.5124320387840271 0.09859160333871841 0.13983716070652008
0 0.757840633392334 0.4921358525753021 0.10684475302696228 0.14904214441776276
0 0.8410226106643677 0.4633128345012665 0.0988045483827591 0.147948756814003
0 0.6028688549995422 0.6700083613395691 0.11092641204595566 0.1663731187582016
0 0.6904459595680237 0.6420367360115051 0.10215941816568375 0.16640159487724304
0 0.7756555676460266 0.6176912784576416 0.10544043779373169 0.164712056517601
0 0.8599514961242676 0.5936225056648254 0.09592343866825104 0.15914833545684814
0 0.5362612009048462 0.8364031910896301 0.10326181352138519 0.16807633638381958
0 0.6236503720283508 0.8070327043533325 0.10912240296602249 0.1725338250398636
0 0.7104067206382751 0.7800368666648865 0.10490238666534424 0.16723202168941498
0 0.7967188954353333 0.7568134069442749 0.10673071444034576 0.16778559982776642
0 0.8804756999015808 0.7358173131942749 0.09575988352298737 0.1644638180732727
0 0.06317940354347229 0.5831595063209534 0.07533643394708633 0.12340689450502396
0 0.13658666610717773 0.5594772100448608 0.10114672034978867 0.1392689049243927
0 0.20039376616477966 0.5387027263641357 0.05576207861304283 0.11479710042476654
0 0.07930424064397812 0.6961312294006348 0.07425923645496368 0.12844575941562653
0 0.15107011795043945 0.6744016408920288 0.09894292056560516 0.13591958582401276
0 0.09566541016101837 0.8250362873077393 0.07876589894294739 0.16200041770935059
0 0.1907319277524948 0.7926148772239685 0.14494045078754425 0.17801396548748016
0 0.11369244754314423 0.9431847929954529 0.07834087312221527 0.11363044381141663
0 0.21289747953414917 0.9218558073043823 0.1458541303873062 0.15628838539123535
0 0.03815591707825661 0.38267165422439575 0.06637237966060638 0.06972366571426392
0 0.1310427188873291 0.35527434945106506 0.13733015954494476 0.09523255378007889
0 0.046781230717897415 0.44335225224494934 0.061988867819309235 0.06973741203546524
0 0.11607421189546585 0.42091670632362366 0.08941549062728882 0.07804175466299057
0 0.05621465668082237 0.49942299723625183 0.06949000805616379 0.07335056364536285
0 0.125401109457016 0.4726545810699463 0.08976595103740692 0.07412480562925339
0 0.1843702793121338 0.4016924500465393 0.049727898091077805 0.06334291398525238
0 0.1876741498708725 0.45816442370414734 0.05561365932226181 0.07451408356428146
