0 0.954899251461029 0.13848227262496948 0.0902014821767807 0.18603788316249847
0 0.8258482217788696 0.12236461043357849 0.2185942381620407 0.18277022242546082
0 0.6350541114807129 0.10174728184938431 0.2254149168729782 0.17841368913650513
0 0.4405800998210907 0.08697399497032166 0.22736947238445282 0.1739479899406433
0 0.25184497237205505 0.0782991498708725 0.20952937006950378 0.156598299741745
0 0.932170569896698 0.45244115591049194 0.135658860206604 0.1756652146577835
0 0.7730515599250793 0.434602826833725 0.24741309881210327 0.18282459676265717
0 0.5692834854125977 0.4192601144313812 0.2244577556848526 0.18328559398651123
0 0.37578681111335754 0.40225398540496826 0.22836685180664062 0.18362915515899658
0 0.1863238513469696 0.3849605917930603 0.21639038622379303 0.18133777379989624
0 0.9005080461502075 0.7755129933357239 0.18095974624156952 0.17698417603969574
0 0.7200897336006165 0.7577318549156189 0.2462066411972046 0.18643580377101898
0 0.5114353895187378 0.7419596910476685 0.23743177950382233 0.1906215399503708
0 0.3121998906135559 0.7238074541091919 0.2298630177974701 0.19119510054588318
0 0.12015892565250397 0.7094954252243042 0.2230423092842102 0.19555160403251648
