0 0.4000000059604645 0.6149070262908936 0.1933329701423645 0.3271219730377197
0 0.5966669917106628 0.619047999382019 0.18999993801116943 0.3271219730377197
0 0.7925000190734863 0.618012011051178 0.2016669511795044 0.32919299602508545
0 0.9466667175292969 0.5175979733467102 0.10666650533676147 0.1283639669418335
0 0.6666669845581055 0.3405799865722656 0.08000004291534424 0.0724639892578125
0 0.9424999952316284 0.7298139929771423 0.06833302974700928 0.24637699127197266
1 0.9458330273628235 0.7246379852294922 0.10833299160003662 0.2857140302658081
0 0.3966670036315918 0.8167700171470642 0.19999998807907104 0.07660496234893799
0 0.5958330035209656 0.8167700171470642 0.19166699051856995 0.06832301616668701
0 0.7933329939842224 0.8209109902381897 0.19666695594787598 0.0724639892578125
