0 0.41758981347084045 0.2987314760684967 0.234724223613739 0.09506949037313461
0 0.41247010231018066 0.40085017681121826 0.2464597225189209 0.12207318842411041
0 0.41165390610694885 0.4981409013271332 0.2548935115337372 0.08549458533525467
0 0.40086519718170166 0.6176146268844604 0.26112303137779236 0.15486407279968262
0 0.39050009846687317 0.8025869131088257 0.29620492458343506 0.21661004424095154
0 0.39157769083976746 0.9550062417984009 0.31869271397590637 0.08998750895261765
0 0.6061007380485535 0.6208770275115967 0.12209027260541916 0.10823076218366623
0 0.611171543598175 0.7345262765884399 0.13083557784557343 0.11981432884931564
0 0.6161665320396423 0.8366159200668335 0.15664887428283691 0.08906544744968414
0 0.6299141049385071 0.937431275844574 0.17151157557964325 0.12513743340969086
0 0.25425755977630615 0.29438427090644836 0.10467347502708435 0.09662233293056488
0 0.2332710474729538 0.4013651907444 0.14240911602973938 0.12177414447069168
0 0.22668734192848206 0.5005991458892822 0.13925693929195404 0.08131013065576553
0 0.20577038824558258 0.6181753873825073 0.1541321575641632 0.14685125648975372
0 0.17666147649288177 0.8099448084831238 0.19799764454364777 0.22596073150634766
0 0.15601865947246552 0.9554506540298462 0.171287402510643 0.08909867703914642
