0 0.8272807598114014 0.6013895273208618 0.0636434257030487 0.36409279704093933
0 0.7391899824142456 0.6003872752189636 0.0655180886387825 0.35823842883110046
0 0.6313726305961609 0.6031259298324585 0.06567266583442688 0.36713656783103943
0 0.5432946681976318 0.6028650999069214 0.06574995815753937 0.3715857267379761
0 0.40932145714759827 0.6095965504646301 0.07048866897821426 0.35991472005844116
0 0.3213208317756653 0.6137847900390625 0.06858716160058975 0.3642863929271698
0 0.21151292324066162 0.6158586144447327 0.0745471641421318 0.36600250005722046
0 0.11856754869222641 0.6202415227890015 0.07457292079925537 0.3674851357936859
0 0.7756977677345276 0.25244686007499695 0.18210089206695557 0.2427649199962616
0 0.7689694762229919 0.06690967828035355 0.18721066415309906 0.1338193565607071
0 0.5830797553062439 0.0720718577504158 0.1912175565958023 0.1441437155008316
0 0.5829874873161316 0.26741349697113037 0.19620345532894135 0.25813716650009155
0 0.3606116473674774 0.07871098816394806 0.19722796976566315 0.15742197632789612
0 0.16524924337863922 0.07954076677560806 0.1941588968038559 0.15908153355121613
0 0.36487993597984314 0.2729877829551697 0.19698674976825714 0.2463112622499466
0 0.16709718108177185 0.28073352575302124 0.19911904633045197 0.25528690218925476
1 0.7827669382095337 0.6023909449577332 0.18904565274715424 0.4149453938007355
1 0.5854644179344177 0.6093760132789612 0.18017032742500305 0.41607949137687683
1 0.3639213442802429 0.6165685653686523 0.19011126458644867 0.4194331467151642
1 0.16357649862766266 0.6192206144332886 0.2029411643743515 0.4184529185295105
