0 0.5340543985366821 0.34579604864120483 0.10473371297121048 0.20288075506687164
0 0.4387742280960083 0.3633993864059448 0.10812301188707352 0.2104189395904541
0 0.5496533513069153 0.5478826761245728 0.10192093253135681 0.2164011299610138
0 0.4492514729499817 0.5684626698493958 0.11110269278287888 0.21229994297027588
0 0.2785343527793884 0.3750849962234497 0.11822105944156647 0.11421944946050644
0 0.601634681224823 0.7297583818435669 0.22217918932437897 0.14925335347652435
0 0.25637906789779663 0.7929208874702454 0.21991609036922455 0.15727317333221436
3 0.4288370907306671 0.7556431889533997 0.13335151970386505 0.15301424264907837
3 0.09452801197767258 0.809160590171814 0.11845265328884125 0.143608957529068
3 0.6782932281494141 0.41468966007232666 0.17368830740451813 0.46145468950271606
3 0.2727251946926117 0.5763508677482605 0.23634478449821472 0.3318513333797455
