0 0.7937436699867249 0.25061559677124023 0.18539747595787048 0.10415249317884445
0 0.5338842868804932 0.21588833630084991 0.11602073162794113 0.08480124920606613
0 0.27685409784317017 0.18563547730445862 0.17901600897312164 0.09574005752801895
0 0.22267968952655792 0.34497931599617004 0.2253316193819046 0.14728747308254242
0 0.48454567790031433 0.37997472286224365 0.14384903013706207 0.13891839981079102
0 0.7437799572944641 0.40983906388282776 0.22013427317142487 0.1428130716085434
1 0.407068133354187 0.6549973487854004 0.1457231640815735 0.16436702013015747
4 0.559861958026886 0.445340096950531 0.26742345094680786 0.6203507781028748
4 0.37627139687538147 0.4242185652256012 0.2622261047363281 0.6158763766288757
4 0.07656574994325638 0.3876575827598572 0.15313149988651276 0.5909630656242371
4 0.881435215473175 0.5063339471817017 0.2371295839548111 0.6023538112640381
