0 0.5636807084083557 0.016202596947550774 0.06746885925531387 0.03240519389510155
0 0.5754687190055847 0.11942456662654877 0.08254331350326538 0.1961176097393036
0 0.5943313837051392 0.30030110478401184 0.08450257778167725 0.19660139083862305
0 0.6158466339111328 0.48699620366096497 0.08238939940929413 0.19471648335456848
0 0.6385997533798218 0.6712274551391602 0.08625172823667526 0.20384414494037628
0 0.6577222347259521 0.8498826026916504 0.08749817311763763 0.18916717171669006
0 0.49484366178512573 0.02689051255583763 0.06891045719385147 0.05378102511167526
0 0.42912694811820984 0.0376223586499691 0.07071591913700104 0.0624166876077652
0 0.36235418915748596 0.05267191678285599 0.07040829956531525 0.059616390615701675
0 0.29686811566352844 0.07028001546859741 0.0726751834154129 0.06290047615766525
0 0.22836685180664062 0.08791356533765793 0.07478813827037811 0.06478437781333923
0 0.1631396859884262 0.103300541639328 0.07365427911281586 0.06314223259687424
0 0.09806735068559647 0.12008741497993469 0.06695011258125305 0.06284899264574051
0 0.036044541746377945 0.1369697004556656 0.07208908349275589 0.06710188090801239
0 0.0028117485344409943 0.1535157710313797 0.0056234970688819885 0.06729242950677872
0 0.5097643136978149 0.15794138610363007 0.07483555376529694 0.1519833654165268
0 0.4466502070426941 0.1742447316646576 0.08153950423002243 0.15227565169334412
0 0.3784846365451813 0.1903572678565979 0.08432513475418091 0.15160129964351654
0 0.31292274594306946 0.20726501941680908 0.0763331726193428 0.14826573431491852
0 0.24679332971572876 0.2235938459634781 0.08515042066574097 0.1504429131746292
0 0.17945308983325958 0.2380644679069519 0.07875505089759827 0.1529511958360672
0 0.11618620902299881 0.25296738743782043 0.0776209607720375 0.1513080596923828
0 0.050133757293224335 0.2699962854385376 0.08432513475418091 0.15160128474235535
0 0.01136896014213562 0.28596219420433044 0.02273792028427124 0.14918208122253418
0 0.5318459272384644 0.34521469473838806 0.07973414659500122 0.15319296717643738
0 0.46556273102760315 0.36014336347579956 0.08298119902610779 0.15671904385089874
0 0.3986351191997528 0.3737930357456207 0.08040659129619598 0.15063370764255524
0 0.33315014839172363 0.39140087366104126 0.08009898662567139 0.147833451628685
0 0.2682305872440338 0.40958812832832336 0.07958023250102997 0.15179184079170227
0 0.20447410643100739 0.4246119558811188 0.07808248698711395 0.15550944209098816
0 0.1369800567626953 0.43768244981765747 0.08613059669733047 0.15068496763706207
0 0.06873763352632523 0.4530948996543884 0.07958023250102997 0.15179184079170227
0 0.022010957822203636 0.46939796209335327 0.04402191564440727 0.15246714651584625
0 0.5519964098930359 0.5286505222320557 0.07777487486600876 0.15270915627479553
0 0.4869230389595032 0.5454376339912415 0.08251967281103134 0.1525176465511322
0 0.41991961002349854 0.5583869218826294 0.0797913670539856 0.1450331062078476
0 0.35420283675193787 0.5738947987556458 0.07994517683982849 0.1464332640171051
0 0.2875839173793793 0.5903444886207581 0.08190444111824036 0.14691704511642456
0 0.22341378033161163 0.6061895489692688 0.07504646480083466 0.14522366225719452
0 0.1596563458442688 0.6212135553359985 0.08077046275138855 0.14527486264705658
0 0.0924709290266037 0.6370841264724731 0.08221205323934555 0.1497173309326172
0 0.032988909631967545 0.6532920002937317 0.06597781926393509 0.14874963462352753
0 0.5715794563293457 0.7115073204040527 0.07767824083566666 0.1431492269039154
0 0.507255494594574 0.7259522080421448 0.07896500080823898 0.14619120955467224
0 0.4420780837535858 0.7463603019714355 0.08184721320867538 0.15507684648036957
0 0.3755350708961487 0.7635103464126587 0.08169340342283249 0.15367668867111206
0 0.30796512961387634 0.7758805155754089 0.08175064623355865 0.14551697671413422
0 0.24443835020065308 0.7930048108100891 0.07360487431287766 0.1407812386751175
0 0.18075883388519287 0.8087287545204163 0.08144302666187286 0.1427166610956192
0 0.11447560787200928 0.8236573934555054 0.07850358635187149 0.14199084043502808
0 0.04986367002129555 0.8446449637413025 0.08056040108203888 0.15203386545181274
0 0.5917590260505676 0.8906205296516418 0.07381591200828552 0.1340215653181076
0 0.5260422229766846 0.9061284065246582 0.08376605808734894 0.1378406584262848
0 0.4596821665763855 0.9203570485115051 0.07448738813400269 0.13146302103996277
0 0.39419612288475037 0.9363332390785217 0.08201782405376434 0.12733350694179535
0 0.32788482308387756 0.9449207186698914 0.0767553523182869 0.11015858501195908
0 0.26118895411491394 0.952082633972168 0.08278684318065643 0.09583470225334167
0 0.19596180319786072 0.9606704711914062 0.07381591200828552 0.07865907996892929
0 0.1314559131860733 0.9695698022842407 0.08134537190198898 0.060860417783260345
0 0.06607595831155777 0.9780367612838745 0.07402586936950684 0.04392646998167038
0 0.6213898062705994 0.034487806260585785 0.05944440886378288 0.06897561252117157
0 0.6415486931800842 0.18508809804916382 0.057160746306180954 0.12990900874137878
0 0.6624765992164612 0.36185935139656067 0.060253873467445374 0.13203492760658264
0 0.6805421710014343 0.5400574207305908 0.06350080668926239 0.13556097447872162
0 0.7007207274436951 0.7191709280014038 0.05602772533893585 0.1282670944929123
0 0.7226643562316895 0.8777137994766235 0.05661941319704056 0.09026862680912018
