1 0.36049720644950867 0.4659936726093292 0.05596252903342247 0.1431512087583542
0 0.3195950388908386 0.4705082178115845 0.035188399255275726 0.1397532820701599
0 0.4040848910808563 0.45450329780578613 0.034519050270318985 0.1233694776892662
0 0.22368460893630981 0.4008514881134033 0.05892084538936615 0.1434236466884613
0 0.2790710926055908 0.3994882106781006 0.06256269663572311 0.13633930683135986
0 0.36024367809295654 0.3628590703010559 0.110492043197155 0.08288488537073135
0 0.4424617886543274 0.3881774842739105 0.05929912254214287 0.12861992418766022
0 0.4951394200325012 0.3810826241970062 0.056522369384765625 0.13281585276126862
0 0.5498514771461487 0.37529614567756653 0.0633658766746521 0.13196159899234772
0 0.6047754883766174 0.37472283840179443 0.05819064378738403 0.12554967403411865
0 0.6584703326225281 0.368282675743103 0.06114989519119263 0.12582223117351532
0 0.7125961780548096 0.3603070378303528 0.057448308914899826 0.13141657412052155
0 0.766443133354187 0.3575897514820099 0.06059011444449425 0.13615761697292328
0 0.8134465217590332 0.3569985628128052 0.04351779818534851 0.12716642022132874
0 0.8798843026161194 0.3232213258743286 0.09945996850728989 0.07741718739271164
0 0.8547320365905762 0.38608697056770325 0.039731867611408234 0.05856107175350189
1 0.9036948680877686 0.4092355966567993 0.058994948863983154 0.12117313593626022
0 0.24501749873161316 0.15967993438243866 0.061048608273267746 0.31574442982673645
0 0.319577693939209 0.15773941576480865 0.06813550740480423 0.3154788315296173
0 0.3953123688697815 0.14907506108283997 0.06968215107917786 0.29815012216567993
0 0.470365434885025 0.14808382093906403 0.0797274261713028 0.29616764187812805
0 0.5414115786552429 0.1455128937959671 0.07781575620174408 0.2910257875919342
0 0.6166847348213196 0.13754689693450928 0.07646490633487701 0.27509379386901855
0 0.6937641501426697 0.14950695633888245 0.07083828747272491 0.2990139126777649
0 0.7680809497833252 0.1423763632774353 0.07151974737644196 0.2847527265548706
