0 0.7393620014190674 0.23076899349689484 0.2695040702819824 0.05917200446128845
0 0.73847496509552 0.3786979913711548 0.2783690094947815 0.05621302127838135
0 0.7491129636764526 0.5258880257606506 0.2783690094947815 0.06065097451210022
0 0.75 0.6826919913291931 0.29078006744384766 0.06065094470977783
0 0.75 0.6627219915390015 0.170212984085083 0.08875703811645508
5 0.12943297624588013 0.8868340253829956 0.25886499881744385 0.09615397453308105
0 0.28280097246170044 0.36168599128723145 0.08687901496887207 0.1346150040626526
0 0.2783690094947815 0.48076900839805603 0.0851060152053833 0.1301780343055725
0 0.2730500102043152 0.5954139828681946 0.09929096698760986 0.13461506366729736
0 0.27482300996780396 0.6960060000419617 0.09219896793365479 0.11094701290130615
0 0.4033690094947815 0.6886090040206909 0.08687901496887207 0.08136105537414551
0 0.4884750247001648 0.6841719746589661 0.03014194965362549 0.08136105537414551
0 0.40602797269821167 0.5606510043144226 0.08156001567840576 0.07396399974822998
0 0.40780097246170044 0.4452660083770752 0.08156001567840576 0.06804698705673218
0 0.40602797269821167 0.32470399141311646 0.07092201709747314 0.06656801700592041
