0 0.016902213916182518 0.5202862620353699 0.033804427832365036 0.4574110507965088
0 0.09009738266468048 0.49179455637931824 0.18019476532936096 0.4448285400867462
0 0.21740801632404327 0.47139349579811096 0.15586130321025848 0.4084201455116272
0 0.32027044892311096 0.4451291263103485 0.1419132798910141 0.3700166344642639
0 0.4114941656589508 0.4262746572494507 0.11914798617362976 0.3411771059036255
0 0.49494901299476624 0.3977563977241516 0.1163751631975174 0.32444509863853455
0 0.5748537182807922 0.38931089639663696 0.10403016954660416 0.30103105306625366
0 0.647520124912262 0.3664618730545044 0.10189749300479889 0.29029521346092224
0 0.7166027426719666 0.35369861125946045 0.0926956906914711 0.27786099910736084
0 0.7873293161392212 0.3320845663547516 0.10486384481191635 0.27202317118644714
0 0.8585606217384338 0.31034815311431885 0.09370621293783188 0.27810391783714294
0 0.9293671250343323 0.28948360681533813 0.10401423275470734 0.27327921986579895
