0 0.3134474754333496 0.18074552714824677 0.10203532129526138 0.08168277144432068
0 0.39435598254203796 0.18085788190364838 0.07091280817985535 0.08268839120864868
0 0.39754530787467957 0.2959880530834198 0.07209466397762299 0.16252391040325165
0 0.4013073146343231 0.3996823728084564 0.06295420229434967 0.04588955268263817
0 0.18299804627895355 0.5946311950683594 0.06474384665489197 0.1667817085981369
0 0.24461877346038818 0.5955329537391663 0.0663292333483696 0.17368552088737488
0 0.31360819935798645 0.592709481716156 0.06187799945473671 0.1735033541917801
0 0.375920832157135 0.5901592373847961 0.05891091376543045 0.17338192462921143
0 0.4471685290336609 0.5895254611968994 0.06187799945473671 0.1735033541917801
0 0.509430468082428 0.583553671836853 0.06487889587879181 0.17590652406215668
0 0.5791952610015869 0.5829805731773376 0.06487886607646942 0.17590652406215668
0 0.6414740681648254 0.578149676322937 0.06184423714876175 0.17122262716293335
0 0.7119802832603455 0.577546238899231 0.0693301185965538 0.17608870565891266
0 0.7735007405281067 0.5716047883033752 0.06787984073162079 0.1783086508512497
0 0.8358133435249329 0.5690545439720154 0.058978453278541565 0.1779443621635437
0 0.8906739354133606 0.5645272135734558 0.05594382435083389 0.17326050996780396
4 0.9527839422225952 0.5482908487319946 0.027013352140784264 0.222228541970253
4 0.6821098327636719 0.7659245133399963 0.027248132973909378 0.13789235055446625
4 0.7883080244064331 0.769565999507904 0.0375322550535202 0.13147419691085815
3 0.222696453332901 0.31797900795936584 0.28624412417411804 0.20548202097415924
