0 0.6297165751457214 0.11750690639019012 0.08931821584701538 0.1273621767759323
0 0.548089861869812 0.09652994573116302 0.07998727262020111 0.12567152082920074
0 0.6178874969482422 0.2352432757616043 0.08128753304481506 0.13041454553604126
0 0.5375372171401978 0.2160441279411316 0.07426522672176361 0.1231326088309288
0 0.6072975993156433 0.3493357002735138 0.08173094689846039 0.1244853213429451
0 0.528408408164978 0.32962802052497864 0.0823436751961708 0.13210906088352203
0 0.5955298542976379 0.4663088619709015 0.0894884318113327 0.14091534912586212
0 0.5161505341529846 0.4527006149291992 0.07954393327236176 0.13160178065299988
0 0.5878382921218872 0.5855681300163269 0.08266358822584152 0.12465431541204453
0 0.5066540837287903 0.5708585381507874 0.07333264499902725 0.12296366691589355
0 0.576941967010498 0.7034724354743958 0.0839647501707077 0.129397451877594
0 0.4950089156627655 0.6863073706626892 0.07750844210386276 0.11771070957183838
0 0.5635905861854553 0.8224795460700989 0.08595345914363861 0.1312599629163742
0 0.48610129952430725 0.803025484085083 0.08303119987249374 0.12922830879688263
0 0.5536278486251831 0.9370378851890564 0.08700954169034958 0.125924214720726
0 0.47518110275268555 0.9271137118339539 0.08664198219776154 0.12838047742843628
0 0.5492115616798401 0.9975144863128662 0.08581236749887466 0.004971069283783436
0 0.4665287733078003 0.9891436696052551 0.08718845993280411 0.021712660789489746
0 0.4585311710834503 0.0741158127784729 0.10007388889789581 0.13532158732414246
0 0.36913245916366577 0.06040132790803909 0.09783905744552612 0.12080265581607819
0 0.2813548743724823 0.053047869354486465 0.09422919154167175 0.10609573870897293
0 0.1978984922170639 0.04484632983803749 0.09690647572278976 0.08969265967607498
0 0.10218987613916397 0.03774655982851982 0.11475919932126999 0.07549311965703964
0 0.44828489422798157 0.1898180991411209 0.09771645814180374 0.12888382375240326
0 0.36066824197769165 0.17858368158340454 0.09540790319442749 0.13447615504264832
0 0.2729519009590149 0.16269055008888245 0.09565293043851852 0.1375248283147812
0 0.18760554492473602 0.15264077484607697 0.09504028409719467 0.12990210950374603
0 0.09238707274198532 0.12997440993785858 0.11475919932126999 0.1349770724773407
0 0.4390709698200226 0.3103480935096741 0.10051625221967697 0.1293911188840866
0 0.3496110439300537 0.2925914525985718 0.09378673881292343 0.1371867060661316
0 0.26491567492485046 0.2803398072719574 0.09000667929649353 0.12448262423276901
0 0.1782928854227066 0.26851221919059753 0.09479517489671707 0.1268523931503296
0 0.08124562352895737 0.25092843174934387 0.11159177869558334 0.12989574670791626
0 0.42783084511756897 0.42664358019828796 0.09666136652231216 0.12719054520130157
0 0.3405205309391022 0.41159728169441223 0.09658551216125488 0.13769380748271942
0 0.25389769673347473 0.39976966381073 0.09204306453466415 0.13837288320064545
0 0.168980211019516 0.3843836486339569 0.09764162451028824 0.13938727974891663
0 0.07373788952827454 0.36790016293525696 0.11593688279390335 0.13819575309753418
0 0.4187404215335846 0.5456483364105225 0.09734892100095749 0.12431079894304276
0 0.33108535408973694 0.5289930701255798 0.09560524672269821 0.1254970133304596
0 0.2444625049829483 0.51716548204422 0.09690647572278976 0.13024026155471802
0 0.1583673655986786 0.504659116268158 0.0952853113412857 0.1329507827758789
0 0.06377515941858292 0.48597362637519836 0.11463668197393417 0.13345275819301605
0 0.408654123544693 0.6652470231056213 0.09751911461353302 0.1378629058599472
0 0.31988266110420227 0.6507092714309692 0.09776422381401062 0.14091263711452484
0 0.23480509221553802 0.6314278841018677 0.09508693963289261 0.1419297307729721
0 0.1467825025320053 0.6193456053733826 0.09609537571668625 0.13159537315368652
0 0.05430670455098152 0.6069276928901672 0.10861340910196304 0.13446974754333496
0 0.3990350663661957 0.7849303483963013 0.10225993394851685 0.12820494174957275
0 0.3098585903644562 0.7695459127426147 0.09609537571668625 0.13159537315368652
0 0.2240084558725357 0.7539909482002258 0.09609537571668625 0.13159537315368652
0 0.13629214465618134 0.7380977869033813 0.09536013752222061 0.12244727462530136
0 0.049711648374795914 0.7250856161117554 0.09942329674959183 0.1420924812555313
0 0.38791754841804504 0.8997004628181458 0.10262754559516907 0.13277892768383026
0 0.29908475279808044 0.8859258890151978 0.0952853113412857 0.1329507827758789
0 0.2127683460712433 0.8702864050865173 0.09597287327051163 0.13007113337516785
0 0.12527328729629517 0.857526421546936 0.09577544033527374 0.13904914259910583
0 0.0436553917825222 0.8414666652679443 0.0873107835650444 0.14311055839061737
0 0.3788124918937683 0.9767940044403076 0.10147802531719208 0.04641200602054596
0 0.28929126262664795 0.9682540893554688 0.09413480758666992 0.06349184364080429
0 0.202852264046669 0.9620857238769531 0.09109097719192505 0.07582860440015793
0 0.11616823077201843 0.9587132334709167 0.09315450489521027 0.0825735330581665
0 0.03751484304666519 0.9480209946632385 0.07502968609333038 0.0970330461859703
