0 0.24435997009277344 0.09073910117149353 0.12290415167808533 0.1250229775905609
0 0.3620694875717163 0.06245147064328194 0.14103053510189056 0.12490294128656387
0 0.4926204979419708 0.04615390673279762 0.14327137172222137 0.09230781346559525
0 0.6120445728302002 0.02754647098481655 0.1213662400841713 0.0550929419696331
0 0.2585843503475189 0.22044490277767181 0.12696868181228638 0.19637832045555115
0 0.3776232898235321 0.1877937614917755 0.15153168141841888 0.20311570167541504
0 0.5086801052093506 0.1495942920446396 0.15135584771633148 0.20166227221488953
0 0.6286632418632507 0.11668416112661362 0.12868233025074005 0.19544316828250885
0 0.27463269233703613 0.35715651512145996 0.1224207952618599 0.13612909615039825
0 0.3950001001358032 0.3233906924724579 0.14432595670223236 0.14354263246059418
0 0.5261784791946411 0.2821556329727173 0.1440407633781433 0.1336299479007721
0 0.6459531784057617 0.25155460834503174 0.11800551414489746 0.12227510660886765
0 0.6682947874069214 0.44433698058128357 0.13017478585243225 0.2984028160572052
0 0.6034039855003357 0.4606342613697052 0.06687602400779724 0.28104063868522644
0 0.29476627707481384 0.543789803981781 0.13136117160320282 0.2931094467639923
0 0.36751288175582886 0.5238361954689026 0.06382280588150024 0.26334571838378906
0 0.45603346824645996 0.5213228464126587 0.08372826129198074 0.2617814838886261
0 0.5184748768806458 0.5049461126327515 0.08060869574546814 0.2510923445224762
