0 0.9118593335151672 0.21904051303863525 0.08503551781177521 0.2547184228897095
0 0.8445469737052917 0.15851296484470367 0.05805758014321327 0.11442679166793823
1 0.8663533329963684 0.28725337982177734 0.07016197592020035 0.1580415815114975
0 0.7989221811294556 0.24869747459888458 0.10012427717447281 0.2768341600894928
0 0.7311656475067139 0.26977959275245667 0.097539022564888 0.2717159390449524
0 0.6658966541290283 0.290783554315567 0.10791487991809845 0.28656962513923645
0 0.5975680351257324 0.308147668838501 0.10221833735704422 0.2845996916294098
1 0.5406175255775452 0.3897172212600708 0.0940595269203186 0.17897945642471313
0 0.5176839232444763 0.2504013776779175 0.09095802158117294 0.1412941962480545
0 0.45483624935150146 0.34889137744903564 0.12038464099168777 0.30918779969215393
0 0.3798106908798218 0.3779693841934204 0.11989251524209976 0.3118347227573395
