0 0.6108580827713013 0.32868248224258423 0.1320837289094925 0.10210045427083969
0 0.49989891052246094 0.296535849571228 0.1469288021326065 0.12129483371973038
0 0.3761870861053467 0.25006192922592163 0.16796846687793732 0.12352374196052551
0 0.5931602716445923 0.41393551230430603 0.1382090449333191 0.10627329349517822
0 0.47603994607925415 0.37372177839279175 0.1443336308002472 0.11044709384441376
0 0.3431761562824249 0.3429618179798126 0.15571852028369904 0.11517715454101562
0 0.5697683691978455 0.5004400014877319 0.13467884063720703 0.1129482164978981
0 0.45398131012916565 0.46592825651168823 0.14519859850406647 0.11406265944242477
0 0.32331445813179016 0.43725574016571045 0.15924865007400513 0.10850223153829575
0 0.5472424030303955 0.5833289623260498 0.13474898040294647 0.09181000292301178
0 0.4314901828765869 0.5599426031112671 0.14519858360290527 0.11406262964010239
0 0.3038855791091919 0.5297408699989319 0.17762331664562225 0.12102266401052475
0 0.532606840133667 0.6670528054237366 0.13474898040294647 0.09181000292301178
0 0.4115939438343048 0.6431101560592651 0.1400083601474762 0.09236717224121094
0 0.2765674889087677 0.6213902235031128 0.16277822852134705 0.10182822495698929
