2 0.5242124199867249 0.6495245099067688 0.10149549692869186 0.20195618271827698
2 0.6490341424942017 0.7227108478546143 0.07629327476024628 0.23011018335819244
0 0.7646836638450623 0.24372799694538116 0.11131344735622406 0.33802685141563416
0 0.8733025789260864 0.23223960399627686 0.11029025912284851 0.3365804851055145
0 0.9591227173805237 0.22394099831581116 0.04351210594177246 0.3222086727619171
0 0.7731793522834778 0.7167848348617554 0.11671570688486099 0.4529169797897339
0 0.8942718505859375 0.7075027227401733 0.1125355213880539 0.4429317116737366
0 0.4217619001865387 0.7412633895874023 0.09664586931467056 0.4421732425689697
0 0.5369105935096741 0.7329651713371277 0.09267248213291168 0.44198355078697205
0 0.6506126523017883 0.7268375754356384 0.09971325099468231 0.44651326537132263
0 0.41825589537620544 0.2455558031797409 0.0861230120062828 0.41371238231658936
0 0.5248443484306335 0.23206380009651184 0.09669316560029984 0.39744067192077637
0 0.6415261626243591 0.22579294443130493 0.11156060546636581 0.39675280451774597
0 0.3156704604625702 0.2602580785751343 0.08699745684862137 0.40816205739974976
0 0.22509188950061798 0.27859020233154297 0.12789534032344818 0.41850143671035767
0 0.12861275672912598 0.3000047504901886 0.1267835795879364 0.4128572642803192
0 0.04897467419505119 0.3178260922431946 0.09794934839010239 0.41430363059043884
0 0.306924432516098 0.7642544507980347 0.09480640292167664 0.4490751624107361
0 0.21917694807052612 0.7754477262496948 0.13534878194332123 0.44262319803237915
0 0.11707301437854767 0.7851542234420776 0.13128775358200073 0.42969149351119995
0 0.039728954434394836 0.7988144159317017 0.07945790886878967 0.4023711681365967
