0 0.90999436378479 0.11195221543312073 0.18001127243041992 0.17289789021015167
0 0.6797780990600586 0.08512872457504272 0.3545631170272827 0.17025744915008545
0 0.3513486981391907 0.06989306956529617 0.3562961220741272 0.13978613913059235
0 0.15260891616344452 0.0537983737885952 0.1235538199543953 0.1075967475771904
0 0.8902684450149536 0.2548142671585083 0.21946315467357635 0.17668314278125763
0 0.6394459009170532 0.2258491814136505 0.3620159327983856 0.18430592119693756
0 0.3144741356372833 0.1975635588169098 0.3614492416381836 0.17493082582950592
0 0.11190301179885864 0.1768704056739807 0.11721395701169968 0.1499815583229065
0 0.8653793931007385 0.4041140675544739 0.2692411541938782 0.18074993789196014
0 0.6000993251800537 0.3737945258617401 0.36222466826438904 0.17792139947414398
0 0.2825939357280731 0.34136053919792175 0.34785810112953186 0.17645381391048431
0 0.08136823773384094 0.3192693889141083 0.12966549396514893 0.15125349164009094
0 0.8450195789337158 0.5508135557174683 0.30996084213256836 0.17924875020980835
0 0.5605567693710327 0.5168077349662781 0.36395779252052307 0.18100979924201965
0 0.24195168912410736 0.48671746253967285 0.3473926782608032 0.17465905845165253
0 0.05266295745968819 0.46567100286483765 0.10532591491937637 0.15095995366573334
0 0.8252924084663391 0.6939746141433716 0.34630706906318665 0.170472651720047
0 0.5259581804275513 0.6597121953964233 0.35963428020477295 0.18231534957885742
0 0.20528285205364227 0.630024254322052 0.3523366153240204 0.1757461428642273
0 0.029106082394719124 0.6123281121253967 0.05821216478943825 0.15476685762405396
0 0.793904721736908 0.8396631479263306 0.334631085395813 0.1721913069486618
0 0.48463183641433716 0.8096045255661011 0.3647332787513733 0.18400037288665771
0 0.17052067816257477 0.7774759531021118 0.34104135632514954 0.181728333234787
0 0.012965242378413677 0.7564284205436707 0.025930484756827354 0.15704986453056335
0 0.7672941088676453 0.9479098916053772 0.3143313229084015 0.10418025404214859
0 0.45213261246681213 0.9235586524009705 0.34736135601997375 0.11700738221406937
0 0.15128736197948456 0.8917779922485352 0.3025747239589691 0.11462559551000595
