0 0.06835900247097015 0.19970601797103882 0.13476601243019104 0.3406749963760376
0 0.21386699378490448 0.19823800027370453 0.1640619933605194 0.3436119854450226
0 0.3720700144767761 0.19970600306987762 0.1523439884185791 0.3436119854450226
0 0.5292969942092896 0.19823800027370453 0.1601560115814209 0.34654900431632996
0 0.6879879832267761 0.19970600306987762 0.1572270393371582 0.3436119854450226
0 0.8447269797325134 0.19823801517486572 0.15625 0.3406749963760376
0 0.9614260196685791 0.19823801517486572 0.0771479606628418 0.3406749963760376
0 0.06933599710464478 0.44640201330184937 0.1367189884185791 0.1497800350189209
0 0.21582001447677612 0.44419997930526733 0.15820302069187164 0.14831098914146423
0 0.375 0.44419997930526733 0.15625 0.14831098914146423
0 0.5302730202674866 0.4456680119037628 0.15429699420928955 0.14537400007247925
0 0.6884769797325134 0.44640201330184937 0.15625 0.14390599727630615
0 0.8447269797325134 0.443464994430542 0.15820300579071045 0.1497800350189209
0 0.9624019861221313 0.42070499062538147 0.07519495487213135 0.10719501972198486
