0 0.12144903838634491 0.3593541383743286 0.12347883731126785 0.3063901662826538
0 0.2440318763256073 0.37683913111686707 0.15897530317306519 0.30976754426956177
0 0.3804706931114197 0.39771002531051636 0.14962635934352875 0.31290027499198914
0 0.5125360488891602 0.4187317192554474 0.1502295285463333 0.3071039319038391
0 0.6415494084358215 0.43410593271255493 0.14226549863815308 0.301607221364975
0 0.7748911380767822 0.45007213950157166 0.15888558328151703 0.3082858622074127
0 0.8997883200645447 0.4693670868873596 0.12645433843135834 0.308266818523407
0 0.8893829584121704 0.66518235206604 0.11172041296958923 0.1122545450925827
0 0.7643063068389893 0.6488507390022278 0.15010155737400055 0.11602582782506943
0 0.6306316256523132 0.6223795413970947 0.12891757488250732 0.09696675091981888
0 0.5021437406539917 0.606330156326294 0.13739396631717682 0.09518428891897202
0 0.3705131411552429 0.586114764213562 0.13520029187202454 0.09047650545835495
0 0.23239505290985107 0.5769680738449097 0.14598536491394043 0.11105458438396454
0 0.10976733267307281 0.5602238774299622 0.11039917171001434 0.10619547218084335
