0 0.5437633991241455 0.2697097957134247 0.21110165119171143 0.2149236500263214
0 0.7119935154914856 0.32792407274246216 0.10305546969175339 0.1694815456867218
0 0.8167293667793274 0.3707534968852997 0.10270531475543976 0.18392570316791534
0 0.9284787178039551 0.4131324887275696 0.09966713935136795 0.18150895833969116
0 0.9041410088539124 0.5596176385879517 0.09818419814109802 0.16110806167125702
0 0.8829600214958191 0.689410924911499 0.09710738062858582 0.14880074560642242
0 0.7922587394714355 0.5149631500244141 0.10005999356508255 0.16178201138973236
0 0.7715672850608826 0.6479036211967468 0.0965750440955162 0.1565561145544052
0 0.6838699579238892 0.5012732744216919 0.09240508824586868 0.11929558962583542
0 0.6660477519035339 0.609991729259491 0.09616902470588684 0.14846359193325043
0 0.5644418597221375 0.44796597957611084 0.10195401310920715 0.10153401643037796
0 0.46914857625961304 0.417441189289093 0.10262558609247208 0.1057482361793518
1 0.5330184698104858 0.5517976880073547 0.08711076527833939 0.16375282406806946
0 0.3765619099140167 0.20815110206604004 0.10180956870317459 0.17830491065979004
0 0.26791414618492126 0.17431436479091644 0.0987287238240242 0.18117175996303558
0 0.2437794804573059 0.316415935754776 0.10050790011882782 0.1645924597978592
0 0.22369062900543213 0.451800674200058 0.09500761330127716 0.14672106504440308
0 0.34515658020973206 0.3803201913833618 0.09173337370157242 0.11508045345544815
0 0.32675376534461975 0.4895726442337036 0.09898323565721512 0.14947471022605896
0 0.1532386690378189 0.1316266506910324 0.10056278854608536 0.18712882697582245
0 0.1312672197818756 0.2819333076477051 0.09675630927085876 0.1632445603609085
0 0.11261855065822601 0.38961225748062134 0.08927028626203537 0.09962551295757294
4 0.9525519609451294 0.5672204494476318 0.0948961079120636 0.4503763020038605
4 0.8522944450378418 0.5209359526634216 0.11251761019229889 0.4563339352607727
4 0.7439389824867249 0.47903379797935486 0.09812799096107483 0.43262019753456116
4 0.636207640171051 0.4425559937953949 0.10724129527807236 0.4398682713508606
4 0.4106508791446686 0.3644864559173584 0.11331643164157867 0.44469958543777466
4 0.2982078492641449 0.3233444392681122 0.09808529168367386 0.43790292739868164
4 0.18962925672531128 0.2828482985496521 0.09665724635124207 0.44003844261169434
4 0.07906294614076614 0.2423805594444275 0.09598561376333237 0.4358242154121399
0 0.9591389298439026 0.20887403190135956 0.08172208815813065 0.09333166480064392
0 0.8472093939781189 0.16705839335918427 0.08815070986747742 0.09260088205337524
0 0.7446151375770569 0.12945391237735748 0.08511253446340561 0.09018410742282867
0 0.6297156810760498 0.08817189931869507 0.08417417854070663 0.08984696120023727
0 0.5220962762832642 0.050991710275411606 0.08743622899055481 0.09366847574710846
0 0.40811342000961304 0.025545990094542503 0.0865405723452568 0.05109198018908501
0 0.3007180392742157 0.006337346043437719 0.08747898787260056 0.012674692086875439
