0 0.25073403120040894 0.4082549512386322 0.0773068442940712 0.19952397048473358
0 0.31225287914276123 0.4236263036727905 0.07714785635471344 0.19801345467567444
0 0.38909170031547546 0.44340798258781433 0.07746582478284836 0.20103441178798676
0 0.4498862028121948 0.45628419518470764 0.072980135679245 0.19407811760902405
0 0.5303322672843933 0.4745984971523285 0.07441907376050949 0.1988387554883957
0 0.5906506180763245 0.4920083284378052 0.0750550925731659 0.20488156378269196
0 0.6698119640350342 0.5084685683250427 0.07009248435497284 0.19339293241500854
0 0.7303678393363953 0.5236114263534546 0.07217628508806229 0.19536006450653076
0 0.43848612904548645 0.2646663784980774 0.1301429122686386 0.1487213522195816
0 0.578764796257019 0.2956286072731018 0.13062775135040283 0.1444171965122223
0 0.8211172223091125 0.5846316814422607 0.06020829826593399 0.1262352019548416
0 0.2630752921104431 0.5768702030181885 0.13002526760101318 0.10303068161010742
0 0.40471428632736206 0.6042848229408264 0.1348378211259842 0.10417261719703674
0 0.5445148944854736 0.6397792100906372 0.13371685147285461 0.10243289917707443
0 0.6850369572639465 0.6731225252151489 0.12184885144233704 0.09667129814624786
