0 0.8456618785858154 0.07640361785888672 0.10173119604587555 0.10386133939027786
0 0.71604323387146 0.04441046714782715 0.10235585272312164 0.0888209342956543
0 0.830692708492279 0.2214406281709671 0.09870538115501404 0.09310124814510345
0 0.6998725533485413 0.1897771656513214 0.10297948122024536 0.098450668156147
0 0.8137367367744446 0.37127071619033813 0.0980808287858963 0.09580697119235992
0 0.6840259432792664 0.3383723497390747 0.10392732918262482 0.09868552535772324
0 0.7970221638679504 0.5188958644866943 0.10108482837677002 0.09798113256692886
0 0.6695995926856995 0.4873194694519043 0.09824238717556 0.09727674722671509
0 0.7815682291984558 0.6683433055877686 0.10568206012248993 0.10627015680074692
0 0.649628221988678 0.6424427032470703 0.1004612073302269 0.10068710893392563
0 0.7650048732757568 0.8190255761146545 0.1048741340637207 0.09892015159130096
0 0.6344975233078003 0.7889494895935059 0.10219413042068481 0.09968581795692444
0 0.7501051425933838 0.9577862620353699 0.10457362979650497 0.08442742377519608
0 0.6176213026046753 0.9380444884300232 0.10616685450077057 0.110680490732193
0 0.44405224919319153 0.014630215242505074 0.10568206012248993 0.029260430485010147
0 0.42797359824180603 0.1223982647061348 0.095077745616436 0.0936330184340477
0 0.29313305020332336 0.0874737948179245 0.09824232757091522 0.0972767323255539
0 0.4087294042110443 0.2709064185619354 0.10535893589258194 0.10333054512739182
0 0.280832439661026 0.23921243846416473 0.10914916545152664 0.10426980257034302
0 0.39476606249809265 0.42449885606765747 0.10817956924438477 0.0954490378499031
0 0.26253601908683777 0.3879554867744446 0.1048741415143013 0.09892018139362335
0 0.35896992683410645 0.7191615104675293 0.10029958933591843 0.09921633452177048
0 0.22862409055233002 0.6876156330108643 0.09951341152191162 0.1004522442817688
0 0.3436662256717682 0.8716658353805542 0.10552049428224564 0.10480032116174698
0 0.2123725563287735 0.8398860692977905 0.09780208021402359 0.11003847420215607
