0 0.8469839096069336 0.21014170348644257 0.29649171233177185 0.42028340697288513
0 0.5766323804855347 0.2810385823249817 0.33720701932907104 0.43826383352279663
0 0.28385311365127563 0.36797523498535156 0.33718013763427734 0.4450698494911194
0 0.8170191645622253 0.029537945985794067 0.2634800672531128 0.059075891971588135
0 0.5461851358413696 0.07329193502664566 0.30698204040527344 0.14658387005329132
0 0.25509798526763916 0.13331356644630432 0.3043506145477295 0.19709739089012146
0 0.8723313808441162 0.5623951554298401 0.25533729791641235 0.4319843053817749
0 0.6216979622840881 0.642380952835083 0.3354869484901428 0.44594237208366394
0 0.3304286301136017 0.7259435057640076 0.3403581380844116 0.4487147331237793
0 0.12112314999103546 0.7850507497787476 0.17119473218917847 0.3970318138599396
0 0.8967916369438171 0.8096889853477478 0.20641666650772095 0.21036207675933838
0 0.6542540788650513 0.8873712420463562 0.31437769532203674 0.22525757551193237
0 0.3620344400405884 0.9326763153076172 0.31177330017089844 0.13464735448360443
0 0.15478640794754028 0.974743664264679 0.1448492705821991 0.05051262676715851
