0 0.6001661419868469 0.01325218565762043 0.2216210961341858 0.02650437131524086
0 0.6312286853790283 0.14164431393146515 0.23999035358428955 0.11932649463415146
0 0.6653612852096558 0.3132305443286896 0.3016532063484192 0.12656205892562866
0 0.699184000492096 0.4903865456581116 0.31594547629356384 0.129609614610672
0 0.7362061738967896 0.6764987111091614 0.31073421239852905 0.1309318244457245
0 0.7745700478553772 0.8551011085510254 0.31522300839424133 0.1259777992963791
0 0.3124966025352478 0.02981690876185894 0.23142556846141815 0.05963381752371788
0 0.33834800124168396 0.17308050394058228 0.23235391080379486 0.12221923470497131
0 0.36285659670829773 0.339051216840744 0.17033089697360992 0.11316785961389542
0 0.3195641040802002 0.5276445746421814 0.3180096745491028 0.12622416019439697
0 0.3593718707561493 0.7135105133056641 0.3246663808822632 0.13216356933116913
0 0.3991290330886841 0.8919897079467773 0.3145005702972412 0.12234609574079514
0 0.05061042308807373 0.05053587630391121 0.10122084617614746 0.0964612141251564
0 0.05649248883128166 0.13509123027324677 0.11298497766256332 0.10116874426603317
0 0.068618543446064 0.21552114188671112 0.137237086892128 0.10009198635816574
0 0.07081124931573868 0.2947520613670349 0.14162249863147736 0.09679898619651794
0 0.06936623901128769 0.38119974732398987 0.13873247802257538 0.09193549305200577
0 0.07470662891864777 0.4613376259803772 0.14941325783729553 0.09507457166910172
0 0.08755486458539963 0.5427986979484558 0.17510972917079926 0.10695422440767288
0 0.09550102800130844 0.6272298693656921 0.19100205600261688 0.09787483513355255
0 0.09962861239910126 0.7120316028594971 0.19925722479820251 0.09532088041305542
0 0.11156349629163742 0.7862301468849182 0.21057850122451782 0.09532088041305542
0 0.12799765169620514 0.8688454627990723 0.2179577499628067 0.10489198565483093
0 0.14110329747200012 0.9489833116531372 0.21093952655792236 0.09713573008775711
