0 0.6412039995193481 0.38445401191711426 0.0638890266418457 0.09943997859954834
0 0.5874999761581421 0.39775899052619934 0.050926029682159424 0.10364097356796265
0 0.5259259939193726 0.41806700825691223 0.06481504440307617 0.1050419807434082
0 0.6000000238418579 0.5434169769287109 0.05555599927902222 0.10364103317260742
0 0.555092990398407 0.5525209903717041 0.03425896167755127 0.1050419807434082
0 0.5138890147209167 0.5637249946594238 0.046296000480651855 0.1050419807434082
0 0.7157410383224487 0.6890760064125061 0.059258997440338135 0.09803903102874756
0 0.6625000238418579 0.6967790126800537 0.052778005599975586 0.09103596210479736
0 0.6111109852790833 0.6988800168037415 0.05185198783874512 0.08683502674102783
0 0.5523149967193604 0.7051820158958435 0.062036991119384766 0.07703101634979248
