2 0.5751950144767761 0.5014659762382507 0.09570300579071045 0.3929619789123535
0 0.8613280057907104 0.0762460008263588 0.27539098262786865 0.12023501098155975
0 0.8637700080871582 0.2118769884109497 0.2705079913139343 0.12170098721981049
0 0.8691409826278687 0.3519060015678406 0.2597660422325134 0.13196498155593872
0 0.87158203125 0.5513200163841248 0.2548829913139343 0.2316720187664032
0 0.53466796875 0.08284500241279602 0.3193359971046448 0.13343101739883423
0 0.5322270393371582 0.21847499907016754 0.335938036441803 0.14076200127601624
0 0.5258790254592896 0.3511730134487152 0.3525390028953552 0.13636398315429688
0 0.6162109971046448 0.5425220131874084 0.18554699420928955 0.2316720187664032
0 0.4409180283546448 0.5425220131874084 0.17480504512786865 0.21114397048950195
0 0.2104489803314209 0.027125999331474304 0.2646479606628418 0.05132000148296356
0 0.20068401098251343 0.10850399732589722 0.28418004512786865 0.13489699363708496
0 0.18457001447677612 0.2302049994468689 0.2851560115814209 0.14369499683380127
0 0.17822301387786865 0.35630500316619873 0.2919919490814209 0.12610000371932983
