0 0.7589839696884155 0.7342860102653503 0.1054689884185791 0.36000001430511475
0 0.6507810354232788 0.7348570227622986 0.09843701124191284 0.3657139539718628
0 0.5269529819488525 0.7360000014305115 0.10078102350234985 0.35885703563690186
0 0.408594012260437 0.7331429719924927 0.10000002384185791 0.35314297676086426
0 0.29257798194885254 0.7297139763832092 0.09921896457672119 0.3622859716415405
0 0.17109400033950806 0.7308570146560669 0.10000002384185791 0.36685705184936523
0 0.04648423194885254 0.7279999852180481 0.09296846389770508 0.3657139539718628
0 0.8828120231628418 0.7319999933242798 0.09062498807907104 0.3577139377593994
0 0.9730470180511475 0.732571005821228 0.05234402418136597 0.3565709590911865
0 0.40937501192092896 0.37085700035095215 0.109375 0.15657103061676025
0 0.9714840054512024 0.3308570086956024 0.0507810115814209 0.2502860426902771
0 0.8937499523162842 0.3348569869995117 0.10624998807907104 0.2514289617538452
