0 0.22055424749851227 0.4642711877822876 0.10596351325511932 0.30331021547317505
0 0.10887383669614792 0.45153531432151794 0.10769179463386536 0.33745142817497253
0 0.3091604709625244 0.4737103283405304 0.07305636256933212 0.2661800682544708
0 0.3047172427177429 0.6669080257415771 0.06991997361183167 0.12980571389198303
0 0.21967265009880066 0.6875138878822327 0.09439793974161148 0.16934901475906372
0 0.10808610171079636 0.7117611765861511 0.11454541236162186 0.18455304205417633
0 0.35625407099723816 0.4803493320941925 0.03862127661705017 0.2445811927318573
0 0.35348811745643616 0.6622534990310669 0.03427921235561371 0.09679437428712845
0 0.508988618850708 0.5363964438438416 0.0307433120906353 0.22999508678913116
4 0.5534812211990356 0.5123252272605896 0.08275969326496124 0.3191687762737274
4 0.5988506078720093 0.5117657780647278 0.029898060485720634 0.23420903086662292
4 0.4348519742488861 0.4935518801212311 0.14051459729671478 0.5349159836769104
