0 0.8004001379013062 0.2586662173271179 0.26295599341392517 0.4506647288799286
0 0.6001225113868713 0.3312065005302429 0.2655728757381439 0.45025959610939026
0 0.3966357707977295 0.4056892991065979 0.26367124915122986 0.44956353306770325
0 0.19754546880722046 0.47933080792427063 0.2567790448665619 0.4456777572631836
0 0.06514512747526169 0.5421827435493469 0.13029025495052338 0.4279841184616089
0 0.8464478850364685 0.5228872299194336 0.2266056388616562 0.22743754088878632
0 0.6433182954788208 0.5964714288711548 0.22969457507133484 0.22993120551109314
0 0.43982747197151184 0.6740272641181946 0.2296873927116394 0.23538066446781158
0 0.23741000890731812 0.7488865852355957 0.2275497317314148 0.2332351952791214
0 0.07479941099882126 0.8101152181625366 0.14959882199764252 0.21101704239845276
