0 0.7727522253990173 0.33293405175209045 0.19927696883678436 0.14941421151161194
0 0.6033228039741516 0.311102956533432 0.15725693106651306 0.14634592831134796
0 0.4541335999965668 0.29175233840942383 0.15879862010478973 0.1444515436887741
0 0.30556926131248474 0.2756572365760803 0.15513569116592407 0.1398366391658783
0 0.15616168081760406 0.2594587206840515 0.16048522293567657 0.14465832710266113
0 0.04491981118917465 0.2447604537010193 0.07967354357242584 0.13683414459228516
0 0.7538416385650635 0.47150030732154846 0.24274477362632751 0.17349089682102203
0 0.5177926421165466 0.4415016174316406 0.2530091404914856 0.17683175206184387
0 0.28827279806137085 0.4154803156852722 0.2293967604637146 0.1739368587732315
0 0.09860403835773468 0.38980770111083984 0.19720807671546936 0.16642719507217407
0 0.7677266597747803 0.5907831788063049 0.21522074937820435 0.11387381702661514
0 0.5778817534446716 0.6183542013168335 0.16622836887836456 0.20368751883506775
0 0.42370519042015076 0.5973331332206726 0.17495109140872955 0.20892271399497986
0 0.2676961123943329 0.5782063603401184 0.18001088500022888 0.20954304933547974
0 0.10134004056453705 0.55670166015625 0.2026800811290741 0.2187078893184662
0 0.9179462194442749 0.6803744435310364 0.1641075164079666 0.15595680475234985
0 0.7482994198799133 0.6381875276565552 0.18998564779758453 0.2086835503578186
0 0.9153794646263123 0.8337330222129822 0.1692410111427307 0.19211642444133759
0 0.7224920392036438 0.8151026964187622 0.23547078669071198 0.1892632693052292
0 0.48405805230140686 0.7826927304267883 0.26399800181388855 0.1906774342060089
0 0.24617768824100494 0.7545874714851379 0.24698717892169952 0.1865094006061554
0 0.0752076730132103 0.7318421602249146 0.1504153460264206 0.1782383769750595
0 0.8985028862953186 0.9524726271629333 0.20299425721168518 0.09505470097064972
0 0.722108006477356 0.9416003823280334 0.17065678536891937 0.11679919809103012
0 0.5609666705131531 0.932518720626831 0.17894484102725983 0.1349625289440155
0 0.39259886741638184 0.92218017578125 0.1783653050661087 0.1556396186351776
0 0.21851836144924164 0.9090295433998108 0.20241230726242065 0.170628622174263
0 0.06485985219478607 0.88353031873703 0.12971970438957214 0.17489653825759888
