0 0.21193762123584747 0.4780200123786926 0.3166932761669159 0.3273621201515198
0 0.09925409406423569 0.14454109966754913 0.08527950942516327 0.13232335448265076
0 0.22217942774295807 0.15387864410877228 0.09118154644966125 0.13270221650600433
0 0.3437331020832062 0.15951155126094818 0.08417163044214249 0.12792819738388062
0 0.5990948677062988 0.17300963401794434 0.08917302638292313 0.13113194704055786
0 0.7225117683410645 0.18237872421741486 0.08827128261327744 0.13395674526691437
0 0.8395349979400635 0.19133839011192322 0.08622145652770996 0.1309424787759781
0 0.5905044674873352 0.5428300499916077 0.08454379439353943 0.3816511929035187
0 0.6672359108924866 0.5477556586265564 0.07872433960437775 0.3841603398323059
0 0.7498694062232971 0.5530601143836975 0.0825764462351799 0.3815248906612396
0 0.8267039656639099 0.5543757081031799 0.08253517746925354 0.38007986545562744
