4 0.4087938070297241 0.5211207270622253 0.06154751405119896 0.21669156849384308
4 0.4380195736885071 0.5587539672851562 0.026967687532305717 0.11892781406641006
4 0.4995041787624359 0.5437666773796082 0.02889690175652504 0.1288740485906601
4 0.5645001530647278 0.5227704048156738 0.029268303886055946 0.12273678183555603
4 0.6284231543540955 0.5012653470039368 0.029052570462226868 0.13048294186592102
4 0.6911965012550354 0.4784490168094635 0.022989211603999138 0.11774387210607529
4 0.7532080411911011 0.45833995938301086 0.02995203249156475 0.11981593817472458
4 0.6343528628349304 0.45151597261428833 0.05218852311372757 0.19984832406044006
0 0.3526834547519684 0.3061651587486267 0.1444164663553238 0.2444756031036377
0 0.47735947370529175 0.26740899682044983 0.13975530862808228 0.24621285498142242
0 0.596535861492157 0.2352534532546997 0.13844887912273407 0.2426997423171997
0 0.718539834022522 0.20060111582279205 0.14572301506996155 0.247988760471344
0 0.8428744077682495 0.16360090672969818 0.1460343897342682 0.25120577216148376
0 0.9475932717323303 0.1324816793203354 0.10481347888708115 0.2517188489437103
0 0.9439178705215454 0.019507046788930893 0.11216425895690918 0.039014093577861786
0 0.8315668106079102 0.03931991383433342 0.13215288519859314 0.07863982766866684
0 0.705662190914154 0.05760782212018967 0.13697072863578796 0.11521564424037933
0 0.580937385559082 0.07939264178276062 0.13022470474243164 0.1277880072593689
0 0.45863980054855347 0.12157785892486572 0.13031922280788422 0.13874995708465576
0 0.342681348323822 0.15525829792022705 0.12519006431102753 0.13566188514232635
