0 0.7763670086860657 0.181085005402565 0.078125 0.1686219871044159
0 0.7749019861221313 0.45014700293540955 0.08105498552322388 0.37243396043777466
0 0.648438036441803 0.1972140073776245 0.08398401737213135 0.18621701002120972
0 0.5629880428314209 0.20014700293540955 0.08691400289535522 0.18035201728343964
0 0.47509801387786865 0.20234599709510803 0.0888669490814209 0.1847509890794754
0 0.3876950144767761 0.20161299407482147 0.0859379768371582 0.18621698021888733
0 0.3110349774360657 0.20161299407482147 0.0673830509185791 0.18621698021888733
0 0.65283203125 0.4457480013370514 0.07519501447677612 0.3079180121421814
0 0.5664060115814209 0.3929620087146759 0.08007800579071045 0.1935480237007141
0 0.5615229606628418 0.5447210073471069 0.0859379768371582 0.11290299892425537
0 0.4736329913139343 0.45014700293540955 0.09570300579071045 0.31084996461868286
0 0.3857420086860657 0.3856300115585327 0.08398401737213135 0.19061601161956787
0 0.3837890028953552 0.5432549715042114 0.08398401737213135 0.11876797676086426
0 0.3090819716453552 0.449413001537323 0.05956995487213135 0.30938398838043213
