0 0.133292 0.070356 0.171464 0.136961
0 0.130788 0.250469 0.171464 0.223265
0 0.297247 0.070356 0.151439 0.136961
0 0.430538 0.071295 0.117647 0.138837
0 0.543805 0.074109 0.103880 0.144465
0 0.675219 0.077861 0.156446 0.151970
0 0.803504 0.082552 0.092616 0.161351
0 0.887359 0.094747 0.082603 0.148218
0 0.291615 0.385553 0.152691 0.497186
0 0.427409 0.386492 0.123905 0.491557
0 0.545056 0.393058 0.108886 0.493433
0 0.673342 0.265478 0.160200 0.238274
0 0.801001 0.392120 0.097622 0.480300
0 0.902378 0.400563 0.122653 0.474672
0 0.979975 0.398687 0.040050 0.470919
0 0.095745 0.505629 0.066333 0.260788
0 0.177096 0.510319 0.063830 0.251407
0 0.637672 0.512195 0.061327 0.240150
0 0.714018 0.512195 0.066333 0.240150
1 0.130788 0.502814 0.178974 0.285178
1 0.673342 0.505629 0.160200 0.275797
4 0.905507 0.409944 0.083855 0.437148
