0 0.062012 0.074671 0.122070 0.146413
0 0.061523 0.223280 0.121094 0.150805
0 0.062500 0.371157 0.123047 0.144949
0 0.251465 0.073939 0.249023 0.144949
0 0.250488 0.221816 0.249023 0.156662
0 0.250488 0.372621 0.252930 0.153734
0 0.500488 0.072474 0.245117 0.142020
0 0.500000 0.215959 0.248047 0.144949
0 0.501953 0.368960 0.250000 0.146413
0 0.746094 0.073206 0.244141 0.143485
0 0.935059 0.076135 0.129883 0.143485
0 0.749023 0.218155 0.240234 0.149341
0 0.934570 0.218155 0.130859 0.149341
0 0.748047 0.367496 0.244141 0.149341
0 0.935059 0.367496 0.129883 0.149341
