0 0.207668 0.383191 0.086262 0.128205
0 0.337859 0.404558 0.049521 0.142450
0 0.459265 0.430199 0.033546 0.125356
0 0.531949 0.435897 0.031949 0.091168
0 0.630192 0.447293 0.059105 0.153846
0 0.583067 0.445869 0.019169 0.139601
0 0.203674 0.596866 0.094249 0.145299
0 0.335463 0.603989 0.054313 0.136752
0 0.456869 0.632479 0.038339 0.125356
0 0.535942 0.633903 0.033546 0.099715
0 0.630192 0.652422 0.062300 0.153846
0 0.583067 0.655271 0.022364 0.136752
0 0.203674 0.809117 0.091054 0.142450
0 0.332268 0.814815 0.051118 0.131054
0 0.456070 0.834758 0.039936 0.108262
0 0.533546 0.841880 0.038339 0.105413
0 0.630990 0.858974 0.063898 0.162393
0 0.586262 0.866097 0.025559 0.142450
0 0.201278 0.978632 0.086262 0.042735
0 0.330671 0.981481 0.060703 0.037037
0 0.750000 0.450142 0.033546 0.153846
0 0.788339 0.460114 0.043131 0.099715
0 0.750000 0.650997 0.033546 0.156695
0 0.789137 0.663818 0.041534 0.085470
0 0.752396 0.856125 0.031949 0.173789
0 0.791534 0.876068 0.043131 0.082621
0 0.867412 0.337607 0.035144 0.173789
0 0.906550 0.339031 0.049521 0.091168
0 0.968051 0.242165 0.035144 0.170940
0 0.969649 0.467236 0.031949 0.170940
0 0.867412 0.552707 0.035144 0.159544
0 0.909744 0.564103 0.049521 0.085470
0 0.871406 0.773504 0.033546 0.162393
0 0.913738 0.783476 0.044728 0.091168
0 0.974441 0.699430 0.031949 0.185185
0 0.870607 0.952991 0.038339 0.094017
0 0.979233 0.913105 0.028754 0.145299
