0 0.393066 0.066716 0.114258 0.130499
0 0.533203 0.065982 0.167969 0.129032
0 0.704102 0.068915 0.171875 0.134897
0 0.866699 0.072581 0.147461 0.142229
0 0.970703 0.069648 0.058594 0.136364
0 0.814941 0.269795 0.045898 0.252199
0 0.970703 0.271994 0.058594 0.262463
0 0.676758 0.269062 0.109375 0.262463
0 0.764160 0.270528 0.061523 0.265396
0 0.586426 0.280059 0.053711 0.258065
0 0.521484 0.281525 0.060547 0.240469
0 0.462891 0.281525 0.056641 0.249267
0 0.402832 0.281525 0.061523 0.260997
4 0.273926 0.206745 0.053711 0.410557
4 0.145996 0.271261 0.081055 0.539589
1 0.887695 0.274194 0.097656 0.258065
