0 0.083784 0.075328 0.164865 0.146288
0 0.255405 0.078603 0.178378 0.152838
0 0.449324 0.077511 0.214865 0.150655
0 0.660135 0.079694 0.209459 0.146288
0 0.852703 0.078603 0.178378 0.148472
0 0.970946 0.077511 0.058108 0.150655
0 0.082432 0.223799 0.162162 0.155022
0 0.252703 0.227074 0.178378 0.148472
0 0.449324 0.221616 0.214865 0.137555
0 0.660811 0.223799 0.208108 0.133188
0 0.854054 0.224891 0.178378 0.135371
0 0.971622 0.222707 0.056757 0.139738
0 0.358108 0.368996 0.181081 0.144105
0 0.554730 0.367904 0.212162 0.146288
0 0.748649 0.366812 0.175676 0.144105
0 0.918243 0.366812 0.163514 0.144105
0 0.356081 0.515284 0.185135 0.148472
0 0.555405 0.518559 0.210811 0.146288
0 0.750000 0.516376 0.178378 0.141921
0 0.919595 0.516376 0.160811 0.141921
0 0.357432 0.660480 0.185135 0.141921
0 0.555405 0.660480 0.210811 0.141921
0 0.750000 0.660480 0.178378 0.141921
0 0.919595 0.660480 0.160811 0.141921
0 0.100676 0.806769 0.198649 0.150655
0 0.306757 0.805677 0.218919 0.144105
0 0.520946 0.805677 0.209459 0.144105
0 0.730405 0.805677 0.209459 0.144105
0 0.917568 0.803493 0.164865 0.148472
0 0.099324 0.939956 0.195946 0.120087
0 0.306081 0.938865 0.214865 0.122271
0 0.522297 0.938865 0.209459 0.122271
0 0.733108 0.937773 0.209459 0.124454
0 0.918919 0.938865 0.162162 0.122271
