0 0.102051 0.114439 0.155273 0.225806
0 0.257324 0.115207 0.155273 0.227343
0 0.413574 0.116743 0.157227 0.230415
0 0.570312 0.116743 0.156250 0.230415
0 0.729004 0.113671 0.159180 0.224270
0 0.863770 0.112903 0.108398 0.222734
0 0.100098 0.350230 0.151367 0.242704
0 0.256348 0.350998 0.161133 0.241167
0 0.413574 0.352535 0.153320 0.244240
0 0.571289 0.357143 0.160156 0.253456
0 0.729492 0.357911 0.158203 0.261137
0 0.863770 0.355607 0.110352 0.265745
0 0.572266 0.543779 0.160156 0.122888
0 0.729492 0.548387 0.156250 0.116743
0 0.861816 0.550691 0.108398 0.121352
0 0.100098 0.542243 0.153320 0.125960
0 0.255859 0.544547 0.158203 0.121352
0 0.412109 0.543779 0.154297 0.119816
