0 0.851351 0.082150 0.200000 0.160243
0 0.711486 0.060852 0.074324 0.117647
0 0.701351 0.193712 0.067568 0.103448
0 0.869595 0.231237 0.147297 0.101420
0 0.842568 0.258621 0.260811 0.054767
0 0.847973 0.373225 0.260811 0.117647
0 0.845946 0.476673 0.267568 0.105477
0 0.775000 0.569980 0.112162 0.089249
0 0.872297 0.569980 0.066216 0.077079
0 0.945270 0.564909 0.074324 0.079108
0 0.847973 0.751521 0.271622 0.123732
0 0.851351 0.864097 0.270270 0.105477
0 0.760135 0.956389 0.077027 0.087221
0 0.927027 0.959432 0.116216 0.081136
1 0.833784 0.957404 0.059459 0.085193
0 0.211486 0.072008 0.195946 0.135903
0 0.405405 0.072008 0.186486 0.139959
0 0.210811 0.208925 0.189189 0.141988
0 0.403378 0.211968 0.195946 0.135903
0 0.205405 0.368154 0.186486 0.172414
0 0.397973 0.371197 0.198649 0.166329
0 0.206081 0.548682 0.187838 0.180527
0 0.397297 0.550710 0.194595 0.176471
0 0.207432 0.735294 0.190541 0.188641
0 0.397973 0.738337 0.190541 0.182556
0 0.208108 0.915822 0.189189 0.168357
0 0.402027 0.914807 0.190541 0.170385
