0 0.229980 0.252562 0.065430 0.262079
0 0.292969 0.275256 0.039062 0.240117
0 0.340820 0.296486 0.027344 0.215227
0 0.146973 0.232796 0.086914 0.281113
0 0.050781 0.214495 0.099609 0.308931
0 0.050781 0.502196 0.097656 0.275256
0 0.147461 0.495608 0.095703 0.253294
0 0.232422 0.496340 0.068359 0.225476
0 0.293945 0.498536 0.044922 0.206442
0 0.340820 0.498536 0.029297 0.188873
0 0.053223 0.691801 0.098633 0.103953
0 0.148438 0.692533 0.093750 0.131772
0 0.234863 0.674231 0.073242 0.127379
0 0.295898 0.662518 0.050781 0.124451
0 0.338379 0.647145 0.030273 0.105417
0 0.052246 0.044656 0.096680 0.086384
0 0.147461 0.057101 0.093750 0.111274
0 0.230957 0.069546 0.075195 0.136164
0 0.293457 0.087848 0.053711 0.172767
0 0.339355 0.095900 0.040039 0.188873
