0 0.239091 0.201228 0.143636 0.162347
0 0.417273 0.203274 0.143636 0.155525
0 0.590909 0.205321 0.152727 0.159618
0 0.769091 0.208731 0.134545 0.160982
0 0.236364 0.398363 0.152727 0.158254
0 0.414545 0.396317 0.145455 0.162347
0 0.594545 0.394270 0.127273 0.158254
0 0.768182 0.396999 0.147273 0.166439
0 0.230000 0.594134 0.147273 0.167804
0 0.414545 0.589359 0.149091 0.158254
0 0.592727 0.592087 0.149091 0.169168
0 0.765455 0.594816 0.149091 0.163711
0 0.229091 0.788540 0.160000 0.163711
0 0.409091 0.785130 0.156364 0.167804
0 0.591818 0.787858 0.154545 0.170532
0 0.770000 0.796726 0.158182 0.171896
2 0.420909 0.440655 0.074545 0.084584
2 0.575455 0.237381 0.060000 0.092769
