0 0.232308 0.153689 0.107692 0.122951
0 0.228462 0.272541 0.106154 0.135246
0 0.340769 0.213115 0.087692 0.229508
0 0.438462 0.201844 0.107692 0.247951
0 0.330000 0.457992 0.109231 0.264344
0 0.554615 0.189549 0.118462 0.268443
0 0.673077 0.186475 0.115385 0.270492
0 0.798462 0.102459 0.126154 0.131148
0 0.797692 0.241803 0.121538 0.143443
0 0.228462 0.396516 0.096923 0.125000
0 0.230000 0.527664 0.096923 0.133197
0 0.437692 0.460041 0.118462 0.272541
0 0.552308 0.460041 0.116923 0.268443
0 0.670769 0.463115 0.123077 0.286885
0 0.799231 0.382172 0.130769 0.141393
0 0.796923 0.531762 0.132308 0.153689
0 0.230000 0.652664 0.096923 0.112705
0 0.227692 0.766393 0.101538 0.131148
0 0.432308 0.724385 0.116923 0.268443
0 0.546923 0.730533 0.118462 0.276639
0 0.671538 0.740779 0.121538 0.280738
0 0.797692 0.747951 0.133846 0.290984
0 0.323846 0.721311 0.096923 0.254098
5 0.086154 0.894467 0.169231 0.211066
