0 0.138672 0.071848 0.144531 0.140762
0 0.284180 0.071114 0.142578 0.139296
0 0.428711 0.069648 0.142578 0.136364
0 0.575684 0.068915 0.145508 0.134897
0 0.727539 0.071114 0.160156 0.139296
0 0.138672 0.211877 0.148438 0.142229
0 0.284180 0.208944 0.142578 0.148094
0 0.428711 0.212610 0.146484 0.143695
0 0.574219 0.211877 0.144531 0.145161
0 0.726562 0.211877 0.160156 0.145161
0 0.137695 0.354839 0.148438 0.143695
0 0.284180 0.354106 0.144531 0.145161
0 0.429688 0.352639 0.144531 0.142229
0 0.576172 0.354106 0.146484 0.139296
0 0.728027 0.352639 0.157227 0.142229
1 0.142090 0.480938 0.041992 0.096774
0 0.283203 0.469941 0.144531 0.080645
0 0.427734 0.467009 0.150391 0.086510
0 0.576660 0.471408 0.145508 0.086510
0 0.703613 0.462610 0.106445 0.065982
0 0.782227 0.475806 0.052734 0.095308
0 0.189941 0.473607 0.045898 0.087977
0 0.086914 0.481672 0.050781 0.104106
3 0.866699 0.266129 0.118164 0.526393
