0 0.062012 0.027818 0.110352 0.052709
0 0.169434 0.027818 0.104492 0.052709
0 0.276367 0.029283 0.107422 0.055637
0 0.397461 0.028551 0.132812 0.054173
0 0.520508 0.027086 0.107422 0.051245
0 0.628906 0.027818 0.107422 0.052709
0 0.736816 0.028551 0.106445 0.054173
0 0.845215 0.027086 0.110352 0.051245
0 0.950684 0.027818 0.098633 0.052709
0 0.062012 0.112006 0.110352 0.124451
0 0.170410 0.115666 0.110352 0.120059
0 0.278320 0.115666 0.105469 0.120059
0 0.397461 0.114202 0.132812 0.117130
0 0.519531 0.112738 0.107422 0.120059
0 0.628418 0.115666 0.110352 0.125915
0 0.737305 0.115666 0.107422 0.125915
0 0.845703 0.114934 0.109375 0.124451
0 0.950195 0.116398 0.099609 0.121523
0 0.062012 0.237921 0.108398 0.124451
0 0.169434 0.237921 0.110352 0.118594
0 0.278320 0.237189 0.107422 0.125915
0 0.397461 0.237189 0.130859 0.125915
0 0.518555 0.237921 0.111328 0.124451
0 0.628418 0.237921 0.108398 0.124451
0 0.737793 0.237189 0.110352 0.125915
0 0.846680 0.237189 0.107422 0.125915
0 0.950195 0.237921 0.099609 0.124451
0 0.061035 0.355051 0.106445 0.121523
0 0.168945 0.356515 0.109375 0.118594
0 0.276367 0.357247 0.105469 0.120059
0 0.396484 0.359444 0.134766 0.118594
0 0.519043 0.355783 0.110352 0.111274
0 0.628906 0.356515 0.109375 0.115666
0 0.738281 0.360176 0.109375 0.122987
0 0.848145 0.359444 0.110352 0.124451
0 0.951660 0.354319 0.096680 0.114202
0 0.196777 0.478038 0.057617 0.092240
0 0.278320 0.474378 0.050781 0.096633
0 0.468262 0.478038 0.041992 0.077599
0 0.520996 0.450952 0.038086 0.038067
0 0.574219 0.454612 0.039062 0.036603
0 0.628906 0.478770 0.042969 0.084919
0 0.683105 0.480966 0.043945 0.083455
0 0.733887 0.467789 0.043945 0.060029
0 0.789062 0.466325 0.044922 0.062958
0 0.868164 0.463397 0.048828 0.065886
