0 0.094727 0.176686 0.132812 0.350440
0 0.232422 0.177419 0.140625 0.351906
0 0.371094 0.178152 0.138672 0.353372
0 0.510254 0.180352 0.131836 0.354839
0 0.645020 0.178152 0.131836 0.353372
0 0.778320 0.181085 0.134766 0.359238
0 0.912109 0.181818 0.132812 0.360704
0 0.164062 0.707478 0.281250 0.362170
0 0.443848 0.708944 0.278320 0.365103
0 0.717285 0.710411 0.268555 0.362170
0 0.925781 0.712610 0.148438 0.366569
2 0.476074 0.794721 0.075195 0.170088
2 0.395020 0.795455 0.104492 0.192082
2 0.267578 0.273460 0.048828 0.142229
2 0.466309 0.266129 0.049805 0.156891
2 0.750488 0.791056 0.059570 0.180352
