0 0.452128 0.367995 0.134752 0.173101
0 0.571809 0.458281 0.157801 0.082192
0 0.763298 0.522416 0.051418 0.080946
0 0.511525 0.626401 0.058511 0.069738
0 0.558511 0.625156 0.049645 0.069738
0 0.615248 0.618306 0.049645 0.068493
0 0.621454 0.707347 0.062057 0.069738
0 0.562057 0.714819 0.056738 0.069738
0 0.407801 0.193026 0.046099 0.062267
0 0.446809 0.178082 0.031915 0.064757
0 0.494681 0.157534 0.056738 0.061021
0 0.498227 0.232254 0.053191 0.058531
0 0.549645 0.212329 0.060284 0.070984
0 0.603723 0.191781 0.051418 0.067248
0 0.709220 0.636364 0.081560 0.077210
0 0.715426 0.720423 0.069149 0.051059
0 0.700355 0.828144 0.120567 0.082192
2 0.625887 0.722291 0.049645 0.052304
