0 0.139142 0.161621 0.083225 0.276367
0 0.235371 0.161621 0.109233 0.276367
0 0.343303 0.163086 0.106632 0.273438
0 0.447984 0.165039 0.102731 0.277344
0 0.548114 0.166504 0.097529 0.278320
0 0.697659 0.162109 0.094928 0.287109
0 0.793238 0.163574 0.096229 0.284180
0 0.894018 0.164062 0.105332 0.285156
0 0.971391 0.165527 0.049415 0.282227
0 0.141092 0.436035 0.094928 0.266602
0 0.237321 0.433594 0.097529 0.271484
0 0.334850 0.430664 0.097529 0.265625
0 0.438882 0.435059 0.110533 0.256836
0 0.544863 0.440430 0.101430 0.267578
0 0.698960 0.441895 0.089727 0.266602
0 0.794538 0.440918 0.101430 0.268555
0 0.890767 0.441895 0.091027 0.266602
0 0.968140 0.440430 0.063719 0.269531
0 0.137841 0.708496 0.093628 0.274414
0 0.235371 0.707520 0.101430 0.276367
0 0.340052 0.712891 0.107932 0.287109
0 0.444083 0.716797 0.100130 0.279297
0 0.544863 0.713867 0.101430 0.273438
0 0.694408 0.710938 0.085826 0.271484
0 0.793238 0.710938 0.111834 0.271484
0 0.894668 0.710449 0.091027 0.270508
0 0.970091 0.711426 0.059818 0.268555
0 0.137191 0.923340 0.092328 0.153320
0 0.236021 0.925293 0.097529 0.149414
0 0.336151 0.927246 0.102731 0.145508
0 0.444083 0.927246 0.100130 0.141602
0 0.546814 0.924316 0.105332 0.147461
0 0.695709 0.918945 0.067620 0.146484
0 0.786736 0.922852 0.111834 0.138672
0 0.890767 0.924316 0.096229 0.141602
0 0.969441 0.921875 0.061118 0.146484
