0 0.645914 0.270313 0.089494 0.206250
0 0.719844 0.282813 0.062257 0.196875
0 0.869650 0.329688 0.050584 0.084375
0 0.768482 0.538281 0.143969 0.182812
0 0.658560 0.539844 0.083658 0.189062
0 0.464981 0.535156 0.101167 0.145313
0 0.254864 0.526563 0.042802 0.100000
0 0.405642 0.296875 0.114786 0.140625
0 0.505837 0.332813 0.081712 0.121875
0 0.047665 0.397656 0.021401 0.067187
0 0.079767 0.389062 0.027237 0.078125
0 0.114786 0.374219 0.031128 0.095312
0 0.159533 0.357812 0.050584 0.115625
0 0.217899 0.328906 0.066148 0.123438
0 0.295720 0.299219 0.093385 0.135937
0 0.232490 0.638281 0.103113 0.198437
0 0.362840 0.673438 0.145914 0.250000
0 0.592412 0.729688 0.297665 0.359375
0 0.873541 0.779687 0.252918 0.440625
