0 0.056081 0.109533 0.022973 0.206897
0 0.096622 0.114604 0.047297 0.225152
0 0.149324 0.117647 0.050000 0.231237
0 0.201351 0.122718 0.048649 0.241379
0 0.252703 0.124746 0.051351 0.245436
0 0.302703 0.132860 0.056757 0.253550
0 0.352703 0.136917 0.051351 0.245436
0 0.402027 0.147059 0.055405 0.245436
0 0.452703 0.153144 0.048649 0.245436
0 0.501351 0.161258 0.048649 0.245436
0 0.551351 0.166329 0.051351 0.239351
0 0.599324 0.173428 0.047297 0.241379
0 0.645946 0.184584 0.051351 0.243408
0 0.695946 0.187627 0.048649 0.237323
0 0.733108 0.192698 0.028378 0.235294
0 0.058108 0.385396 0.027027 0.198783
0 0.099324 0.392495 0.050000 0.208925
0 0.150000 0.398580 0.051351 0.196755
0 0.202027 0.402637 0.052703 0.204868
0 0.253378 0.409736 0.050000 0.190669
0 0.304054 0.415822 0.051351 0.202840
0 0.354054 0.422921 0.048649 0.188641
0 0.404054 0.430020 0.051351 0.202840
0 0.453378 0.436105 0.047297 0.190669
0 0.502027 0.441176 0.050000 0.200811
0 0.549324 0.447262 0.044595 0.188641
0 0.596622 0.451318 0.050000 0.196755
0 0.646622 0.457404 0.050000 0.184584
0 0.694595 0.466531 0.045946 0.202840
0 0.731081 0.472617 0.027027 0.190669
0 0.058784 0.655172 0.028378 0.198783
0 0.097973 0.659229 0.050000 0.190669
0 0.149324 0.665314 0.052703 0.202840
0 0.201351 0.670385 0.051351 0.192698
0 0.252703 0.675456 0.051351 0.202840
0 0.303378 0.681542 0.050000 0.190669
0 0.353378 0.687627 0.050000 0.202840
0 0.403378 0.692698 0.050000 0.192698
0 0.451351 0.698783 0.045946 0.204868
0 0.500000 0.705882 0.051351 0.190669
0 0.551351 0.710953 0.051351 0.200811
0 0.602703 0.718053 0.051351 0.186613
0 0.651351 0.724138 0.045946 0.198783
0 0.697973 0.728195 0.047297 0.190669
0 0.735811 0.732252 0.028378 0.198783
0 0.058784 0.911765 0.025676 0.176471
0 0.099324 0.913793 0.052703 0.172414
0 0.152027 0.917850 0.047297 0.164300
0 0.201351 0.918864 0.051351 0.162272
0 0.252703 0.920892 0.051351 0.158215
0 0.302703 0.923935 0.048649 0.152130
0 0.352027 0.926978 0.050000 0.146045
0 0.405405 0.931034 0.048649 0.137931
0 0.453378 0.930020 0.047297 0.139959
0 0.502703 0.934077 0.045946 0.131846
0 0.552703 0.937120 0.051351 0.125761
0 0.601351 0.939148 0.045946 0.121704
0 0.649324 0.943205 0.047297 0.113590
0 0.696622 0.945233 0.047297 0.109533
0 0.737162 0.944219 0.028378 0.111562
