0 0.048340 0.057101 0.088867 0.111274
0 0.151855 0.058565 0.110352 0.114202
0 0.266602 0.059297 0.113281 0.115666
0 0.383301 0.058565 0.104492 0.114202
0 0.495605 0.060761 0.112305 0.118594
0 0.053711 0.214495 0.091797 0.177160
0 0.154785 0.213763 0.114258 0.169839
0 0.268066 0.210102 0.118164 0.185944
0 0.380859 0.214495 0.126953 0.183016
0 0.494629 0.215959 0.100586 0.180088
4 0.482422 0.410688 0.033203 0.171303
4 0.192383 0.445095 0.019531 0.099561
4 0.251465 0.448755 0.014648 0.109810
4 0.312988 0.448023 0.018555 0.108346
4 0.369629 0.446559 0.018555 0.102489
4 0.428711 0.440703 0.013672 0.105417
4 0.133301 0.443631 0.024414 0.102489
4 0.273926 0.411420 0.051758 0.175695
