0 0.033691 0.148120 0.028320 0.067669
0 0.079590 0.144361 0.028320 0.075188
0 0.121094 0.146617 0.027344 0.067669
0 0.169434 0.148872 0.026367 0.072180
0 0.211914 0.148120 0.029297 0.070677
0 0.258789 0.145113 0.023438 0.082707
0 0.398438 0.144361 0.029297 0.072180
0 0.444824 0.144361 0.030273 0.072180
0 0.488281 0.142857 0.031250 0.075188
0 0.533691 0.142105 0.028320 0.079699
0 0.581543 0.145865 0.028320 0.087218
0 0.625488 0.145865 0.032227 0.075188
0 0.670898 0.145865 0.029297 0.078195
0 0.123047 0.297744 0.031250 0.075188
0 0.166992 0.301504 0.031250 0.070677
0 0.211426 0.300752 0.032227 0.075188
0 0.396484 0.295489 0.027344 0.076692
0 0.440918 0.297744 0.028320 0.075188
0 0.716309 0.296992 0.030273 0.076692
0 0.761230 0.299248 0.028320 0.081203
0 0.808105 0.298496 0.026367 0.076692
0 0.259766 0.454887 0.029297 0.076692
0 0.304199 0.454135 0.030273 0.072180
0 0.347656 0.454135 0.031250 0.072180
0 0.581055 0.455639 0.027344 0.075188
0 0.623535 0.458647 0.026367 0.072180
0 0.764160 0.452632 0.024414 0.075188
0 0.808594 0.454887 0.027344 0.076692
0 0.852051 0.453383 0.026367 0.070677
0 0.895508 0.454887 0.031250 0.073684
0 0.942383 0.454135 0.033203 0.072180
