0 0.102539 0.163982 0.148438 0.257687
0 0.249512 0.165447 0.145508 0.254758
0 0.394531 0.166911 0.144531 0.257687
0 0.537598 0.166911 0.141602 0.257687
0 0.680176 0.166911 0.143555 0.257687
0 0.825195 0.163982 0.146484 0.263543
0 0.949219 0.166179 0.101562 0.267936
0 0.102539 0.423133 0.150391 0.263543
0 0.250488 0.426794 0.145508 0.256223
0 0.393555 0.426061 0.140625 0.254758
0 0.537598 0.425329 0.147461 0.256223
0 0.682617 0.424597 0.142578 0.254758
0 0.826660 0.425329 0.145508 0.253294
0 0.949707 0.428990 0.100586 0.260615
0 0.102051 0.685212 0.151367 0.263543
0 0.248535 0.685944 0.143555 0.259151
0 0.392090 0.685944 0.143555 0.259151
0 0.537109 0.685944 0.146484 0.259151
0 0.682129 0.685212 0.143555 0.260615
0 0.827637 0.687408 0.147461 0.265007
0 0.950684 0.691801 0.098633 0.256223
0 0.102539 0.908492 0.150391 0.183016
0 0.248535 0.909224 0.145508 0.181552
0 0.392090 0.909224 0.143555 0.181552
0 0.536621 0.908492 0.147461 0.183016
0 0.682617 0.908492 0.144531 0.183016
0 0.828613 0.907760 0.147461 0.184480
0 0.951172 0.908492 0.097656 0.183016
