0 0.235352 0.056452 0.095703 0.080645
0 0.369629 0.050587 0.096680 0.077713
0 0.234375 0.200880 0.093750 0.070381
0 0.369141 0.201613 0.097656 0.074780
0 0.234863 0.350440 0.092773 0.073314
0 0.368652 0.349707 0.098633 0.074780
0 0.235352 0.497801 0.095703 0.074780
0 0.366699 0.497801 0.092773 0.074780
0 0.234375 0.646628 0.099609 0.082111
0 0.369629 0.653226 0.094727 0.077713
0 0.234375 0.796921 0.099609 0.074780
0 0.368652 0.799120 0.096680 0.076246
0 0.232910 0.945015 0.098633 0.080645
0 0.369141 0.947947 0.099609 0.086510
0 0.649414 0.055718 0.099609 0.082111
0 0.785645 0.054252 0.100586 0.082111
0 0.649414 0.201613 0.089844 0.071848
0 0.788574 0.200147 0.092773 0.074780
0 0.652344 0.350440 0.099609 0.079179
0 0.784180 0.350440 0.103516 0.079179
0 0.649414 0.502933 0.103516 0.070381
0 0.786133 0.499267 0.099609 0.074780
0 0.652832 0.797654 0.094727 0.076246
0 0.787109 0.798387 0.093750 0.077713
0 0.651367 0.949413 0.099609 0.080645
0 0.786621 0.950147 0.090820 0.087977
