0 0.068848 0.227672 0.135742 0.206442
0 0.203613 0.226208 0.131836 0.212299
0 0.336914 0.233529 0.132812 0.206442
0 0.464355 0.240117 0.124023 0.196193
0 0.588379 0.244510 0.124023 0.199122
0 0.709473 0.241581 0.112305 0.190337
0 0.823242 0.250366 0.111328 0.193265
0 0.929199 0.256223 0.102539 0.190337
0 0.065918 0.058565 0.124023 0.114202
0 0.194824 0.059297 0.135742 0.115666
0 0.331543 0.062958 0.135742 0.122987
0 0.468750 0.058565 0.134766 0.114202
0 0.604492 0.060761 0.134766 0.118594
0 0.741211 0.060761 0.136719 0.118594
0 0.875977 0.058565 0.136719 0.114202
0 0.066895 0.413616 0.131836 0.118594
0 0.224121 0.417277 0.176758 0.134700
0 0.544922 0.421669 0.113281 0.120059
0 0.657227 0.422401 0.109375 0.121523
0 0.768066 0.420205 0.106445 0.120059
0 0.868652 0.421669 0.094727 0.120059
0 0.958008 0.427526 0.083984 0.108346
1 0.396973 0.476574 0.073242 0.121523
