0 0.133984 0.103165 0.266406 0.203986
0 0.126172 0.449004 0.250781 0.175850
0 0.389062 0.443728 0.275000 0.186401
0 0.660156 0.445487 0.267188 0.189918
0 0.864844 0.440797 0.142187 0.199297
0 0.461328 0.254982 0.130469 0.184056
0 0.656250 0.256741 0.267188 0.189918
0 0.855078 0.257327 0.130469 0.188746
0 0.469141 0.083236 0.125781 0.164127
0 0.651953 0.084994 0.252344 0.167644
0 0.835938 0.084994 0.131250 0.167644
0 0.124219 0.657093 0.246875 0.223916
0 0.385547 0.651231 0.267969 0.223916
0 0.664062 0.647714 0.289062 0.230950
0 0.883984 0.646542 0.152344 0.228605
0 0.903906 0.880422 0.192188 0.239156
0 0.659375 0.878077 0.315625 0.243845
0 0.373047 0.881594 0.271094 0.236811
0 0.132422 0.882181 0.263281 0.235639
