0 0.115723 0.429412 0.204102 0.382353
0 0.115723 0.689706 0.204102 0.123529
0 0.266113 0.415441 0.057617 0.398529
0 0.266113 0.694118 0.057617 0.132353
0 0.113281 0.103676 0.224609 0.204412
0 0.299316 0.102941 0.125977 0.202941
0 0.434570 0.102941 0.125000 0.202941
0 0.573730 0.098529 0.127930 0.194118
0 0.709961 0.105147 0.128906 0.192647
0 0.890625 0.101471 0.218750 0.200000
0 0.740723 0.494853 0.061523 0.548529
0 0.896484 0.486029 0.207031 0.513235
0 0.443848 0.541176 0.124023 0.497059
0 0.573730 0.541912 0.122070 0.492647
