0 0.060547 0.322840 0.103516 0.399707
0 0.187988 0.320644 0.151367 0.404100
0 0.342285 0.324305 0.157227 0.411420
0 0.495605 0.325037 0.149414 0.409956
0 0.645020 0.325769 0.149414 0.411420
0 0.797363 0.324305 0.155273 0.417277
0 0.933594 0.326501 0.117188 0.421669
0 0.932129 0.602489 0.120117 0.130307
0 0.796387 0.603221 0.151367 0.128843
0 0.646484 0.606881 0.148438 0.136164
0 0.496094 0.603953 0.152344 0.142020
0 0.343262 0.606881 0.153320 0.147877
0 0.189453 0.606881 0.154297 0.147877
0 0.059570 0.605417 0.105469 0.144949
