2 0.444336 0.791056 0.031250 0.095308
2 0.327637 0.802053 0.028320 0.108504
2 0.300781 0.775660 0.023438 0.111437
2 0.569824 0.844575 0.028320 0.120235
2 0.605469 0.840176 0.035156 0.137830
2 0.277832 0.510997 0.018555 0.045455
0 0.357422 0.376100 0.089844 0.124633
0 0.448730 0.376833 0.092773 0.126100
0 0.543457 0.376833 0.096680 0.126100
0 0.638672 0.379765 0.093750 0.131965
0 0.712402 0.379765 0.053711 0.131965
0 0.356445 0.497067 0.091797 0.111437
0 0.447754 0.500000 0.090820 0.105572
0 0.542480 0.501466 0.098633 0.108504
0 0.637207 0.505132 0.094727 0.107038
0 0.712402 0.506598 0.055664 0.109971
0 0.837891 0.243402 0.103516 0.131965
0 0.837402 0.374633 0.102539 0.133431
0 0.836914 0.512463 0.103516 0.148094
0 0.814453 0.653226 0.062500 0.139296
0 0.270996 0.347507 0.065430 0.164223
4 0.377441 0.596774 0.012695 0.087977
4 0.464355 0.597507 0.018555 0.089443
4 0.552734 0.596774 0.015625 0.085044
4 0.638184 0.598240 0.018555 0.073314
4 0.404297 0.579179 0.013672 0.055718
4 0.479980 0.582845 0.012695 0.057185
