0 0.118750 0.228125 0.118750 0.118750
0 0.112500 0.365625 0.125000 0.112500
0 0.314063 0.225000 0.128125 0.137500
0 0.315625 0.367188 0.125000 0.115625
0 0.514062 0.228125 0.128125 0.131250
0 0.517188 0.368750 0.128125 0.118750
0 0.715625 0.234375 0.125000 0.125000
0 0.718750 0.364063 0.125000 0.128125
0 0.109375 0.517188 0.131250 0.134375
0 0.307812 0.515625 0.128125 0.131250
0 0.515625 0.517188 0.118750 0.115625
0 0.714063 0.510938 0.121875 0.128125
0 0.109375 0.656250 0.131250 0.137500
0 0.112500 0.801562 0.125000 0.121875
0 0.112500 0.920312 0.125000 0.084375
0 0.314063 0.654687 0.134375 0.134375
0 0.314063 0.807813 0.134375 0.128125
0 0.307812 0.920312 0.115625 0.084375
0 0.517188 0.651563 0.134375 0.153125
0 0.509375 0.800000 0.131250 0.118750
0 0.510938 0.918750 0.121875 0.093750
0 0.712500 0.654687 0.125000 0.128125
0 0.712500 0.801562 0.125000 0.121875
2 0.692187 0.954688 0.046875 0.090625
