0 0.102051 0.178125 0.131836 0.353125
0 0.078613 0.455469 0.086914 0.185938
0 0.387207 0.158594 0.114258 0.092188
0 0.500000 0.158594 0.111328 0.092188
0 0.386719 0.285938 0.113281 0.165625
0 0.499512 0.288281 0.112305 0.160938
0 0.367676 0.390625 0.073242 0.046875
0 0.444824 0.391406 0.081055 0.051562
0 0.520020 0.392969 0.071289 0.051562
0 0.366211 0.471875 0.072266 0.115625
0 0.520020 0.475781 0.069336 0.110937
0 0.421387 0.473438 0.038086 0.103125
0 0.461914 0.475000 0.035156 0.103125
0 0.146484 0.460938 0.044922 0.190625
0 0.630859 0.155469 0.060547 0.273438
0 0.708008 0.153125 0.093750 0.268750
0 0.800781 0.150781 0.091797 0.273438
0 0.892090 0.151562 0.090820 0.275000
0 0.968750 0.151562 0.062500 0.275000
0 0.634766 0.328906 0.060547 0.076563
0 0.634766 0.458594 0.060547 0.182812
0 0.740723 0.332813 0.153320 0.081250
0 0.849609 0.328906 0.064453 0.073438
0 0.940918 0.327344 0.118164 0.076563
0 0.741211 0.459375 0.150391 0.184375
0 0.939941 0.457031 0.120117 0.179688
0 0.850586 0.462500 0.050781 0.165625
1 0.848145 0.456250 0.069336 0.184375
