0 0.319336 0.491935 0.072266 0.118768
0 0.408203 0.492669 0.050781 0.114370
0 0.459473 0.491935 0.051758 0.115836
0 0.538574 0.490469 0.049805 0.109971
0 0.592773 0.491202 0.058594 0.108504
0 0.679199 0.491935 0.061523 0.118768
0 0.782227 0.532258 0.056641 0.102639
0 0.857422 0.532991 0.041016 0.107038
0 0.907715 0.533724 0.047852 0.102639
0 0.977539 0.532991 0.044922 0.107038
0 0.208984 0.524194 0.056641 0.107038
0 0.076172 0.525660 0.046875 0.107038
0 0.130371 0.527859 0.045898 0.105572
0 0.014648 0.522727 0.027344 0.107038
0 0.019531 0.785191 0.037109 0.089443
0 0.462402 0.786657 0.075195 0.104106
0 0.561035 0.787390 0.122070 0.108504
0 0.911133 0.790323 0.054688 0.090909
0 0.974121 0.790323 0.051758 0.093842
4 0.790039 0.863636 0.033203 0.272727
4 0.844727 0.855572 0.031250 0.288856
4 0.916992 0.841642 0.037109 0.316716
4 0.363281 0.840909 0.025391 0.312317
4 0.382812 0.841642 0.013672 0.290323
4 0.400391 0.855572 0.017578 0.288856
4 0.069336 0.834311 0.041016 0.331378
4 0.141113 0.852639 0.026367 0.294721
4 0.178711 0.865103 0.013672 0.269795
1 0.316406 0.833578 0.072266 0.215543
