0 0.131836 0.103221 0.240234 0.165447
0 0.372559 0.103221 0.241211 0.159590
0 0.611816 0.103221 0.237305 0.159590
0 0.849121 0.104685 0.237305 0.162518
0 0.848633 0.263543 0.234375 0.161054
0 0.611816 0.265739 0.239258 0.156662
0 0.373047 0.265007 0.238281 0.155198
0 0.132324 0.262811 0.243164 0.159590
0 0.130371 0.422401 0.239258 0.159590
0 0.371582 0.424597 0.243164 0.155198
0 0.611816 0.423133 0.237305 0.152269
0 0.849609 0.422401 0.238281 0.153734
0 0.849609 0.554905 0.238281 0.108346
0 0.641113 0.554905 0.178711 0.105417
0 0.130859 0.559297 0.240234 0.114202
