0 0.076172 0.090164 0.150391 0.141580
0 0.224121 0.091654 0.145508 0.138599
0 0.372559 0.087928 0.151367 0.146051
0 0.521484 0.087928 0.146484 0.146051
0 0.668945 0.087928 0.148438 0.146051
0 0.816895 0.087183 0.147461 0.144560
0 0.945312 0.088674 0.109375 0.141580
0 0.079102 0.231744 0.146484 0.144560
0 0.224609 0.232489 0.144531 0.143070
0 0.371094 0.233234 0.148438 0.144560
0 0.520508 0.232489 0.150391 0.146051
0 0.668945 0.230253 0.146484 0.141580
0 0.815430 0.229508 0.146484 0.143070
0 0.942871 0.231744 0.108398 0.147541
0 0.080078 0.374069 0.146484 0.143070
0 0.225098 0.372578 0.143555 0.146051
0 0.370605 0.372578 0.147461 0.146051
0 0.519043 0.374069 0.149414 0.143070
0 0.667480 0.372578 0.147461 0.140089
0 0.815918 0.371088 0.149414 0.143070
0 0.942871 0.371833 0.104492 0.144560
0 0.077637 0.520119 0.149414 0.149031
0 0.225098 0.520119 0.145508 0.149031
0 0.373047 0.516393 0.150391 0.141580
0 0.521484 0.517139 0.146484 0.140089
0 0.667969 0.517139 0.146484 0.140089
0 0.813477 0.515648 0.144531 0.143070
0 0.940430 0.516393 0.109375 0.144560
0 0.078125 0.660209 0.150391 0.146051
0 0.225098 0.660954 0.143555 0.144560
0 0.371582 0.659463 0.149414 0.141580
0 0.520508 0.658718 0.148438 0.143070
0 0.669434 0.659463 0.149414 0.144560
0 0.815918 0.659463 0.143555 0.144560
0 0.943848 0.658718 0.112305 0.143070
0 0.076172 0.804024 0.148438 0.141580
0 0.224121 0.801788 0.147461 0.146051
0 0.372559 0.802534 0.149414 0.147541
0 0.520020 0.804769 0.145508 0.143070
0 0.666504 0.800298 0.147461 0.134128
0 0.812988 0.798808 0.145508 0.137109
0 0.941406 0.801788 0.111328 0.143070
0 0.077148 0.938152 0.146484 0.123696
0 0.224121 0.936662 0.149414 0.126677
0 0.371582 0.936662 0.149414 0.126677
0 0.521973 0.936662 0.145508 0.126677
0 0.666992 0.935917 0.146484 0.128167
0 0.812500 0.933681 0.148438 0.132638
0 0.943848 0.934426 0.112305 0.131148
