0 0.217773 0.336029 0.082031 0.130882
0 0.306152 0.333824 0.086914 0.132353
0 0.416504 0.334559 0.133789 0.139706
0 0.550293 0.332353 0.133789 0.135294
0 0.682129 0.330147 0.129883 0.139706
0 0.812500 0.329412 0.130859 0.138235
0 0.938965 0.330147 0.122070 0.136765
0 0.217773 0.444118 0.083984 0.085294
0 0.372070 0.486029 0.218750 0.175000
0 0.616211 0.483824 0.271484 0.173529
0 0.796875 0.485294 0.097656 0.179412
0 0.370117 0.661029 0.218750 0.175000
0 0.310059 0.796324 0.098633 0.095588
0 0.461426 0.793382 0.034180 0.092647
0 0.536621 0.768382 0.084961 0.139706
1 0.616699 0.770588 0.075195 0.144118
0 0.692383 0.762500 0.082031 0.127941
0 0.800293 0.708088 0.096680 0.269118
0 0.103516 0.737500 0.087891 0.219118
0 0.029297 0.733088 0.056641 0.219118
4 0.026367 0.726471 0.027344 0.376471
4 0.104004 0.724265 0.022461 0.327941
4 0.161621 0.729412 0.024414 0.285294
4 0.209961 0.725000 0.023438 0.255882
