0 0.395508 0.398975 0.134766 0.162518
0 0.396484 0.543192 0.134766 0.122987
0 0.537109 0.396047 0.138672 0.159590
0 0.688965 0.383602 0.159180 0.181552
0 0.848633 0.382870 0.160156 0.180088
0 0.963379 0.380673 0.069336 0.184480
0 0.538574 0.543924 0.147461 0.127379
0 0.688477 0.540264 0.152344 0.134700
0 0.846191 0.538799 0.163086 0.131772
0 0.963867 0.537335 0.072266 0.134700
0 0.266113 0.399707 0.120117 0.166911
0 0.268066 0.552709 0.116211 0.139092
0 0.172363 0.551245 0.075195 0.142020
0 0.169434 0.396779 0.069336 0.166911
0 0.066895 0.388726 0.129883 0.174231
0 0.066895 0.558565 0.131836 0.159590
