0 0.039062 0.280792 0.035156 0.236070
0 0.067871 0.271994 0.034180 0.236070
0 0.104980 0.263196 0.040039 0.250733
0 0.145020 0.258798 0.040039 0.244868
0 0.185059 0.251466 0.041992 0.262463
0 0.229980 0.247067 0.045898 0.277126
0 0.276367 0.236070 0.046875 0.272727
0 0.325684 0.225073 0.047852 0.282991
0 0.375000 0.215543 0.056641 0.299120
0 0.434082 0.206745 0.059570 0.302053
0 0.495117 0.195748 0.064453 0.321114
0 0.563965 0.187683 0.073242 0.328446
0 0.634277 0.175953 0.073242 0.348974
0 0.714844 0.165689 0.083984 0.328446
0 0.804199 0.166422 0.094727 0.329912
0 0.900391 0.161290 0.103516 0.319648
0 0.035156 0.494868 0.033203 0.209677
0 0.072754 0.491202 0.030273 0.214076
0 0.106934 0.494868 0.038086 0.215543
0 0.149414 0.494135 0.048828 0.225806
0 0.186523 0.488270 0.046875 0.231672
0 0.235352 0.493402 0.042969 0.239003
0 0.280762 0.488270 0.045898 0.240469
0 0.328125 0.493402 0.050781 0.247801
0 0.384766 0.486804 0.062500 0.263930
0 0.440430 0.488270 0.052734 0.272727
0 0.496582 0.495601 0.069336 0.293255
0 0.561523 0.497067 0.070312 0.304985
0 0.639160 0.501466 0.083008 0.322581
0 0.716309 0.490469 0.090820 0.318182
0 0.805664 0.489003 0.097656 0.329912
0 0.905273 0.492669 0.109375 0.360704
