0 0.273438 0.203101 0.068359 0.167442
0 0.147949 0.129457 0.086914 0.206202
0 0.020996 0.083721 0.040039 0.164341
0 0.013672 0.393798 0.025391 0.201550
0 0.140137 0.426357 0.090820 0.195349
0 0.270508 0.453488 0.072266 0.162791
0 0.481934 0.304651 0.122070 0.212403
0 0.612305 0.290698 0.132812 0.224806
0 0.754395 0.274419 0.147461 0.235659
0 0.914551 0.253488 0.170898 0.252713
0 0.484863 0.493023 0.127930 0.186047
0 0.615234 0.488372 0.132812 0.195349
0 0.758789 0.479070 0.150391 0.213953
0 0.916992 0.470543 0.166016 0.212403
0 0.210938 0.779845 0.083984 0.229457
0 0.536621 0.708527 0.034180 0.136434
0 0.583496 0.696124 0.024414 0.114729
