0 0.118164 0.445015 0.107422 0.288856
0 0.242676 0.445748 0.143555 0.287390
0 0.381348 0.447947 0.133789 0.291789
0 0.515625 0.450880 0.134766 0.285924
0 0.646484 0.448680 0.126953 0.281525
0 0.781738 0.446481 0.143555 0.285924
0 0.908691 0.448680 0.110352 0.290323
0 0.910156 0.642229 0.107422 0.096774
0 0.783203 0.642962 0.146484 0.095308
0 0.646973 0.634897 0.125977 0.079179
0 0.516602 0.636364 0.134766 0.076246
0 0.382812 0.634164 0.132812 0.071848
0 0.243164 0.643695 0.142578 0.090909
0 0.118652 0.643695 0.106445 0.090909
