0 0.067383 0.061415 0.132812 0.120160
0 0.201172 0.064753 0.134766 0.116155
0 0.336426 0.064085 0.143555 0.120160
0 0.476562 0.062083 0.136719 0.116155
0 0.613281 0.061415 0.132812 0.120160
0 0.749023 0.060748 0.138672 0.118825
0 0.910156 0.064085 0.179688 0.125501
0 0.069336 0.205607 0.130859 0.157543
0 0.202148 0.206275 0.134766 0.156208
0 0.339355 0.204940 0.139648 0.153538
0 0.476562 0.204272 0.134766 0.154873
0 0.613281 0.204940 0.138672 0.156208
0 0.748047 0.205607 0.130859 0.154873
0 0.906738 0.206943 0.186523 0.157543
0 0.070312 0.356475 0.132812 0.141522
0 0.203613 0.354473 0.133789 0.145527
0 0.338867 0.352470 0.136719 0.141522
0 0.476562 0.353138 0.138672 0.140187
0 0.614746 0.353805 0.137695 0.141522
0 0.749023 0.353138 0.130859 0.142857
0 0.907227 0.354473 0.185547 0.145527
0 0.069824 0.497330 0.133789 0.140187
0 0.203613 0.495995 0.133789 0.142857
0 0.339844 0.498665 0.138672 0.148198
0 0.476562 0.501335 0.134766 0.142857
0 0.612793 0.500668 0.137695 0.141522
0 0.746582 0.500000 0.129883 0.142857
0 0.904297 0.501335 0.185547 0.145527
0 0.068359 0.638184 0.130859 0.144192
0 0.202148 0.638852 0.136719 0.140187
0 0.339355 0.640854 0.137695 0.144192
0 0.477051 0.642857 0.137695 0.140187
0 0.613770 0.644192 0.135742 0.142857
0 0.748535 0.644860 0.133789 0.141522
0 0.906250 0.643525 0.181641 0.138852
0 0.069824 0.784379 0.133789 0.145527
0 0.204102 0.785047 0.134766 0.144192
0 0.340332 0.785047 0.137695 0.144192
0 0.477051 0.786382 0.135742 0.141522
0 0.613281 0.785047 0.136719 0.138852
0 0.749512 0.786382 0.135742 0.136182
0 0.908691 0.789720 0.182617 0.142857
0 0.908691 0.922563 0.182617 0.120160
0 0.068359 0.921896 0.128906 0.132176
0 0.202637 0.917891 0.143555 0.121495
0 0.342773 0.927236 0.134766 0.140187
0 0.479492 0.926569 0.132812 0.136182
0 0.615234 0.929907 0.136719 0.137517
0 0.748535 0.926569 0.131836 0.136182
