0 0.391602 0.070381 0.083984 0.108504
0 0.477539 0.064516 0.074219 0.108504
0 0.394043 0.184018 0.075195 0.112903
0 0.478516 0.179619 0.068359 0.107038
0 0.395508 0.293988 0.076172 0.107038
0 0.478516 0.288856 0.076172 0.114370
0 0.397949 0.406891 0.083008 0.121701
0 0.480957 0.407625 0.073242 0.114370
0 0.395996 0.521261 0.077148 0.107038
0 0.480957 0.521261 0.067383 0.107038
0 0.397461 0.634897 0.078125 0.111437
0 0.483398 0.632698 0.072266 0.101173
0 0.401367 0.750000 0.080078 0.112903
0 0.482910 0.744868 0.077148 0.111437
0 0.401855 0.863636 0.081055 0.114370
0 0.483887 0.864370 0.081055 0.109971
0 0.397949 0.961144 0.083008 0.077713
0 0.484863 0.956745 0.084961 0.071848
0 0.571777 0.058651 0.094727 0.114370
0 0.665527 0.056452 0.092773 0.109971
0 0.757324 0.057185 0.088867 0.111437
0 0.844727 0.056452 0.091797 0.109971
0 0.944824 0.057185 0.110352 0.111437
0 0.572754 0.170088 0.092773 0.108504
0 0.664062 0.174487 0.089844 0.114370
0 0.755859 0.174487 0.089844 0.117302
0 0.844727 0.179619 0.089844 0.109971
0 0.944824 0.174487 0.110352 0.111437
0 0.572266 0.285924 0.095703 0.108504
0 0.666016 0.284457 0.087891 0.117302
0 0.754395 0.287390 0.084961 0.105572
0 0.844727 0.291056 0.089844 0.107038
0 0.946289 0.291056 0.107422 0.107038
0 0.574219 0.398094 0.091797 0.107038
0 0.665527 0.398827 0.090820 0.117302
0 0.755859 0.402493 0.085938 0.118768
0 0.844727 0.402493 0.091797 0.118768
0 0.944336 0.403226 0.111328 0.114370
0 0.573730 0.512463 0.092773 0.104106
0 0.665527 0.511730 0.090820 0.105572
0 0.755859 0.515396 0.091797 0.109971
0 0.845703 0.518328 0.089844 0.112903
0 0.944824 0.516862 0.110352 0.109971
0 0.574219 0.627566 0.091797 0.117302
0 0.666992 0.629032 0.091797 0.120235
0 0.756348 0.625367 0.088867 0.121701
0 0.848145 0.629032 0.090820 0.111437
0 0.946289 0.633431 0.107422 0.111437
0 0.574219 0.742669 0.097656 0.107038
0 0.667480 0.743402 0.090820 0.111437
0 0.757324 0.743402 0.090820 0.111437
0 0.849121 0.743402 0.090820 0.102639
0 0.946289 0.747067 0.107422 0.118768
0 0.576172 0.853372 0.097656 0.111437
0 0.668945 0.855572 0.089844 0.112903
0 0.759277 0.855572 0.090820 0.109971
0 0.850586 0.858504 0.089844 0.118768
0 0.947754 0.859238 0.104492 0.120235
0 0.576660 0.956745 0.098633 0.086510
0 0.670410 0.956012 0.090820 0.087977
0 0.760742 0.957478 0.087891 0.085044
0 0.851074 0.961877 0.090820 0.076246
0 0.948730 0.961877 0.102539 0.076246
