0 0.500977 0.731084 0.119141 0.186094
0 0.499512 0.551125 0.118164 0.169734
0 0.500488 0.386503 0.116211 0.159509
0 0.499023 0.224949 0.113281 0.163599
0 0.612305 0.223926 0.113281 0.161554
0 0.613770 0.384458 0.110352 0.159509
0 0.617188 0.551125 0.117188 0.173824
0 0.620117 0.730061 0.125000 0.188139
0 0.380859 0.732106 0.121094 0.184049
0 0.381348 0.551125 0.122070 0.177914
0 0.387207 0.385481 0.116211 0.161554
0 0.384766 0.221881 0.111328 0.165644
0 0.377930 0.910020 0.125000 0.179959
0 0.500977 0.908998 0.121094 0.173824
0 0.623047 0.910020 0.126953 0.179959
0 0.748047 0.911043 0.125000 0.177914
0 0.869141 0.911043 0.121094 0.177914
0 0.965820 0.907975 0.068359 0.184049
0 0.255371 0.908998 0.127930 0.182004
0 0.259277 0.726994 0.125977 0.186094
0 0.264648 0.557260 0.123047 0.177914
0 0.266113 0.389571 0.125977 0.165644
0 0.269043 0.223926 0.116211 0.161554
