1 0.261719 0.437042 0.095703 0.297218
0 0.153320 0.125183 0.105469 0.083455
0 0.262695 0.128843 0.107422 0.084919
0 0.361816 0.128111 0.090820 0.074671
0 0.453613 0.125915 0.088867 0.079063
0 0.562500 0.124451 0.126953 0.084919
0 0.681641 0.124451 0.111328 0.087848
0 0.791504 0.125183 0.112305 0.092240
0 0.902344 0.117130 0.113281 0.090776
0 0.979492 0.122255 0.041016 0.098097
0 0.978516 0.224744 0.042969 0.109810
0 0.978027 0.382870 0.043945 0.209370
0 0.979980 0.516105 0.040039 0.051245
0 0.058594 0.221816 0.083984 0.112738
0 0.059082 0.383602 0.081055 0.210835
