0 0.643066 0.898094 0.149414 0.156891
0 0.499023 0.889296 0.150391 0.151026
0 0.348633 0.884897 0.158203 0.162757
0 0.194336 0.881232 0.158203 0.161290
0 0.058594 0.877566 0.115234 0.162757
0 0.059082 0.717742 0.112305 0.153959
0 0.192383 0.725806 0.152344 0.149560
0 0.345215 0.730938 0.153320 0.159824
0 0.495605 0.738270 0.153320 0.153959
0 0.638184 0.743402 0.149414 0.155425
0 0.059570 0.571114 0.113281 0.159824
0 0.193359 0.576979 0.152344 0.156891
0 0.343262 0.585777 0.151367 0.153959
0 0.491211 0.593842 0.152344 0.149560
0 0.632812 0.603372 0.146484 0.148094
0 0.059570 0.419355 0.113281 0.152493
0 0.190918 0.428152 0.153320 0.155425
0 0.341309 0.442082 0.151367 0.156891
0 0.485840 0.453812 0.143555 0.159824
0 0.624023 0.461144 0.140625 0.148094
0 0.060547 0.280059 0.111328 0.152493
0 0.192871 0.285191 0.149414 0.153959
0 0.342773 0.297654 0.144531 0.155425
0 0.485840 0.321848 0.141602 0.153959
0 0.619141 0.326979 0.138672 0.149560
0 0.060547 0.139296 0.119141 0.152493
0 0.191895 0.151026 0.153320 0.146628
0 0.337891 0.171554 0.152344 0.152493
0 0.477539 0.183284 0.144531 0.149560
0 0.612305 0.200147 0.144531 0.145161
0 0.603516 0.066716 0.126953 0.127566
0 0.473145 0.066716 0.143555 0.130499
0 0.335938 0.057185 0.142578 0.111437
0 0.193848 0.050587 0.149414 0.098240
0 0.060547 0.040323 0.119141 0.077713
