0 0.507812 0.404832 0.078125 0.109810
0 0.578613 0.404832 0.063477 0.109810
0 0.632324 0.406296 0.043945 0.112738
0 0.698730 0.404100 0.030273 0.114202
0 0.507324 0.517570 0.075195 0.115666
0 0.579102 0.519766 0.068359 0.120059
0 0.633301 0.521230 0.043945 0.111274
0 0.700195 0.519034 0.031250 0.115666
3 0.666992 0.406296 0.033203 0.364568
4 0.778809 0.445827 0.047852 0.320644
0 0.060059 0.060761 0.118164 0.118594
0 0.062988 0.183748 0.122070 0.127379
0 0.063477 0.305271 0.121094 0.127379
0 0.063477 0.431918 0.119141 0.125915
0 0.062988 0.551977 0.118164 0.122987
0 0.062012 0.674963 0.120117 0.122987
0 0.209473 0.061493 0.110352 0.120059
0 0.329590 0.063690 0.133789 0.124451
0 0.208984 0.185944 0.111328 0.128843
0 0.330078 0.188873 0.130859 0.134700
0 0.207520 0.311859 0.112305 0.122987
0 0.330566 0.311127 0.133789 0.124451
0 0.209961 0.428990 0.111328 0.117130
0 0.331055 0.434846 0.130859 0.122987
0 0.209473 0.551977 0.110352 0.131772
0 0.329590 0.551977 0.127930 0.122987
0 0.209473 0.677160 0.106445 0.121523
0 0.329102 0.674963 0.132812 0.122987
0 0.077148 0.801611 0.089844 0.124451
0 0.014648 0.800878 0.027344 0.114202
0 0.264648 0.796486 0.091797 0.122987
0 0.355469 0.798682 0.091797 0.118594
4 0.136230 0.450952 0.038086 0.898975
2 0.182617 0.902635 0.041016 0.098097
2 0.210449 0.893119 0.026367 0.084919
2 0.235840 0.893119 0.024414 0.087848
2 0.340332 0.885798 0.026367 0.081991
2 0.364746 0.877013 0.020508 0.076135
2 0.399414 0.882138 0.019531 0.089312
2 0.424316 0.879209 0.024414 0.086384
2 0.529785 0.830161 0.028320 0.111274
2 0.553223 0.826501 0.016602 0.062958
2 0.594238 0.819912 0.020508 0.070278
2 0.620605 0.822840 0.034180 0.093704
2 0.834473 0.801611 0.026367 0.068814
2 0.865723 0.781113 0.012695 0.051245
2 0.879883 0.800146 0.007812 0.054173
