0 0.670000 0.144218 0.240000 0.108844
0 0.665625 0.245578 0.228750 0.112925
0 0.675625 0.344218 0.216250 0.103401
0 0.676250 0.442857 0.215000 0.102041
0 0.693125 0.548299 0.238750 0.092517
0 0.703125 0.678912 0.241250 0.122449
0 0.708750 0.800000 0.242500 0.127891
0 0.711875 0.937415 0.246250 0.125170
0 0.341250 0.924490 0.275000 0.151020
0 0.100625 0.922449 0.198750 0.155102
0 0.110000 0.768707 0.217500 0.157823
0 0.321875 0.774830 0.213750 0.148299
0 0.112500 0.646259 0.222500 0.130612
0 0.320000 0.655102 0.202500 0.121088
