0 0.284286 0.475322 0.100000 0.109442
0 0.285000 0.603004 0.092857 0.103004
0 0.282857 0.731760 0.088571 0.111588
0 0.401429 0.680258 0.122857 0.167382
0 0.402143 0.486052 0.110000 0.105150
0 0.485714 0.286481 0.062857 0.152361
0 0.545000 0.246781 0.061429 0.167382
0 0.612857 0.196352 0.071429 0.182403
0 0.697857 0.148069 0.087143 0.197425
0 0.790714 0.100858 0.115714 0.197425
0 0.485000 0.395923 0.058571 0.130901
0 0.550714 0.374464 0.067143 0.152361
0 0.622143 0.336910 0.075714 0.171674
0 0.705714 0.288627 0.088571 0.195279
0 0.806429 0.242489 0.107143 0.210300
