0 0.370312 0.219226 0.131250 0.201641
0 0.503125 0.209848 0.137500 0.215709
0 0.639062 0.215123 0.134375 0.202814
0 0.286719 0.239156 0.043750 0.173505
0 0.282031 0.403869 0.040625 0.158265
0 0.367969 0.400938 0.132812 0.159437
0 0.503906 0.400352 0.139063 0.160610
0 0.641016 0.399179 0.135156 0.158265
0 0.279687 0.562720 0.037500 0.166471
0 0.366016 0.560961 0.135156 0.169988
0 0.503906 0.559203 0.140625 0.166471
0 0.641406 0.559203 0.134375 0.166471
0 0.274609 0.723916 0.047656 0.169988
0 0.366406 0.729191 0.139063 0.175850
0 0.504297 0.731536 0.136719 0.171161
0 0.642188 0.730363 0.139063 0.168816
0 0.271094 0.899179 0.040625 0.180539
0 0.364063 0.902110 0.139063 0.174678
0 0.503125 0.902696 0.139063 0.173505
0 0.645312 0.898007 0.145313 0.164127
