4 0.614258 0.454623 0.041016 0.217466
4 0.589844 0.502568 0.015625 0.121575
4 0.529785 0.505993 0.016602 0.131849
4 0.465820 0.504281 0.017578 0.125000
4 0.402832 0.501712 0.016602 0.133562
4 0.340820 0.497432 0.011719 0.121575
4 0.279785 0.495719 0.018555 0.121575
4 0.392578 0.452055 0.033203 0.202055
0 0.647949 0.214897 0.122070 0.220890
0 0.525391 0.213185 0.117188 0.224315
0 0.408691 0.216610 0.116211 0.220890
0 0.289062 0.218322 0.123047 0.224315
0 0.166992 0.218322 0.123047 0.227740
0 0.053711 0.221747 0.103516 0.234589
0 0.052246 0.053938 0.102539 0.104452
0 0.163574 0.055651 0.120117 0.107877
0 0.287109 0.054795 0.125000 0.106164
0 0.409180 0.050514 0.119141 0.097603
0 0.529785 0.056507 0.118164 0.109589
0 0.643555 0.055651 0.113281 0.107877
