4 0.281250 0.638563 0.021484 0.121701
4 0.326172 0.618768 0.017578 0.073314
4 0.406250 0.641496 0.021484 0.124633
4 0.428223 0.616569 0.016602 0.080645
4 0.534668 0.647361 0.020508 0.127566
4 0.635254 0.633431 0.020508 0.087977
4 0.663086 0.647361 0.021484 0.121701
4 0.738281 0.623167 0.017578 0.079179
0 0.241699 0.288856 0.131836 0.134897
0 0.378418 0.286657 0.139648 0.139296
0 0.520508 0.291056 0.142578 0.130499
0 0.664551 0.291789 0.145508 0.131965
0 0.775879 0.291056 0.077148 0.133431
0 0.240234 0.423021 0.132812 0.136364
0 0.378418 0.429619 0.143555 0.123167
0 0.521973 0.431085 0.143555 0.126100
0 0.666016 0.431818 0.144531 0.124633
0 0.776855 0.433284 0.077148 0.127566
0 0.242188 0.535924 0.132812 0.089443
0 0.379883 0.535924 0.142578 0.089443
0 0.522461 0.538123 0.142578 0.093842
0 0.665039 0.538856 0.142578 0.092375
0 0.776855 0.538123 0.081055 0.090909
0 0.118652 0.275660 0.088867 0.231672
