4 0.806152 0.503259 0.073242 0.993481
4 0.905273 0.500652 0.035156 0.998696
4 0.983398 0.501956 0.033203 0.996089
0 0.067383 0.040417 0.132812 0.078227
0 0.201660 0.039765 0.131836 0.076923
0 0.329590 0.041069 0.124023 0.079531
0 0.451172 0.040417 0.123047 0.078227
0 0.562988 0.039765 0.100586 0.076923
0 0.670898 0.041069 0.123047 0.079531
0 0.069824 0.151890 0.125977 0.084746
0 0.199219 0.153846 0.132812 0.083442
0 0.328125 0.155802 0.125000 0.087353
0 0.452637 0.157106 0.124023 0.084746
0 0.563965 0.157106 0.098633 0.084746
0 0.669434 0.158409 0.114258 0.084746
0 0.068848 0.275098 0.125977 0.083442
0 0.199219 0.279009 0.134766 0.075619
0 0.326660 0.277053 0.122070 0.079531
0 0.451660 0.277053 0.127930 0.079531
0 0.562988 0.279009 0.094727 0.083442
0 0.668945 0.280313 0.117188 0.080834
0 0.069336 0.399609 0.126953 0.082138
0 0.198730 0.398957 0.133789 0.083442
0 0.327637 0.397653 0.124023 0.080834
0 0.452148 0.398305 0.125000 0.079531
0 0.563477 0.400261 0.097656 0.083442
0 0.670410 0.400913 0.116211 0.082138
0 0.066895 0.519557 0.125977 0.089961
0 0.198730 0.522164 0.137695 0.084746
0 0.329102 0.520860 0.123047 0.082138
0 0.452637 0.520860 0.124023 0.082138
0 0.562500 0.519557 0.095703 0.079531
0 0.668457 0.520209 0.116211 0.078227
0 0.069336 0.640156 0.130859 0.088657
0 0.201172 0.642764 0.132812 0.083442
0 0.330078 0.642112 0.125000 0.082138
0 0.454102 0.639505 0.123047 0.087353
0 0.562012 0.640156 0.092773 0.086050
0 0.668945 0.642112 0.121094 0.082138
0 0.068848 0.760104 0.125977 0.083442
0 0.199707 0.762712 0.135742 0.078227
0 0.329102 0.764016 0.123047 0.080834
0 0.453613 0.760756 0.125977 0.087353
0 0.564941 0.760756 0.096680 0.087353
0 0.669922 0.760756 0.113281 0.087353
0 0.072754 0.953716 0.125977 0.082138
0 0.201172 0.952412 0.130859 0.079531
0 0.329102 0.951760 0.123047 0.080834
0 0.450195 0.953716 0.119141 0.084746
0 0.562988 0.953064 0.100586 0.078227
0 0.670898 0.955671 0.109375 0.088657
