0 0.312500 0.340776 0.030273 0.057833
0 0.413086 0.341508 0.030273 0.059297
0 0.511719 0.343704 0.032227 0.060761
0 0.586670 0.344070 0.038574 0.054173
0 0.625000 0.342240 0.038086 0.057833
0 0.699951 0.345534 0.027832 0.054173
0 0.768799 0.346266 0.026855 0.052709
0 0.799072 0.341874 0.030762 0.043924
0 0.273193 0.352489 0.039551 0.037335
0 0.202881 0.351025 0.022949 0.034407
0 0.143555 0.363470 0.014648 0.053441
0 0.315918 0.493411 0.029297 0.122987
0 0.167969 0.488287 0.032227 0.102489
0 0.412598 0.490483 0.025391 0.098097
0 0.548828 0.491947 0.062500 0.103953
0 0.663086 0.492313 0.064453 0.110542
1 0.603271 0.491215 0.023926 0.093704
