0 0.680240 0.146484 0.169559 0.189453
0 0.852470 0.113770 0.182911 0.225586
0 0.677570 0.315430 0.177570 0.191406
0 0.852470 0.281738 0.196262 0.206055
0 0.674232 0.460449 0.173565 0.157227
0 0.851135 0.436035 0.198932 0.168945
0 0.847130 0.582520 0.193591 0.166992
0 0.670895 0.596191 0.188251 0.151367
0 0.666889 0.756348 0.174900 0.168945
0 0.853805 0.749512 0.204272 0.186523
0 0.666222 0.907715 0.192256 0.151367
0 0.854473 0.917480 0.184246 0.165039
0 0.428571 0.521484 0.133511 0.132812
0 0.431909 0.387207 0.134846 0.157227
0 0.443258 0.235352 0.112150 0.183594
0 0.419226 0.638184 0.128171 0.131836
0 0.413218 0.766113 0.134846 0.143555
0 0.406542 0.905762 0.118825 0.120117
0 0.294393 0.903809 0.126836 0.122070
0 0.299733 0.778320 0.116155 0.146484
0 0.305073 0.649902 0.118825 0.122070
0 0.309746 0.529785 0.112150 0.118164
0 0.325768 0.414551 0.122830 0.151367
0 0.334446 0.259277 0.118825 0.178711
0 0.227637 0.282227 0.110814 0.173828
0 0.137517 0.312500 0.093458 0.171875
0 0.056075 0.330078 0.093458 0.167969
0 0.123498 0.447754 0.102804 0.135742
0 0.218291 0.433594 0.100134 0.146484
0 0.044726 0.457031 0.086782 0.126953
0 0.044059 0.575684 0.077437 0.112305
0 0.124833 0.562988 0.100134 0.127930
0 0.214286 0.547363 0.100134 0.124023
0 0.205607 0.658691 0.104139 0.124023
0 0.114152 0.666504 0.100134 0.114258
0 0.033378 0.672363 0.064085 0.108398
0 0.023364 0.789062 0.044059 0.125000
0 0.098798 0.785156 0.104139 0.132812
0 0.199599 0.777344 0.108144 0.138672
0 0.018692 0.908691 0.034713 0.108398
0 0.084112 0.907715 0.104139 0.114258
0 0.185581 0.912109 0.098798 0.117188
