0 0.117676 0.439883 0.104492 0.281525
0 0.240723 0.443548 0.143555 0.268328
0 0.380859 0.444282 0.136719 0.269795
0 0.514648 0.447214 0.130859 0.263930
0 0.647949 0.453812 0.135742 0.277126
0 0.786133 0.447947 0.140625 0.288856
0 0.909180 0.445015 0.105469 0.282991
0 0.911133 0.632698 0.101562 0.092375
0 0.789062 0.641496 0.142578 0.074780
0 0.649902 0.634164 0.135742 0.060117
0 0.514160 0.636364 0.129883 0.082111
0 0.383301 0.636364 0.131836 0.082111
0 0.243164 0.637830 0.148438 0.079179
0 0.115234 0.640762 0.107422 0.085044
