0 0.227848 0.511076 0.097046 0.477848
0 0.306962 0.511076 0.061181 0.477848
0 0.370253 0.507911 0.065401 0.465190
0 0.434599 0.507911 0.063291 0.465190
0 0.500000 0.507911 0.067511 0.465190
0 0.565401 0.507911 0.063291 0.465190
0 0.627637 0.507911 0.061181 0.465190
0 0.690928 0.506329 0.065401 0.468354
0 0.756329 0.511076 0.065401 0.477848
0 0.834388 0.511076 0.090717 0.477848
0 0.229958 0.764241 0.097046 0.041139
0 0.309072 0.764241 0.061181 0.041139
0 0.371308 0.765823 0.063291 0.044304
0 0.434599 0.765823 0.063291 0.044304
0 0.501055 0.762658 0.069620 0.037975
0 0.567511 0.762658 0.063291 0.037975
0 0.630802 0.762658 0.063291 0.037975
0 0.693038 0.764241 0.061181 0.034810
0 0.757384 0.764241 0.067511 0.034810
0 0.835443 0.764241 0.088608 0.034810
0 0.151899 0.530063 0.050633 0.509494
0 0.009494 0.471519 0.014768 0.259494
0 0.027426 0.468354 0.021097 0.272152
0 0.050633 0.463608 0.025316 0.281646
0 0.094937 0.360759 0.063291 0.120253
0 0.032700 0.655063 0.061181 0.113924
1 0.094937 0.575949 0.059072 0.316456
