0 0.212891 0.110542 0.119141 0.092240
0 0.328613 0.109810 0.110352 0.084919
0 0.438965 0.113470 0.110352 0.080527
0 0.551758 0.111274 0.115234 0.084919
0 0.663574 0.109078 0.108398 0.089312
0 0.744141 0.110542 0.052734 0.092240
0 0.213379 0.204978 0.118164 0.108346
0 0.327637 0.204246 0.110352 0.109810
0 0.439453 0.205710 0.113281 0.112738
0 0.553223 0.207174 0.114258 0.109810
0 0.666504 0.204978 0.112305 0.105417
0 0.745605 0.207174 0.045898 0.101025
0 0.214355 0.295022 0.118164 0.080527
0 0.329102 0.295754 0.111328 0.079063
0 0.440918 0.295754 0.112305 0.079063
0 0.550293 0.300878 0.108398 0.077599
0 0.662598 0.298682 0.116211 0.079063
0 0.746582 0.300878 0.051758 0.074671
0 0.813965 0.193997 0.094727 0.080527
0 0.928711 0.193265 0.119141 0.081991
0 0.816406 0.310395 0.093750 0.137628
0 0.933594 0.314788 0.132812 0.128843
0 0.115723 0.196925 0.063477 0.074671
0 0.105957 0.290630 0.092773 0.098097
0 0.104004 0.409224 0.092773 0.139092
1 0.252930 0.473646 0.035156 0.071742
1 0.664062 0.471449 0.035156 0.067350
