0 0.054297 0.036096 0.085156 0.069519
0 0.142578 0.038770 0.086719 0.074866
0 0.228516 0.040107 0.088281 0.077540
0 0.317969 0.041444 0.090625 0.080214
0 0.408984 0.035428 0.088281 0.068182
0 0.499609 0.030749 0.091406 0.058824
0 0.590625 0.034091 0.089063 0.065508
0 0.679297 0.034091 0.085156 0.065508
0 0.765625 0.031417 0.085938 0.060160
0 0.857422 0.035428 0.086719 0.068182
0 0.944922 0.038770 0.086719 0.074866
0 0.056250 0.132353 0.082812 0.125668
0 0.140625 0.133690 0.085938 0.122995
0 0.228516 0.132353 0.088281 0.120321
0 0.318750 0.131684 0.092188 0.121658
0 0.408984 0.129679 0.088281 0.117647
0 0.497656 0.130348 0.089063 0.116310
0 0.589453 0.129011 0.094531 0.113636
0 0.679688 0.128342 0.085938 0.114973
0 0.769531 0.132353 0.093750 0.122995
0 0.858984 0.132353 0.085156 0.122995
0 0.947656 0.132353 0.092188 0.122995
0 0.944531 0.255348 0.087500 0.120321
0 0.858203 0.255348 0.085156 0.120321
0 0.771094 0.254679 0.089063 0.118984
0 0.679688 0.250000 0.092188 0.133690
0 0.589063 0.246658 0.089063 0.127005
0 0.494922 0.254679 0.091406 0.132353
0 0.405078 0.247326 0.089844 0.112299
0 0.316016 0.252674 0.089844 0.120321
0 0.225781 0.254679 0.090625 0.124332
0 0.138672 0.255348 0.083594 0.122995
0 0.053516 0.254011 0.086719 0.120321
0 0.052344 0.376337 0.084375 0.124332
0 0.137891 0.379011 0.085156 0.118984
0 0.226172 0.380348 0.091406 0.116310
0 0.317578 0.372326 0.083594 0.113636
0 0.404297 0.372326 0.089844 0.113636
0 0.496875 0.370989 0.095312 0.116310
0 0.589844 0.370989 0.090625 0.116310
0 0.679688 0.374332 0.089063 0.109626
0 0.768359 0.377674 0.088281 0.116310
0 0.857812 0.375668 0.090625 0.120321
0 0.946094 0.376337 0.085938 0.121658
0 0.946875 0.499332 0.084375 0.124332
0 0.948047 0.626337 0.086719 0.129679
0 0.946094 0.745321 0.090625 0.108289
0 0.946875 0.858289 0.092188 0.117647
0 0.858594 0.870989 0.084375 0.127005
0 0.771094 0.872995 0.090625 0.122995
0 0.689063 0.873663 0.073438 0.124332
0 0.686328 0.747995 0.074219 0.121658
0 0.769141 0.749332 0.091406 0.124332
0 0.859375 0.749332 0.089063 0.124332
0 0.860938 0.625000 0.085938 0.124332
0 0.771875 0.502674 0.092188 0.120321
0 0.861328 0.499332 0.089844 0.127005
0 0.767969 0.629679 0.089063 0.120321
0 0.689453 0.627005 0.067969 0.125668
0 0.680469 0.497995 0.085938 0.121658
0 0.590625 0.477941 0.085938 0.100267
0 0.500781 0.481283 0.089063 0.090909
0 0.405469 0.479947 0.090625 0.090909
0 0.313672 0.496658 0.088281 0.121658
0 0.225391 0.500668 0.085156 0.113636
0 0.137500 0.497326 0.085938 0.120321
0 0.051953 0.494652 0.085156 0.117647
0 0.051562 0.612299 0.085938 0.117647
0 0.051562 0.735963 0.085938 0.129679
0 0.051953 0.860963 0.085156 0.120321
0 0.139063 0.860294 0.089063 0.132353
0 0.226172 0.865642 0.085156 0.121658
0 0.305469 0.871658 0.073438 0.133690
0 0.139844 0.731952 0.084375 0.116310
0 0.141016 0.611631 0.086719 0.108289
0 0.228516 0.618984 0.092969 0.131016
0 0.305078 0.624332 0.071094 0.125668
0 0.223828 0.751337 0.088281 0.120321
0 0.308594 0.747995 0.081250 0.116310
0 0.383984 0.741310 0.047656 0.383690
0 0.451562 0.748663 0.087500 0.368984
0 0.543750 0.745989 0.096875 0.363636
0 0.612891 0.742647 0.041406 0.370321
