0 0.270996 0.459677 0.163086 0.165689
0 0.272949 0.655425 0.165039 0.219941
0 0.446777 0.458944 0.180664 0.175953
0 0.446289 0.656158 0.181641 0.218475
0 0.623047 0.457478 0.134766 0.175953
0 0.624512 0.656891 0.131836 0.217009
1 0.304199 0.900293 0.073242 0.134897
1 0.452148 0.898827 0.072266 0.131965
1 0.599121 0.896628 0.073242 0.136364
4 0.829590 0.874633 0.022461 0.192082
0 0.951660 0.032991 0.096680 0.063050
0 0.953125 0.551320 0.093750 0.123167
0 0.954590 0.269795 0.090820 0.152493
4 0.358398 0.567449 0.029297 0.390029
4 0.546387 0.567449 0.018555 0.392962
