0 0.141250 0.137778 0.280833 0.273333
0 0.410417 0.137222 0.259167 0.272222
0 0.665833 0.135556 0.250000 0.268889
0 0.895417 0.136667 0.209167 0.271111
0 0.138333 0.405000 0.275000 0.261111
0 0.412500 0.405556 0.263333 0.266667
0 0.668750 0.402778 0.249167 0.272222
0 0.896667 0.400556 0.206667 0.267778
0 0.140000 0.695000 0.278333 0.305556
0 0.411250 0.687222 0.269167 0.305556
0 0.666667 0.687778 0.241667 0.304444
0 0.895000 0.688333 0.210000 0.305556
0 0.137917 0.922778 0.274167 0.154444
0 0.410000 0.922222 0.268333 0.155556
0 0.670417 0.920556 0.245833 0.158889
0 0.895833 0.920556 0.208333 0.158889
