0 0.321200 0.185800 0.092000 0.052400
0 0.410400 0.187400 0.086400 0.049200
0 0.495000 0.185800 0.082800 0.046000
0 0.580400 0.185800 0.090400 0.046000
0 0.671800 0.184200 0.092400 0.042800
0 0.325000 0.350400 0.054000 0.061600
0 0.418200 0.353400 0.074000 0.055600
0 0.575800 0.353400 0.075600 0.064400
0 0.625800 0.365000 0.175600 0.047600
0 0.666600 0.353600 0.054000 0.061600
0 0.365800 0.356600 0.181200 0.052400
0 0.406600 0.528000 0.262800 0.044800
0 0.629600 0.527400 0.173600 0.049200
0 0.324200 0.512000 0.055600 0.073600
0 0.413400 0.512000 0.074000 0.073600
0 0.575200 0.515000 0.080000 0.074000
0 0.670400 0.518800 0.049600 0.078400
0 0.762000 0.461200 0.078400 0.036800
0 0.759600 0.293600 0.080000 0.040000
0 0.229600 0.289600 0.084800 0.035200
0 0.231800 0.458000 0.089200 0.043200
0 0.231200 0.625800 0.084800 0.042800
0 0.324200 0.656400 0.046000 0.061600
0 0.415800 0.658200 0.078800 0.067600
0 0.574200 0.656600 0.072400 0.067600
0 0.663400 0.659600 0.047600 0.061600
5 0.384200 0.852800 0.162800 0.100000
5 0.898200 0.914400 0.203600 0.171200
0 0.254200 0.827200 0.417200 0.156800
0 0.695800 0.833600 0.426000 0.163200
