0 0.103125 0.167187 0.204167 0.309375
0 0.305208 0.181771 0.202083 0.273958
0 0.496875 0.189583 0.187500 0.295833
0 0.673438 0.205208 0.182292 0.277083
0 0.841146 0.221875 0.186458 0.262500
0 0.107813 0.461458 0.205208 0.297917
0 0.309375 0.459896 0.212500 0.284375
0 0.503646 0.465104 0.194792 0.280208
0 0.680729 0.464062 0.173958 0.261458
0 0.851562 0.469792 0.203125 0.250000
0 0.110937 0.756771 0.198958 0.292708
0 0.310417 0.750000 0.206250 0.283333
0 0.511979 0.741667 0.205208 0.272917
0 0.697917 0.733333 0.191667 0.264583
0 0.867708 0.716667 0.189583 0.250000
