0 0.248047 0.057101 0.158203 0.111274
0 0.413574 0.055637 0.168945 0.108346
0 0.570801 0.054905 0.147461 0.106881
0 0.716309 0.054905 0.147461 0.106881
0 0.835938 0.054905 0.095703 0.106881
0 0.250977 0.189605 0.160156 0.150805
0 0.415039 0.186676 0.167969 0.156662
0 0.571777 0.184480 0.145508 0.155198
0 0.716797 0.184480 0.144531 0.155198
0 0.836426 0.183748 0.094727 0.153734
0 0.250000 0.346266 0.156250 0.153734
0 0.415527 0.345534 0.166992 0.161054
0 0.572754 0.341142 0.147461 0.152269
0 0.718262 0.338946 0.145508 0.156662
0 0.837891 0.338946 0.093750 0.156662
0 0.250488 0.505124 0.159180 0.161054
0 0.415527 0.502196 0.170898 0.163982
0 0.572266 0.502196 0.146484 0.169839
0 0.719238 0.500000 0.143555 0.168375
