0 0.050781 0.121701 0.099609 0.240469
0 0.162598 0.112903 0.127930 0.222874
0 0.295410 0.094575 0.133789 0.186217
0 0.429199 0.080645 0.141602 0.158358
0 0.572266 0.065982 0.140625 0.129032
0 0.716309 0.062317 0.149414 0.121701
0 0.869141 0.044721 0.154297 0.086510
0 0.059082 0.370968 0.114258 0.258065
0 0.180664 0.332845 0.134766 0.255132
0 0.313965 0.298387 0.139648 0.262463
0 0.453613 0.273460 0.145508 0.262463
0 0.596680 0.250000 0.144531 0.256598
0 0.747070 0.228739 0.152344 0.258065
0 0.900391 0.207478 0.158203 0.250733
0 0.068359 0.608504 0.128906 0.269795
0 0.198242 0.575513 0.136719 0.265396
0 0.333496 0.541056 0.143555 0.246334
0 0.478516 0.513930 0.142578 0.253666
0 0.624023 0.492669 0.148438 0.260997
0 0.775391 0.475806 0.154297 0.253666
0 0.926758 0.462610 0.146484 0.253666
0 0.083496 0.846041 0.135742 0.275660
0 0.216797 0.813050 0.138672 0.250733
0 0.355957 0.792522 0.141602 0.253666
0 0.502441 0.767595 0.151367 0.259531
0 0.651367 0.744868 0.152344 0.260997
0 0.807617 0.734604 0.164062 0.255132
0 0.944824 0.719941 0.110352 0.246334
0 0.236816 0.972141 0.143555 0.055718
0 0.380371 0.960411 0.145508 0.079179
0 0.528809 0.948680 0.151367 0.102639
0 0.681641 0.941349 0.154297 0.117302
0 0.841797 0.935484 0.158203 0.129032
0 0.960449 0.927419 0.079102 0.145161
