0 0.205566 0.222874 0.151367 0.096774
0 0.350586 0.221408 0.138672 0.099707
0 0.450684 0.217009 0.061523 0.090909
0 0.244629 0.329912 0.079102 0.108504
0 0.344238 0.328446 0.120117 0.111437
0 0.243652 0.428152 0.083008 0.090909
0 0.345215 0.428886 0.120117 0.092375
0 0.244141 0.518328 0.082031 0.095308
0 0.346191 0.518328 0.122070 0.089443
0 0.245117 0.620235 0.078125 0.111437
0 0.344238 0.620968 0.118164 0.112903
0 0.245605 0.728006 0.081055 0.092375
0 0.346680 0.726540 0.123047 0.086510
0 0.245605 0.828446 0.081055 0.117302
0 0.347656 0.828446 0.123047 0.117302
0 0.247070 0.928152 0.078125 0.087977
0 0.349121 0.925953 0.118164 0.086510
0 0.482422 0.285924 0.089844 0.055718
0 0.574707 0.285191 0.094727 0.057185
0 0.667480 0.286657 0.090820 0.060117
0 0.757324 0.285924 0.090820 0.061584
0 0.845703 0.285191 0.085938 0.060117
0 0.481445 0.347507 0.091797 0.055718
0 0.573730 0.348974 0.092773 0.052786
0 0.665527 0.347507 0.092773 0.049853
0 0.759277 0.346774 0.088867 0.048387
0 0.845703 0.347507 0.085938 0.061584
0 0.480957 0.406891 0.090820 0.051320
0 0.573242 0.407625 0.093750 0.052786
0 0.665527 0.405425 0.092773 0.051320
0 0.758789 0.404692 0.089844 0.058651
0 0.848145 0.404692 0.084961 0.055718
0 0.482422 0.495601 0.091797 0.111437
0 0.574219 0.498534 0.091797 0.111437
0 0.668945 0.498534 0.087891 0.111437
0 0.759766 0.496334 0.089844 0.112903
0 0.848633 0.495601 0.083984 0.120235
0 0.483398 0.615103 0.089844 0.112903
0 0.576172 0.615103 0.087891 0.109971
0 0.483887 0.747801 0.088867 0.143695
0 0.670410 0.612903 0.088867 0.120235
0 0.759277 0.618035 0.096680 0.127566
0 0.848633 0.614370 0.087891 0.129032
0 0.575684 0.750000 0.098633 0.145161
0 0.669434 0.748534 0.088867 0.148094
0 0.760254 0.750000 0.092773 0.145161
0 0.850098 0.751466 0.083008 0.142229
0 0.484375 0.897361 0.089844 0.149560
0 0.578125 0.894428 0.095703 0.152493
0 0.670898 0.893695 0.091797 0.148094
0 0.762695 0.896628 0.093750 0.148094
0 0.851562 0.901026 0.082031 0.148094
0 0.033691 0.497801 0.065430 0.109971
0 0.112305 0.496334 0.091797 0.118768
0 0.180664 0.494868 0.044922 0.107038
0 0.034668 0.616569 0.063477 0.115836
0 0.111328 0.616569 0.089844 0.115836
0 0.033691 0.751466 0.063477 0.151026
0 0.135742 0.747801 0.134766 0.146628
0 0.033691 0.892229 0.065430 0.133431
0 0.139160 0.895894 0.135742 0.146628
0 0.035645 0.288123 0.063477 0.054252
0 0.134766 0.288856 0.138672 0.058651
0 0.036133 0.351906 0.058594 0.055718
0 0.110352 0.350440 0.087891 0.055718
0 0.038086 0.411290 0.066406 0.057185
0 0.112793 0.405425 0.088867 0.051320
0 0.183105 0.351906 0.045898 0.052786
0 0.178711 0.409824 0.050781 0.063050
