0 0.136250 0.185816 0.044167 0.093617
0 0.363333 0.354610 0.031667 0.076596
0 0.633333 0.339716 0.026667 0.049645
0 0.182917 0.183688 0.054167 0.097872
0 0.235000 0.184397 0.050000 0.096454
0 0.282083 0.181560 0.044167 0.090780
0 0.132500 0.270213 0.046667 0.089362
0 0.182083 0.270922 0.052500 0.087943
0 0.232500 0.270922 0.048333 0.087943
0 0.279167 0.271631 0.045000 0.086525
0 0.130833 0.361702 0.048333 0.099291
0 0.182083 0.364539 0.052500 0.093617
0 0.231250 0.363121 0.045833 0.090780
0 0.277917 0.361702 0.047500 0.093617
0 0.127917 0.470213 0.052500 0.126241
0 0.180417 0.472340 0.050833 0.121986
0 0.230417 0.471631 0.049167 0.120567
0 0.277917 0.469504 0.045833 0.124823
0 0.227500 0.665248 0.141667 0.218440
0 0.421667 0.174468 0.053333 0.082270
0 0.473333 0.263121 0.050000 0.095035
0 0.524583 0.358156 0.052500 0.095035
0 0.577917 0.467376 0.054167 0.123404
0 0.578750 0.584397 0.052500 0.110638
0 0.527500 0.585816 0.050000 0.107801
0 0.472917 0.581560 0.059167 0.099291
0 0.419583 0.581560 0.047500 0.099291
0 0.417917 0.682979 0.050833 0.103546
0 0.419167 0.466667 0.053333 0.130496
0 0.472917 0.465248 0.054167 0.127660
0 0.524583 0.465957 0.049167 0.126241
0 0.421250 0.360284 0.045833 0.102128
0 0.470833 0.359574 0.051667 0.097872
0 0.422917 0.259574 0.045833 0.082270
0 0.578750 0.358156 0.050833 0.097872
0 0.525417 0.259574 0.052500 0.099291
0 0.577083 0.259574 0.049167 0.102128
0 0.474583 0.169504 0.049167 0.092199
0 0.523750 0.170213 0.049167 0.090780
0 0.575417 0.171631 0.054167 0.093617
0 0.716250 0.179433 0.044167 0.095035
0 0.767917 0.678014 0.139167 0.249645
0 0.760417 0.182270 0.047500 0.080851
0 0.807083 0.185106 0.045833 0.086525
0 0.851250 0.184397 0.042500 0.087943
0 0.715833 0.273050 0.041667 0.089362
0 0.759583 0.272340 0.045833 0.090780
0 0.806667 0.273050 0.048333 0.092199
0 0.852917 0.273759 0.044167 0.090780
0 0.717083 0.363121 0.044167 0.096454
0 0.761250 0.363830 0.044167 0.095035
0 0.807500 0.363830 0.048333 0.095035
0 0.854583 0.365957 0.045833 0.090780
0 0.718750 0.473759 0.042500 0.119149
0 0.761667 0.471631 0.043333 0.123404
0 0.809167 0.473759 0.051667 0.127660
0 0.857917 0.474468 0.045833 0.126241
3 0.348333 0.391489 0.091667 0.539007
3 0.651250 0.395745 0.094167 0.544681
