0 0.271333 0.147818 0.174667 0.097952
0 0.450667 0.146037 0.189333 0.097952
0 0.630000 0.146037 0.174667 0.097952
0 0.811333 0.145592 0.188000 0.097061
0 0.950667 0.149154 0.098667 0.098842
0 0.266667 0.257792 0.170667 0.118433
0 0.450000 0.256901 0.193333 0.125557
0 0.631333 0.258237 0.177333 0.122885
0 0.810000 0.260908 0.190667 0.122885
0 0.952000 0.261799 0.096000 0.124666
0 0.268667 0.348620 0.169333 0.061443
0 0.449333 0.349955 0.192000 0.055209
0 0.632667 0.351736 0.174667 0.058771
0 0.812000 0.352627 0.184000 0.056990
0 0.268667 0.442119 0.169333 0.129118
0 0.446667 0.441674 0.186667 0.121104
0 0.626000 0.444346 0.172000 0.122885
0 0.271333 0.534283 0.174667 0.055209
0 0.449333 0.536064 0.192000 0.058771
0 0.628667 0.537400 0.172000 0.061443
