0 0.696203 0.125000 0.042194 0.198276
0 0.733122 0.129310 0.031646 0.189655
0 0.766878 0.135776 0.035865 0.202586
0 0.801688 0.142241 0.029536 0.189655
0 0.832278 0.144397 0.031646 0.193966
0 0.866034 0.155172 0.035865 0.172414
0 0.697257 0.312500 0.040084 0.176724
0 0.734177 0.312500 0.033755 0.176724
0 0.767932 0.314655 0.033755 0.181034
0 0.802743 0.323276 0.035865 0.163793
0 0.834388 0.325431 0.027426 0.168103
0 0.864979 0.327586 0.033755 0.163793
0 0.606540 0.519397 0.040084 0.176724
0 0.645570 0.519397 0.037975 0.176724
0 0.682489 0.519397 0.035865 0.176724
0 0.718354 0.517241 0.035865 0.181034
0 0.755274 0.515086 0.037975 0.176724
0 0.791139 0.515086 0.033755 0.176724
0 0.607595 0.665948 0.042194 0.125000
0 0.646624 0.668103 0.035865 0.120690
0 0.683544 0.665948 0.037975 0.116379
0 0.720464 0.665948 0.035865 0.116379
0 0.754219 0.668103 0.031646 0.120690
0 0.789030 0.665948 0.037975 0.125000
0 0.477848 0.650862 0.078059 0.077586
0 0.478903 0.549569 0.080169 0.107759
