0 0.402381 0.339399 0.100000 0.112342
0 0.507143 0.336234 0.100000 0.115506
0 0.607143 0.340190 0.095238 0.107595
0 0.705952 0.341772 0.102381 0.110759
0 0.717857 0.466772 0.083333 0.136076
0 0.616667 0.463608 0.119048 0.142405
0 0.509524 0.461234 0.095238 0.137658
0 0.407143 0.463608 0.109524 0.132911
0 0.508333 0.596519 0.092857 0.132911
0 0.605952 0.598101 0.102381 0.129747
0 0.705952 0.600475 0.097619 0.134494
3 0.875000 0.470728 0.226190 0.390823
3 0.273810 0.471519 0.157143 0.405063
1 0.404762 0.603639 0.109524 0.137658
