0 0.694336 0.363636 0.238281 0.158358
0 0.907227 0.363636 0.185547 0.158358
0 0.692383 0.514663 0.242188 0.143695
0 0.905273 0.513930 0.189453 0.142229
0 0.694336 0.653226 0.246094 0.145161
0 0.907227 0.651026 0.185547 0.134897
0 0.693848 0.788123 0.249023 0.136364
0 0.910645 0.788123 0.178711 0.142229
0 0.695801 0.928886 0.245117 0.142229
0 0.910645 0.927419 0.178711 0.145161
0 0.081543 0.672287 0.155273 0.136364
0 0.255859 0.671554 0.199219 0.134897
0 0.080566 0.800587 0.159180 0.123167
0 0.258301 0.801320 0.204102 0.112903
0 0.082031 0.929619 0.158203 0.140762
0 0.258789 0.926686 0.205078 0.146628
