0 0.090820 0.306003 0.076172 0.204978
0 0.165527 0.308199 0.073242 0.203514
0 0.336426 0.290630 0.077148 0.171303
0 0.413574 0.291362 0.077148 0.169839
0 0.335938 0.456808 0.078125 0.163982
0 0.414062 0.456808 0.078125 0.163982
0 0.584961 0.289898 0.080078 0.169839
0 0.661621 0.291362 0.073242 0.169839
0 0.584961 0.454612 0.080078 0.162518
0 0.662598 0.459736 0.086914 0.169839
0 0.833984 0.286969 0.064453 0.172767
0 0.904297 0.286969 0.072266 0.175695
0 0.834473 0.456076 0.071289 0.171303
0 0.905762 0.459004 0.073242 0.165447
4 0.498535 0.369693 0.032227 0.346999
4 0.258789 0.368228 0.037109 0.341142
4 0.020020 0.373353 0.034180 0.348463
4 0.979004 0.371889 0.041992 0.360176
4 0.740723 0.370425 0.032227 0.351391
