0 0.082292 0.115204 0.162500 0.227273
0 0.325000 0.114420 0.329167 0.225705
0 0.652604 0.124608 0.326042 0.246082
0 0.905729 0.123041 0.188542 0.242947
0 0.080729 0.387931 0.159375 0.324451
0 0.325521 0.393417 0.332292 0.319749
0 0.654167 0.397335 0.325000 0.311912
0 0.908333 0.403605 0.183333 0.311912
0 0.909896 0.710031 0.180208 0.322884
0 0.909896 0.931818 0.180208 0.136364
0 0.658333 0.706113 0.337500 0.324451
0 0.661979 0.934169 0.336458 0.131661
0 0.325521 0.705329 0.336458 0.329154
0 0.328125 0.937304 0.341667 0.125392
0 0.078125 0.702978 0.154167 0.321317
0 0.078646 0.933386 0.155208 0.133229
