4 0.365234 0.287390 0.083984 0.571848
4 0.415039 0.272727 0.029297 0.542522
4 0.604980 0.273460 0.053711 0.543988
4 0.679688 0.286657 0.091797 0.570381
4 0.801270 0.272727 0.067383 0.542522
4 0.955078 0.283724 0.089844 0.564516
0 0.044434 0.474340 0.086914 0.247801
0 0.137207 0.472141 0.100586 0.196481
0 0.215332 0.479472 0.059570 0.152493
0 0.263184 0.483138 0.038086 0.121701
0 0.045410 0.190616 0.088867 0.378299
0 0.138672 0.204545 0.103516 0.406158
0 0.215820 0.217742 0.060547 0.432551
0 0.261230 0.221408 0.043945 0.439883
