0 0.526012 0.206510 0.088583 0.161979
0 0.532058 0.367708 0.098425 0.156250
0 0.539089 0.515365 0.096175 0.157812
0 0.542604 0.683854 0.103206 0.163542
0 0.549213 0.867708 0.108549 0.182292
0 0.451209 0.872656 0.095332 0.169271
0 0.447272 0.692969 0.087458 0.193229
0 0.445163 0.531250 0.093363 0.156250
0 0.443616 0.385156 0.090270 0.147396
0 0.693757 0.641927 0.002250 0.005729
0 0.442210 0.238281 0.087458 0.143229
0 0.362345 0.554427 0.080146 0.183854
0 0.361361 0.714323 0.080427 0.195312
0 0.361220 0.859635 0.082396 0.143229
0 0.286980 0.869531 0.066085 0.107813
0 0.287964 0.739323 0.070304 0.185938
0 0.290073 0.588021 0.068335 0.180208
0 0.293026 0.442969 0.070304 0.176563
0 0.363892 0.267188 0.071429 0.175000
0 0.295557 0.304427 0.065242 0.178646
0 0.240298 0.352604 0.051462 0.160417
0 0.198116 0.390625 0.039089 0.158333
0 0.236361 0.480990 0.053150 0.167187
0 0.196147 0.516406 0.043026 0.152604
0 0.188555 0.650260 0.040214 0.159896
0 0.231862 0.618490 0.054274 0.167187
0 0.229753 0.761719 0.056243 0.178646
0 0.184055 0.787760 0.039089 0.171354
3 0.081412 0.740365 0.162261 0.351562
