1 0.315918 0.465543 0.049805 0.136364
0 0.275391 0.466276 0.029297 0.134897
0 0.359375 0.458211 0.029297 0.118768
0 0.183594 0.389296 0.052734 0.136364
0 0.238281 0.392962 0.056641 0.129032
0 0.319824 0.364370 0.106445 0.071848
0 0.399902 0.396628 0.053711 0.121701
0 0.452148 0.394428 0.050781 0.126100
0 0.506348 0.393695 0.057617 0.124633
0 0.560547 0.398094 0.052734 0.118768
0 0.613770 0.396628 0.055664 0.118768
0 0.667480 0.393695 0.051758 0.124633
0 0.720703 0.395894 0.054688 0.129032
0 0.767090 0.399560 0.038086 0.121701
0 0.833984 0.372434 0.095703 0.067449
0 0.806641 0.431818 0.037109 0.054252
1 0.854004 0.458944 0.053711 0.114370
0 0.214355 0.154692 0.047852 0.306452
0 0.288086 0.156891 0.054688 0.310850
0 0.363281 0.151760 0.056641 0.300587
0 0.437500 0.153959 0.066406 0.304985
0 0.507812 0.154692 0.064453 0.306452
0 0.582520 0.150293 0.063477 0.297654
0 0.658203 0.165689 0.056641 0.328446
0 0.731934 0.162023 0.057617 0.321114
