2 0.458108 0.749493 0.151351 0.423935
0 0.190541 0.542596 0.097297 0.115619
0 0.192568 0.703854 0.101351 0.219067
1 0.295270 0.689655 0.106757 0.227181
0 0.291892 0.537525 0.100000 0.089249
0 0.391216 0.552738 0.093243 0.103448
0 0.482432 0.548682 0.089189 0.107505
0 0.389189 0.696755 0.089189 0.184584
0 0.556081 0.537525 0.050000 0.133874
0 0.616216 0.515213 0.064865 0.154158
0 0.687162 0.487830 0.077027 0.176471
0 0.785811 0.437120 0.117568 0.229209
0 0.921622 0.380325 0.156757 0.269777
0 0.555405 0.699797 0.051351 0.210953
0 0.614189 0.699797 0.060811 0.251521
0 0.689865 0.698783 0.082432 0.286004
0 0.793243 0.696755 0.132432 0.354970
0 0.926351 0.692698 0.147297 0.427992
0 0.191216 0.455375 0.106757 0.066937
0 0.295946 0.457404 0.105405 0.075051
0 0.392568 0.462475 0.098649 0.077079
0 0.479730 0.466531 0.083784 0.056795
0 0.568243 0.207911 0.050000 0.139959
0 0.628378 0.130832 0.064865 0.184584
0 0.707432 0.069980 0.090541 0.135903
0 0.188514 0.315416 0.101351 0.196755
0 0.292568 0.321501 0.095946 0.208925
0 0.389189 0.333671 0.097297 0.196755
0 0.479730 0.340771 0.083784 0.194726
0 0.191892 0.160243 0.108108 0.117647
0 0.290541 0.174442 0.094595 0.117647
0 0.388514 0.179513 0.098649 0.115619
0 0.479054 0.197769 0.085135 0.111562
0 0.191216 0.081136 0.104054 0.073022
0 0.290541 0.098377 0.100000 0.079108
0 0.389189 0.105477 0.097297 0.073022
0 0.479730 0.121704 0.089189 0.073022
0 0.477703 0.050710 0.087838 0.097363
0 0.387162 0.042596 0.093243 0.081136
0 0.295270 0.038540 0.098649 0.073022
0 0.188514 0.029412 0.101351 0.054767
