0 0.188811 0.412852 0.083916 0.329225
0 0.278222 0.328345 0.082917 0.170775
0 0.360140 0.410211 0.080919 0.334507
0 0.444056 0.330986 0.080919 0.169014
0 0.276723 0.579225 0.085914 0.338028
0 0.446054 0.580106 0.082917 0.339789
0 0.361139 0.746479 0.084915 0.338028
0 0.444555 0.832746 0.083916 0.179577
0 0.278222 0.832746 0.088911 0.176056
0 0.189311 0.751761 0.084915 0.341549
0 0.580919 0.405810 0.138861 0.248239
0 0.719281 0.405810 0.133866 0.248239
0 0.639361 0.786092 0.063936 0.191901
0 0.559940 0.783451 0.086913 0.200704
