0 0.547872 0.221631 0.166667 0.138298
0 0.328901 0.231678 0.260638 0.075650
0 0.546099 0.367021 0.177305 0.145390
0 0.375000 0.386525 0.168440 0.092199
0 0.343085 0.410165 0.232270 0.052009
0 0.548759 0.517730 0.164894 0.148936
0 0.354610 0.527778 0.127660 0.107565
0 0.348404 0.562057 0.235816 0.050827
0 0.550532 0.671986 0.168440 0.152482
0 0.351064 0.712175 0.230496 0.050827
0 0.354610 0.672577 0.131206 0.113475
0 0.618794 0.877069 0.085106 0.132388
0 0.700355 0.875887 0.092199 0.132388
0 0.787234 0.877660 0.074468 0.133570
0 0.804078 0.162530 0.051418 0.043735
0 0.801418 0.307920 0.053191 0.048463
0 0.806738 0.443262 0.049645 0.044917
0 0.810284 0.579196 0.056738 0.056738
