0 0.786667 0.252000 0.166667 0.112000
0 0.933333 0.255000 0.133333 0.106000
0 0.781667 0.357000 0.163333 0.110000
0 0.931667 0.360000 0.136667 0.104000
0 0.780000 0.464000 0.160000 0.112000
0 0.930000 0.467000 0.140000 0.106000
0 0.780000 0.566000 0.166667 0.108000
0 0.931667 0.568000 0.136667 0.104000
0 0.771667 0.656000 0.170000 0.080000
0 0.928333 0.658000 0.143333 0.076000
0 0.771667 0.748000 0.176667 0.108000
0 0.930000 0.748000 0.140000 0.108000
0 0.763333 0.856000 0.166667 0.108000
0 0.923333 0.856000 0.153333 0.108000
1 0.271667 0.794000 0.110000 0.168000
0 0.650000 0.260000 0.106667 0.120000
0 0.650000 0.363000 0.120000 0.090000
0 0.643333 0.471000 0.113333 0.110000
0 0.641667 0.572000 0.096667 0.104000
0 0.638333 0.661000 0.103333 0.082000
0 0.633333 0.754000 0.093333 0.096000
0 0.633333 0.833000 0.093333 0.074000
0 0.543333 0.751000 0.100000 0.102000
0 0.548333 0.664000 0.103333 0.072000
0 0.543333 0.578000 0.093333 0.100000
0 0.546667 0.472000 0.100000 0.108000
0 0.548333 0.372000 0.103333 0.108000
0 0.550000 0.270000 0.093333 0.112000
0 0.468333 0.288000 0.096667 0.112000
0 0.385000 0.301000 0.090000 0.114000
0 0.313333 0.310000 0.086667 0.108000
0 0.231667 0.321000 0.083333 0.102000
0 0.226667 0.415000 0.093333 0.114000
0 0.308333 0.402000 0.076667 0.112000
0 0.388333 0.398000 0.083333 0.104000
0 0.465000 0.389000 0.090000 0.102000
0 0.223333 0.509000 0.086667 0.106000
0 0.300000 0.501000 0.080000 0.102000
0 0.380000 0.492000 0.080000 0.104000
0 0.463333 0.482000 0.086667 0.112000
0 0.223333 0.601000 0.086667 0.090000
0 0.298333 0.599000 0.076667 0.094000
0 0.373333 0.590000 0.073333 0.104000
0 0.453333 0.580000 0.113333 0.104000
0 0.455000 0.667000 0.090000 0.074000
0 0.451667 0.754000 0.083333 0.104000
0 0.448333 0.834000 0.096667 0.064000
0 0.366667 0.833000 0.080000 0.062000
0 0.368333 0.752000 0.083333 0.092000
0 0.375000 0.673000 0.090000 0.070000
0 0.295000 0.676000 0.083333 0.064000
0 0.223333 0.677000 0.080000 0.066000
