0 0.049805 0.115000 0.095703 0.223333
0 0.157227 0.118333 0.119141 0.230000
0 0.274414 0.118333 0.115234 0.230000
0 0.387695 0.115000 0.111328 0.223333
0 0.500977 0.116667 0.115234 0.226667
0 0.611328 0.115000 0.113281 0.223333
0 0.723633 0.118333 0.115234 0.230000
0 0.836914 0.116667 0.111328 0.226667
0 0.947266 0.120000 0.105469 0.233333
0 0.050781 0.370000 0.097656 0.280000
0 0.051758 0.646667 0.099609 0.280000
0 0.051758 0.891667 0.099609 0.216667
0 0.159180 0.368333 0.115234 0.283333
0 0.157227 0.646667 0.119141 0.273333
0 0.159180 0.891667 0.123047 0.216667
0 0.272461 0.371667 0.111328 0.276667
0 0.272461 0.643333 0.115234 0.273333
0 0.276367 0.885000 0.115234 0.230000
0 0.386719 0.365000 0.117188 0.276667
0 0.386719 0.635000 0.113281 0.276667
0 0.500977 0.365000 0.111328 0.270000
0 0.614258 0.361667 0.115234 0.276667
0 0.724609 0.365000 0.109375 0.276667
0 0.836914 0.371667 0.115234 0.276667
0 0.948242 0.370000 0.103516 0.280000
0 0.499023 0.641667 0.107422 0.270000
0 0.613281 0.640000 0.109375 0.280000
0 0.726562 0.638333 0.109375 0.276667
0 0.835938 0.643333 0.121094 0.280000
0 0.946289 0.646667 0.107422 0.280000
0 0.387695 0.886667 0.119141 0.226667
0 0.500977 0.888333 0.111328 0.223333
0 0.612305 0.888333 0.115234 0.223333
0 0.726562 0.890000 0.121094 0.220000
0 0.839844 0.888333 0.117188 0.223333
0 0.945312 0.891667 0.109375 0.216667
