0 0.314941 0.573314 0.098633 0.131965
0 0.422852 0.576246 0.119141 0.131965
0 0.540039 0.576246 0.115234 0.131965
0 0.656250 0.577713 0.117188 0.129032
0 0.773438 0.579179 0.117188 0.131965
0 0.890625 0.578446 0.117188 0.133431
0 0.974609 0.577713 0.050781 0.131965
0 0.312988 0.695015 0.096680 0.117302
0 0.423340 0.698680 0.116211 0.115836
0 0.539062 0.700147 0.117188 0.115836
0 0.657227 0.700880 0.117188 0.117302
0 0.773438 0.697947 0.115234 0.114370
0 0.890625 0.698680 0.119141 0.115836
0 0.974121 0.697214 0.051758 0.115836
0 0.314453 0.820381 0.099609 0.127566
0 0.421875 0.818182 0.117188 0.129032
0 0.539551 0.821848 0.116211 0.127566
0 0.656250 0.821848 0.119141 0.127566
0 0.774902 0.821114 0.116211 0.126100
0 0.890625 0.822581 0.115234 0.131965
0 0.974121 0.822581 0.051758 0.129032
0 0.313965 0.935484 0.098633 0.102639
0 0.423340 0.935484 0.116211 0.099707
0 0.540039 0.936217 0.119141 0.098240
0 0.657715 0.936217 0.116211 0.098240
0 0.774414 0.935484 0.117188 0.099707
0 0.892090 0.936950 0.116211 0.096774
0 0.975098 0.942815 0.049805 0.099707
