0 0.049316 0.077496 0.096680 0.098361
0 0.205566 0.081222 0.161133 0.090909
0 0.393066 0.083458 0.163086 0.089419
0 0.575195 0.087183 0.162109 0.090909
0 0.760254 0.087183 0.159180 0.090909
0 0.930664 0.089419 0.121094 0.083458
0 0.048340 0.214605 0.090820 0.089419
0 0.204590 0.223547 0.163086 0.095380
0 0.390625 0.226528 0.164062 0.092399
0 0.574219 0.225037 0.160156 0.095380
0 0.759766 0.225782 0.160156 0.084948
0 0.931152 0.230253 0.120117 0.087928
0 0.047363 0.361401 0.092773 0.093890
0 0.206055 0.359911 0.162109 0.090909
0 0.391602 0.364382 0.158203 0.090909
0 0.575195 0.365872 0.162109 0.096870
0 0.759766 0.367362 0.162109 0.087928
0 0.928711 0.370343 0.121094 0.084948
0 0.047363 0.498510 0.090820 0.084948
0 0.203125 0.502235 0.160156 0.086438
0 0.390137 0.502235 0.163086 0.083458
0 0.573242 0.509687 0.166016 0.086438
0 0.757812 0.509687 0.162109 0.086438
0 0.927734 0.511177 0.123047 0.086438
0 0.045898 0.640089 0.089844 0.090909
0 0.201660 0.642325 0.161133 0.089419
0 0.385254 0.646796 0.159180 0.089419
0 0.575195 0.648286 0.167969 0.089419
0 0.760742 0.652012 0.167969 0.087928
0 0.930176 0.654247 0.131836 0.092399
0 0.044434 0.780179 0.086914 0.081967
0 0.200195 0.783159 0.160156 0.090909
0 0.387695 0.785395 0.166016 0.092399
0 0.571777 0.790611 0.163086 0.084948
0 0.757324 0.788376 0.163086 0.095380
0 0.926270 0.791356 0.124023 0.092399
0 0.047363 0.921759 0.092773 0.081967
0 0.200684 0.925484 0.157227 0.089419
0 0.387207 0.929210 0.165039 0.090909
0 0.573730 0.926230 0.166992 0.084948
0 0.758789 0.929955 0.156250 0.080477
0 0.923828 0.933681 0.123047 0.084948
4 0.108398 0.500745 0.039062 0.989568
4 0.296387 0.500745 0.028320 0.998510
4 0.481445 0.500745 0.031250 0.998510
4 0.671387 0.500745 0.040039 0.998510
4 0.854492 0.500745 0.033203 0.998510
