0 0.116699 0.445748 0.104492 0.290323
0 0.242676 0.450880 0.147461 0.280059
0 0.381836 0.447214 0.130859 0.272727
0 0.514648 0.448680 0.134766 0.269795
0 0.647461 0.451613 0.130859 0.275660
0 0.782715 0.450147 0.139648 0.278592
0 0.907227 0.448680 0.109375 0.275660
0 0.908203 0.634164 0.107422 0.095308
0 0.784668 0.638563 0.139648 0.086510
0 0.648926 0.634164 0.131836 0.077713
0 0.515625 0.630499 0.134766 0.085044
0 0.382324 0.631965 0.131836 0.087977
0 0.243164 0.635630 0.146484 0.080645
0 0.115723 0.642229 0.108398 0.093842
