0 0.377930 0.024158 0.062500 0.045388
0 0.378906 0.145681 0.062500 0.188873
0 0.379883 0.334553 0.064453 0.188873
0 0.378906 0.530015 0.062500 0.187408
0 0.376465 0.723280 0.065430 0.196193
0 0.376953 0.909956 0.068359 0.180088
0 0.446777 0.026354 0.063477 0.049780
0 0.512207 0.025622 0.065430 0.048316
0 0.578613 0.024158 0.065430 0.045388
0 0.644043 0.025622 0.067383 0.048316
0 0.712402 0.026354 0.069336 0.049780
0 0.777344 0.025622 0.068359 0.048316
0 0.842285 0.026354 0.061523 0.049780
0 0.904785 0.027818 0.067383 0.052709
0 0.968750 0.028551 0.062500 0.054173
0 0.446777 0.168375 0.059570 0.143485
0 0.509766 0.169107 0.066406 0.142020
0 0.577637 0.168375 0.069336 0.140556
0 0.643066 0.169107 0.061523 0.139092
0 0.708984 0.169107 0.070312 0.139092
0 0.775879 0.166911 0.063477 0.143485
0 0.838867 0.166179 0.062500 0.142020
0 0.904785 0.166911 0.069336 0.140556
0 0.969238 0.166911 0.059570 0.140556
0 0.445312 0.364568 0.064453 0.143485
0 0.511230 0.363104 0.067383 0.146413
0 0.577637 0.360176 0.065430 0.140556
0 0.643066 0.361640 0.065430 0.137628
0 0.708008 0.363836 0.064453 0.142020
0 0.771484 0.363104 0.062500 0.146413
0 0.838379 0.359444 0.071289 0.139092
0 0.906250 0.357980 0.064453 0.142020
0 0.969238 0.358712 0.061523 0.143485
0 0.445312 0.556369 0.062500 0.143485
0 0.510254 0.557101 0.067383 0.142020
0 0.576660 0.553441 0.065430 0.134700
0 0.642090 0.552709 0.065430 0.136164
0 0.708496 0.552709 0.067383 0.136164
0 0.772461 0.552709 0.060547 0.136164
0 0.835938 0.551977 0.066406 0.134700
0 0.902832 0.551245 0.067383 0.139092
0 0.968262 0.551245 0.063477 0.139092
0 0.445801 0.747438 0.063477 0.133236
0 0.509766 0.745974 0.064453 0.136164
0 0.575195 0.750366 0.066406 0.144949
0 0.641602 0.751098 0.066406 0.143485
0 0.708496 0.746706 0.067383 0.134700
0 0.771973 0.748170 0.059570 0.131772
0 0.835449 0.748170 0.067383 0.131772
0 0.901367 0.746706 0.064453 0.131772
0 0.966309 0.751830 0.065430 0.142020
0 0.445312 0.934846 0.060547 0.124451
0 0.510742 0.934114 0.070312 0.125915
0 0.576660 0.931918 0.061523 0.121523
0 0.642090 0.933382 0.069336 0.118594
0 0.708496 0.936310 0.063477 0.124451
0 0.774902 0.935578 0.069336 0.125915
0 0.839844 0.934846 0.060547 0.124451
0 0.904297 0.936310 0.068359 0.121523
0 0.969238 0.934114 0.061523 0.117130
0 0.323242 0.051245 0.048828 0.099561
0 0.321777 0.229136 0.043945 0.124451
0 0.320312 0.414348 0.046875 0.125915
0 0.321777 0.600293 0.049805 0.128843
0 0.321289 0.787701 0.042969 0.122987
0 0.316895 0.954612 0.047852 0.081991
