0 0.083594 0.101765 0.165625 0.201176
0 0.310156 0.101765 0.268750 0.201176
0 0.082812 0.322941 0.164062 0.198824
0 0.318359 0.318824 0.272656 0.197647
0 0.673438 0.102353 0.270313 0.202353
0 0.908984 0.100000 0.182031 0.197647
0 0.671484 0.319412 0.264844 0.189412
0 0.910547 0.324706 0.178906 0.200000
0 0.084766 0.725294 0.167969 0.365882
0 0.316406 0.720588 0.267188 0.358824
0 0.085938 0.960000 0.170313 0.080000
0 0.317188 0.958235 0.267188 0.083529
0 0.675000 0.718235 0.271875 0.354118
0 0.908594 0.721765 0.182812 0.351765
0 0.677344 0.960000 0.268750 0.080000
0 0.907031 0.962353 0.185938 0.075294
