0 0.537838 0.684211 0.140541 0.105263
0 0.543243 0.869433 0.148649 0.119433
0 0.395270 0.869433 0.147297 0.119433
0 0.707432 0.871457 0.190541 0.123482
0 0.689865 0.683198 0.174324 0.103239
0 0.397973 0.680162 0.141892 0.101215
0 0.402027 0.521255 0.131081 0.082996
0 0.530405 0.520243 0.125676 0.080972
0 0.675676 0.518219 0.167568 0.085020
0 0.525000 0.382591 0.122973 0.076923
0 0.660135 0.378543 0.155405 0.076923
0 0.405405 0.380567 0.127027 0.076923
0 0.283108 0.381579 0.122973 0.074899
0 0.273649 0.521255 0.133784 0.082996
0 0.260811 0.680162 0.145946 0.097166
0 0.248649 0.866397 0.148649 0.125506
0 0.519595 0.256073 0.114865 0.062753
0 0.407432 0.262146 0.114865 0.062753
0 0.293919 0.259109 0.117568 0.064777
0 0.408784 0.150810 0.109459 0.062753
0 0.516892 0.149798 0.106757 0.060729
0 0.648649 0.260121 0.143243 0.066802
0 0.638514 0.153846 0.139189 0.056680
0 0.853378 0.680162 0.168919 0.097166
0 0.301351 0.150810 0.108108 0.058704
0 0.412162 0.054656 0.100000 0.048583
0 0.510811 0.055668 0.100000 0.054656
0 0.624324 0.053644 0.124324 0.050607
0 0.310135 0.052632 0.106757 0.052632
