0 0.261667 0.431111 0.150000 0.160000
0 0.542917 0.434074 0.255833 0.151111
0 0.723750 0.432593 0.050833 0.157037
0 0.786667 0.433333 0.020000 0.146667
0 0.835833 0.431111 0.020000 0.157037
0 0.882500 0.434815 0.021667 0.149630
0 0.931250 0.434815 0.022500 0.152593
0 0.359583 0.432593 0.019167 0.154074
0 0.397500 0.431111 0.021667 0.160000
4 0.185417 0.714815 0.024167 0.235556
4 0.686667 0.720000 0.033333 0.234074
0 0.591667 0.686667 0.108333 0.134815
0 0.331667 0.691852 0.146667 0.139259
0 0.761667 0.689630 0.193333 0.131852
