0 0.286621 0.310395 0.084961 0.213763
0 0.371094 0.308931 0.083984 0.213763
0 0.455078 0.308199 0.085938 0.218155
0 0.538574 0.308931 0.083008 0.216691
0 0.622559 0.306003 0.084961 0.213763
0 0.708008 0.305271 0.082031 0.209370
0 0.288086 0.579795 0.083984 0.319180
0 0.371582 0.579795 0.086914 0.319180
0 0.457031 0.478770 0.083984 0.120059
0 0.541992 0.475842 0.085938 0.125915
0 0.630859 0.571742 0.093750 0.323572
0 0.716309 0.570278 0.090820 0.314788
1 0.458496 0.641288 0.084961 0.196193
1 0.541504 0.635432 0.081055 0.190337
