4 0.247070 0.570278 0.050781 0.335286
4 0.465332 0.567350 0.036133 0.338214
4 0.687012 0.568814 0.047852 0.335286
4 0.918457 0.571010 0.059570 0.345534
4 0.980957 0.561493 0.038086 0.320644
4 0.470215 0.288433 0.030273 0.079063
4 0.662598 0.289898 0.028320 0.081991
4 0.879883 0.282577 0.019531 0.084919
0 0.344238 0.591508 0.059570 0.096633
0 0.415527 0.592240 0.073242 0.098097
0 0.529785 0.591508 0.077148 0.099561
0 0.605469 0.591508 0.072266 0.102489
0 0.727539 0.587848 0.062500 0.098097
0 0.797852 0.591508 0.078125 0.111274
0 0.564941 0.289165 0.166992 0.074671
0 0.721191 0.284041 0.102539 0.070278
0 0.820801 0.284773 0.096680 0.077599
4 0.020996 0.624451 0.040039 0.224012
0 0.151855 0.622255 0.172852 0.207906
0 0.162109 0.459004 0.158203 0.130307
0 0.182617 0.335286 0.175781 0.114202
0 0.189453 0.212299 0.167969 0.149341
0 0.331055 0.209370 0.115234 0.143485
0 0.329590 0.303807 0.118164 0.054173
0 0.459961 0.155930 0.140625 0.051245
0 0.604004 0.150073 0.143555 0.065886
0 0.755371 0.147145 0.149414 0.057101
