0 0.072266 0.080256 0.142578 0.157670
0 0.219238 0.082386 0.149414 0.161932
0 0.367188 0.081676 0.148438 0.160511
0 0.518555 0.082386 0.154297 0.161932
0 0.667480 0.082386 0.149414 0.161932
0 0.798340 0.083097 0.112305 0.163352
0 0.925293 0.084517 0.149414 0.166193
0 0.072266 0.246449 0.142578 0.166193
0 0.218750 0.248580 0.146484 0.164773
0 0.367676 0.247159 0.151367 0.161932
0 0.519531 0.245739 0.152344 0.164773
0 0.670410 0.245739 0.149414 0.164773
0 0.800781 0.245739 0.111328 0.164773
0 0.928223 0.249290 0.143555 0.171875
0 0.073730 0.416193 0.145508 0.170455
0 0.220703 0.414773 0.152344 0.167614
0 0.369141 0.415483 0.144531 0.166193
0 0.518555 0.416193 0.154297 0.167614
0 0.668457 0.416903 0.145508 0.166193
0 0.797363 0.416903 0.114258 0.174716
0 0.924316 0.419034 0.139648 0.170455
0 0.072266 0.588068 0.142578 0.173295
0 0.219238 0.585227 0.151367 0.170455
0 0.369141 0.583807 0.148438 0.173295
0 0.517578 0.583097 0.148438 0.171875
0 0.667480 0.587358 0.151367 0.163352
0 0.799805 0.588068 0.113281 0.164773
0 0.926758 0.585938 0.140625 0.169034
0 0.075195 0.762074 0.144531 0.169034
0 0.221680 0.757812 0.148438 0.180398
0 0.368652 0.757102 0.147461 0.161932
0 0.518555 0.754261 0.152344 0.167614
0 0.668457 0.756392 0.147461 0.171875
0 0.798828 0.758523 0.113281 0.167614
0 0.927734 0.759943 0.144531 0.170455
0 0.073242 0.924716 0.144531 0.150568
0 0.220215 0.921165 0.149414 0.151989
0 0.370117 0.921165 0.150391 0.157670
