0 0.343262 0.672099 0.053711 0.176010
0 0.396484 0.670795 0.048828 0.186441
0 0.452148 0.670143 0.064453 0.198175
0 0.518066 0.670795 0.067383 0.209909
0 0.340820 0.791395 0.046875 0.062581
0 0.394531 0.793351 0.052734 0.076923
0 0.452637 0.803781 0.061523 0.082138
0 0.516602 0.808996 0.066406 0.084746
0 0.645508 0.664928 0.089844 0.232073
0 0.645996 0.825945 0.092773 0.095176
0 0.740234 0.662973 0.099609 0.249022
0 0.852539 0.657757 0.123047 0.264668
0 0.954102 0.655802 0.091797 0.292047
0 0.739258 0.830508 0.103516 0.099087
0 0.852051 0.843546 0.122070 0.114733
0 0.957031 0.852673 0.085938 0.122555
0 0.265625 0.626467 0.054688 0.063885
1 0.263672 0.735984 0.050781 0.160365
