0 0.341216 0.478378 0.085135 0.232432
0 0.427027 0.472973 0.075676 0.227027
0 0.553378 0.478378 0.082432 0.227027
0 0.650000 0.476351 0.081081 0.220270
0 0.826351 0.441892 0.168919 0.302703
0 0.154054 0.439865 0.189189 0.304054
0 0.094595 0.179054 0.113514 0.139189
0 0.208784 0.181757 0.114865 0.147297
0 0.325676 0.179730 0.118919 0.143243
0 0.440541 0.181081 0.110811 0.140541
0 0.554054 0.181081 0.116216 0.140541
0 0.669595 0.183784 0.114865 0.135135
0 0.783784 0.185811 0.113514 0.139189
0 0.893919 0.185811 0.106757 0.139189
4 0.955405 0.418919 0.089189 0.367568
4 0.039865 0.411486 0.077027 0.363514
