0 0.308594 0.049265 0.115234 0.095588
0 0.430176 0.050000 0.133789 0.097059
0 0.564941 0.051471 0.135742 0.100000
0 0.688477 0.050735 0.113281 0.098529
0 0.307129 0.180147 0.110352 0.169118
0 0.430176 0.180147 0.135742 0.169118
0 0.565918 0.177941 0.135742 0.167647
0 0.689941 0.177941 0.112305 0.167647
0 0.306641 0.318382 0.113281 0.107353
0 0.431152 0.317647 0.135742 0.108824
0 0.567383 0.312500 0.136719 0.098529
0 0.690918 0.314706 0.110352 0.094118
0 0.689941 0.509559 0.100586 0.275000
0 0.623047 0.508088 0.035156 0.275000
0 0.304199 0.506618 0.102539 0.269118
0 0.379395 0.506618 0.034180 0.257353
0 0.468262 0.527941 0.055664 0.250000
0 0.532715 0.528676 0.053711 0.239706
