0 0.090332 0.134115 0.176758 0.203125
0 0.268555 0.134766 0.177734 0.199219
0 0.421875 0.136719 0.128906 0.203125
0 0.091797 0.357422 0.177734 0.251302
0 0.270020 0.359375 0.178711 0.247396
0 0.421875 0.361328 0.125000 0.251302
0 0.089355 0.579427 0.176758 0.195312
0 0.266602 0.580729 0.181641 0.190104
0 0.422852 0.583984 0.126953 0.194010
0 0.088379 0.754557 0.174805 0.152344
0 0.088867 0.914714 0.173828 0.167969
0 0.269531 0.751302 0.187500 0.148438
0 0.268066 0.915365 0.188477 0.169271
0 0.423340 0.751302 0.122070 0.145833
0 0.424316 0.912760 0.127930 0.174479
0 0.598633 0.138021 0.160156 0.205729
0 0.767090 0.139974 0.182617 0.199219
0 0.929199 0.136719 0.141602 0.205729
0 0.595703 0.358724 0.156250 0.246094
0 0.765625 0.360026 0.183594 0.243490
0 0.928711 0.362630 0.142578 0.248698
0 0.595703 0.582031 0.160156 0.200521
0 0.766113 0.582031 0.180664 0.200521
0 0.928223 0.581380 0.143555 0.199219
0 0.595215 0.751953 0.159180 0.149740
0 0.766113 0.754557 0.182617 0.144531
0 0.928711 0.754557 0.142578 0.144531
0 0.595215 0.912109 0.163086 0.175781
0 0.766113 0.912760 0.182617 0.174479
0 0.928711 0.911458 0.142578 0.177083
