0 0.559570 0.442708 0.058594 0.145833
0 0.641602 0.439453 0.050781 0.141927
0 0.730957 0.441406 0.055664 0.143229
0 0.555176 0.678385 0.049805 0.161458
0 0.641113 0.680339 0.051758 0.167969
0 0.725586 0.680339 0.048828 0.160156
0 0.409180 0.488281 0.046875 0.083333
0 0.408691 0.693359 0.047852 0.128906
0 0.119141 0.691406 0.048828 0.140625
0 0.037109 0.686849 0.048828 0.141927
4 0.069824 0.664714 0.030273 0.196615
4 0.152344 0.668620 0.021484 0.186198
4 0.234375 0.666667 0.023438 0.195312
4 0.319824 0.667969 0.024414 0.192708
4 0.600098 0.444661 0.030273 0.147135
4 0.685059 0.443359 0.032227 0.144531
4 0.768066 0.441406 0.028320 0.148438
4 0.598633 0.679688 0.037109 0.174479
4 0.683105 0.680339 0.034180 0.165365
4 0.769043 0.682292 0.040039 0.169271
