0 0.375000 0.357980 0.101562 0.238653
0 0.475586 0.355783 0.099609 0.243045
0 0.576172 0.355051 0.101562 0.241581
0 0.655273 0.352855 0.056641 0.245974
0 0.429199 0.766471 0.118164 0.238653
0 0.530762 0.702050 0.081055 0.112738
0 0.604492 0.765739 0.064453 0.234261
0 0.694824 0.765007 0.059570 0.232796
0 0.749023 0.763543 0.048828 0.232796
0 0.796875 0.762811 0.046875 0.231332
0 0.844727 0.761347 0.048828 0.234261
0 0.889648 0.762079 0.041016 0.235725
4 0.352051 0.756955 0.043945 0.257687
4 0.648438 0.756223 0.039062 0.247438
4 0.353516 0.360176 0.037109 0.248902
4 0.648438 0.357980 0.042969 0.262079
