0 0.059722 0.298567 0.118056 0.297771
0 0.197569 0.286624 0.154861 0.292994
0 0.355903 0.282643 0.161806 0.300955
0 0.519444 0.274682 0.165278 0.285032
0 0.681597 0.270701 0.159028 0.292994
0 0.839236 0.275478 0.156250 0.302548
0 0.958681 0.275478 0.082639 0.302548
0 0.062500 0.631369 0.123611 0.310510
0 0.199306 0.619427 0.152778 0.299363
0 0.356944 0.616242 0.162500 0.305732
0 0.519792 0.615446 0.163194 0.304140
0 0.683681 0.608280 0.159028 0.305732
0 0.839236 0.609076 0.152083 0.307325
0 0.957639 0.610669 0.084722 0.304140
0 0.062500 0.902070 0.123611 0.195860
0 0.201042 0.901274 0.156250 0.197452
0 0.359375 0.903662 0.163194 0.192675
0 0.521181 0.898885 0.161806 0.202229
0 0.685069 0.898885 0.164583 0.202229
0 0.840625 0.898885 0.154861 0.202229
0 0.959722 0.897293 0.080556 0.205414
0 0.060764 0.056529 0.120139 0.109873
0 0.197222 0.052548 0.154167 0.101911
0 0.356944 0.052548 0.162500 0.101911
0 0.519097 0.050159 0.164583 0.097134
0 0.679514 0.046178 0.159028 0.089172
0 0.838194 0.048567 0.154167 0.093949
0 0.957986 0.043790 0.084028 0.084395
