0 0.065017 0.036043 0.090909 0.069018
0 0.065017 0.177914 0.100115 0.223926
0 0.161105 0.180215 0.092060 0.219325
0 0.254891 0.180215 0.095512 0.219325
0 0.349827 0.180215 0.094361 0.219325
0 0.444764 0.180982 0.095512 0.220859
0 0.539125 0.182515 0.093211 0.217791
0 0.632336 0.184816 0.093211 0.222393
0 0.727273 0.183282 0.096663 0.225460
0 0.823936 0.182515 0.096663 0.223926
0 0.919448 0.185583 0.094361 0.217791
0 0.163406 0.034509 0.098964 0.065951
0 0.250863 0.036043 0.098964 0.069018
0 0.348677 0.031442 0.096663 0.059816
0 0.444764 0.038344 0.088608 0.073620
0 0.539125 0.038344 0.090909 0.073620
0 0.634062 0.038344 0.096663 0.073620
0 0.728999 0.037577 0.097814 0.072086
0 0.824511 0.035276 0.095512 0.067485
0 0.920598 0.039110 0.092060 0.075153
0 0.065593 0.405675 0.096663 0.225460
0 0.159954 0.405675 0.092060 0.225460
0 0.254315 0.406442 0.096663 0.226994
0 0.348101 0.405675 0.090909 0.228528
0 0.441887 0.404908 0.096663 0.226994
0 0.535098 0.405675 0.089758 0.225460
0 0.630035 0.404908 0.100115 0.223926
0 0.727848 0.406442 0.095512 0.223926
0 0.823936 0.407975 0.096663 0.226994
0 0.921174 0.407975 0.097814 0.226994
0 0.065017 0.629601 0.095512 0.237730
0 0.159379 0.632669 0.093211 0.231595
0 0.252589 0.632669 0.093211 0.231595
0 0.347526 0.633436 0.096663 0.230061
0 0.441887 0.635736 0.094361 0.234663
0 0.535098 0.634202 0.092060 0.237730
0 0.630610 0.632669 0.098964 0.234663
0 0.728999 0.633436 0.097814 0.233129
0 0.826812 0.634969 0.095512 0.236196
0 0.920598 0.636503 0.092060 0.233129
0 0.966628 0.519172 0.000000 0.001534
0 0.062716 0.858129 0.095512 0.228528
0 0.157652 0.860429 0.094361 0.223926
0 0.252589 0.858896 0.095512 0.220859
0 0.348101 0.860429 0.095512 0.217791
0 0.444189 0.861963 0.096663 0.220859
0 0.537399 0.861196 0.089758 0.222393
0 0.632336 0.859663 0.100115 0.219325
0 0.729574 0.859663 0.094361 0.219325
0 0.825662 0.858896 0.097814 0.217791
0 0.920598 0.861963 0.092060 0.211656
