1 0.570922 0.765417 0.127660 0.287787
0 0.706560 0.761185 0.129433 0.284160
0 0.571809 0.761790 0.090426 0.261185
0 0.836879 0.762394 0.127660 0.281741
0 0.444149 0.758162 0.125887 0.285369
0 0.321809 0.762394 0.125887 0.281741
0 0.445922 0.529625 0.136525 0.181378
0 0.322695 0.576179 0.106383 0.076179
0 0.577128 0.507860 0.132979 0.237001
0 0.705674 0.504232 0.124113 0.229746
0 0.833333 0.503023 0.131206 0.232164
0 0.841312 0.280532 0.129433 0.217654
0 0.713652 0.321644 0.122340 0.140266
0 0.106383 0.770859 0.060284 0.158404
