0 0.223145 0.159924 0.098633 0.082174
0 0.323242 0.156764 0.099609 0.083439
0 0.423340 0.156764 0.100586 0.083439
0 0.523438 0.159292 0.099609 0.078382
0 0.623047 0.160556 0.099609 0.080910
0 0.722168 0.159924 0.098633 0.082174
0 0.224609 0.235777 0.093750 0.069532
0 0.323730 0.232617 0.104492 0.075853
0 0.424316 0.233249 0.096680 0.077118
0 0.522949 0.234513 0.100586 0.074589
0 0.623047 0.233249 0.099609 0.072061
0 0.722656 0.233249 0.099609 0.072061
0 0.722168 0.310367 0.096680 0.077118
0 0.622559 0.309735 0.102539 0.078382
0 0.522461 0.312263 0.097656 0.083439
0 0.422852 0.312895 0.101562 0.082174
0 0.322266 0.312263 0.099609 0.080910
0 0.224121 0.310999 0.096680 0.083439
0 0.224121 0.388748 0.098633 0.074589
0 0.322754 0.388748 0.098633 0.074589
0 0.423340 0.388116 0.102539 0.073325
0 0.523438 0.388116 0.097656 0.073325
0 0.624023 0.387484 0.103516 0.072061
0 0.723145 0.384324 0.094727 0.078382
0 0.221680 0.465866 0.095703 0.074589
0 0.321289 0.465866 0.099609 0.074589
0 0.421875 0.464602 0.101562 0.072061
0 0.522949 0.460809 0.100586 0.079646
0 0.622070 0.461441 0.097656 0.080910
0 0.721191 0.460809 0.100586 0.082174
0 0.224121 0.541719 0.098633 0.072061
0 0.322266 0.540455 0.097656 0.074589
0 0.421875 0.524652 0.101562 0.042984
0 0.521973 0.524020 0.098633 0.044248
0 0.624512 0.541719 0.102539 0.079646
0 0.723145 0.540455 0.094727 0.082174
0 0.220703 0.617573 0.103516 0.074589
0 0.320801 0.618205 0.096680 0.073325
0 0.625488 0.620733 0.094727 0.085967
0 0.722168 0.625790 0.098633 0.075853
0 0.629883 0.695954 0.089844 0.074589
0 0.723633 0.698483 0.097656 0.074589
0 0.222656 0.695954 0.085938 0.082174
0 0.318359 0.694058 0.097656 0.085967
4 0.042969 0.582174 0.037109 0.405815
