0 0.294434 0.308651 0.112305 0.171554
0 0.429688 0.308651 0.166016 0.162757
0 0.566406 0.314516 0.113281 0.162757
0 0.292480 0.483138 0.112305 0.192082
0 0.432129 0.478006 0.165039 0.164223
0 0.569336 0.483871 0.109375 0.181818
0 0.574707 0.672287 0.096680 0.195015
0 0.283203 0.666422 0.093750 0.186217
0 0.391602 0.673021 0.074219 0.173021
0 0.470215 0.674487 0.081055 0.175953
0 0.022461 0.234604 0.042969 0.202346
0 0.076172 0.236804 0.025391 0.203812
0 0.138184 0.235337 0.071289 0.206745
0 0.032715 0.460411 0.030273 0.211144
0 0.094727 0.454545 0.070312 0.208211
0 0.158691 0.458211 0.028320 0.200880
0 0.137207 0.651026 0.073242 0.146628
0 0.072754 0.661290 0.030273 0.167155
0 0.020996 0.661290 0.040039 0.170088
0 0.699707 0.238270 0.030273 0.209677
0 0.759766 0.238270 0.070312 0.200880
0 0.824707 0.235337 0.030273 0.200880
0 0.885254 0.237537 0.065430 0.202346
0 0.946289 0.240469 0.029297 0.205279
0 0.987305 0.241202 0.025391 0.203812
0 0.720703 0.457478 0.070312 0.208211
0 0.784668 0.458944 0.036133 0.211144
0 0.846680 0.456745 0.070312 0.206745
0 0.905762 0.457478 0.030273 0.202346
0 0.966309 0.459677 0.067383 0.200880
0 0.698730 0.677419 0.028320 0.202346
0 0.761719 0.676686 0.068359 0.203812
0 0.826172 0.678886 0.035156 0.196481
0 0.888672 0.679619 0.072266 0.203812
0 0.951172 0.679619 0.031250 0.195015
0 0.986816 0.684018 0.026367 0.206745
