2 0.447266 0.579179 0.082031 0.170088
2 0.079102 0.545455 0.037109 0.090909
0 0.267578 0.120235 0.236328 0.237537
0 0.267090 0.417155 0.237305 0.394428
0 0.441895 0.122434 0.112305 0.241935
0 0.437988 0.425953 0.110352 0.373900
0 0.555664 0.125367 0.119141 0.247801
0 0.632324 0.430352 0.051758 0.329912
0 0.682129 0.132698 0.049805 0.262463
0 0.629395 0.137097 0.040039 0.271261
0 0.750977 0.135630 0.087891 0.268328
0 0.752441 0.435484 0.088867 0.328446
0 0.682129 0.432551 0.049805 0.325513
0 0.842285 0.436950 0.088867 0.316716
0 0.842773 0.142229 0.091797 0.281525
0 0.924805 0.144428 0.070312 0.285924
0 0.921387 0.439150 0.075195 0.303519
