0 0.472656 0.081259 0.167969 0.159590
0 0.644043 0.081991 0.174805 0.161054
0 0.824707 0.082723 0.184570 0.162518
0 0.959473 0.083455 0.081055 0.163982
0 0.472168 0.235725 0.166992 0.149341
0 0.644531 0.237189 0.177734 0.146413
0 0.826172 0.237921 0.185547 0.147877
0 0.959473 0.238653 0.081055 0.146413
0 0.469727 0.366032 0.167969 0.108346
0 0.643555 0.367496 0.179688 0.105417
0 0.826172 0.365300 0.185547 0.101025
0 0.959473 0.368960 0.081055 0.108346
0 0.471191 0.500732 0.168945 0.163982
0 0.644531 0.501464 0.177734 0.162518
0 0.828125 0.502196 0.189453 0.163982
0 0.961426 0.501464 0.077148 0.165447
