0 0.471191 0.222874 0.038086 0.061584
0 0.530273 0.216276 0.044922 0.071848
4 0.456543 0.457478 0.028320 0.140762
4 0.557617 0.467742 0.037109 0.158358
4 0.657715 0.469941 0.038086 0.171554
4 0.350586 0.471408 0.023438 0.168622
4 0.339844 0.674487 0.025391 0.187683
4 0.454590 0.672287 0.036133 0.186217
4 0.572266 0.673021 0.039062 0.187683
4 0.686035 0.678886 0.053711 0.196481
4 0.329102 0.906891 0.033203 0.186217
4 0.459961 0.899560 0.039062 0.200880
4 0.581543 0.897361 0.043945 0.205279
4 0.709473 0.898827 0.038086 0.202346
0 0.405762 0.480205 0.069336 0.107038
0 0.506348 0.479472 0.069336 0.096774
0 0.610352 0.486070 0.070312 0.115836
0 0.398926 0.685484 0.077148 0.133431
0 0.512695 0.678886 0.072266 0.117302
0 0.627930 0.693548 0.080078 0.129032
0 0.392578 0.934018 0.085938 0.131965
0 0.518066 0.929619 0.079102 0.140762
0 0.645020 0.925220 0.088867 0.149560
