0 0.029730 0.135135 0.056757 0.129730
0 0.096622 0.137838 0.082432 0.138739
0 0.179054 0.142342 0.082432 0.129730
0 0.260135 0.145045 0.079730 0.135135
0 0.338514 0.150450 0.082432 0.142342
0 0.422297 0.163063 0.087838 0.145946
0 0.505405 0.173874 0.091892 0.145946
0 0.591216 0.186486 0.095946 0.145946
0 0.677027 0.203604 0.091892 0.151351
0 0.757432 0.219820 0.090541 0.151351
0 0.838514 0.239640 0.093243 0.151351
0 0.919595 0.261261 0.093243 0.154955
0 0.973649 0.270270 0.052703 0.147748
0 0.021622 0.325225 0.040541 0.142342
0 0.087162 0.325225 0.087838 0.138739
0 0.168919 0.329730 0.091892 0.140541
0 0.255405 0.332432 0.081081 0.145946
0 0.337838 0.339640 0.083784 0.131532
0 0.425676 0.349550 0.091892 0.151351
0 0.513514 0.361261 0.083784 0.145946
0 0.602703 0.369369 0.094595 0.162162
0 0.689189 0.387387 0.100000 0.158559
0 0.775000 0.402703 0.095946 0.163964
0 0.861486 0.421622 0.101351 0.154955
0 0.943243 0.437838 0.102703 0.165766
0 0.019595 0.531532 0.036486 0.151351
0 0.077027 0.532432 0.089189 0.163964
0 0.166216 0.535135 0.091892 0.169369
0 0.252703 0.540541 0.089189 0.162162
0 0.340541 0.546847 0.081081 0.163964
0 0.429054 0.555856 0.104054 0.167568
0 0.523649 0.562162 0.101351 0.169369
0 0.617568 0.579279 0.100000 0.174775
0 0.710135 0.594595 0.101351 0.176577
0 0.800676 0.612613 0.104054 0.169369
0 0.888514 0.629730 0.101351 0.167568
0 0.961486 0.641441 0.077027 0.162162
0 0.065541 0.742342 0.093243 0.136937
0 0.158108 0.740541 0.089189 0.144144
0 0.249324 0.745045 0.093243 0.131532
0 0.339189 0.754955 0.086486 0.136937
0 0.435135 0.764865 0.100000 0.142342
0 0.532432 0.769369 0.100000 0.133333
0 0.631081 0.784685 0.105405 0.142342
0 0.728378 0.794595 0.108108 0.144144
0 0.820946 0.809910 0.104054 0.156757
0 0.909459 0.829730 0.100000 0.142342
0 0.974324 0.841441 0.051351 0.133333
0 0.050676 0.958559 0.098649 0.082883
0 0.147973 0.961261 0.098649 0.077477
0 0.245946 0.961261 0.100000 0.077477
0 0.339865 0.961261 0.098649 0.077477
0 0.437838 0.964865 0.108108 0.070270
0 0.540541 0.974775 0.102703 0.050450
0 0.639865 0.969369 0.101351 0.061261
0 0.741892 0.982883 0.102703 0.034234
0 0.831081 0.990090 0.078378 0.019820
