0 0.265278 0.034259 0.208333 0.064815
0 0.265278 0.193519 0.219444 0.101852
0 0.265278 0.368519 0.280556 0.103704
0 0.266667 0.549074 0.294444 0.105556
0 0.266667 0.738889 0.288889 0.107407
0 0.263889 0.921296 0.294444 0.101852
0 0.552778 0.037963 0.216667 0.072222
0 0.558333 0.199074 0.211111 0.105556
0 0.566667 0.367593 0.150000 0.101852
0 0.645833 0.552778 0.297222 0.101852
0 0.643056 0.742593 0.302778 0.107407
0 0.638889 0.925000 0.294444 0.098148
0 0.886111 0.044444 0.227778 0.077778
0 0.887500 0.130556 0.219444 0.083333
0 0.883333 0.212963 0.227778 0.081481
0 0.886111 0.293519 0.211111 0.079630
0 0.898611 0.380556 0.197222 0.075926
0 0.901389 0.462037 0.191667 0.079630
0 0.898611 0.545370 0.202778 0.090741
0 0.898611 0.631481 0.202778 0.081481
0 0.902778 0.717593 0.194444 0.079630
0 0.900000 0.793519 0.194444 0.079630
0 0.900000 0.877778 0.200000 0.088889
0 0.902778 0.959259 0.194444 0.081481
