0 0.529054 0.482759 0.206757 0.235294
0 0.324324 0.492901 0.213514 0.259635
0 0.109459 0.492901 0.216216 0.259635
0 0.763514 0.476673 0.267568 0.231237
0 0.942568 0.479716 0.114865 0.233266
0 0.532432 0.726166 0.218919 0.210953
0 0.534459 0.912779 0.222973 0.174442
0 0.776351 0.724138 0.274324 0.202840
0 0.950676 0.719067 0.098649 0.208925
0 0.783108 0.912779 0.279730 0.174442
0 0.958108 0.909736 0.083784 0.180527
0 0.308784 0.913793 0.231081 0.172414
0 0.102703 0.913793 0.202703 0.172414
0 0.116216 0.280933 0.229730 0.176471
0 0.332432 0.281947 0.194595 0.178499
0 0.530405 0.281947 0.198649 0.178499
0 0.756081 0.280933 0.252703 0.176471
0 0.941216 0.279919 0.117568 0.178499
0 0.526351 0.113590 0.195946 0.162272
0 0.745270 0.111562 0.241892 0.158215
0 0.932432 0.115619 0.135135 0.166329
0 0.333784 0.114604 0.194595 0.164300
0 0.119595 0.117647 0.236486 0.166329
