4 0.125977 0.626465 0.068359 0.483398
4 0.278320 0.627930 0.070312 0.474609
4 0.436035 0.626465 0.075195 0.477539
4 0.582031 0.624512 0.070312 0.479492
4 0.737305 0.623047 0.076172 0.482422
4 0.881836 0.626953 0.062500 0.480469
4 0.839355 0.628906 0.045898 0.470703
4 0.815918 0.649414 0.041992 0.414062
4 0.166992 0.629395 0.013672 0.463867
4 0.184570 0.633301 0.013672 0.420898
4 0.198242 0.647949 0.000000 0.413086
0 0.501465 0.787598 0.077148 0.155273
0 0.338379 0.557129 0.053711 0.112305
0 0.501465 0.555176 0.065430 0.102539
0 0.668945 0.559570 0.070312 0.117188
0 0.335449 0.764648 0.059570 0.125000
0 0.669922 0.764648 0.064453 0.119141
