0 0.149414 0.080527 0.203125 0.158126
0 0.151367 0.248170 0.207031 0.174231
0 0.149414 0.426061 0.207031 0.181552
0 0.149902 0.604685 0.206055 0.172767
0 0.149414 0.780381 0.208984 0.184480
0 0.149414 0.936310 0.208984 0.127379
0 0.458496 0.081259 0.206055 0.159590
0 0.458496 0.248902 0.206055 0.178624
0 0.458984 0.425329 0.205078 0.171303
0 0.458496 0.601757 0.206055 0.175695
0 0.458496 0.784773 0.206055 0.181552
0 0.459961 0.935578 0.205078 0.128843
0 0.699219 0.081991 0.076172 0.161054
0 0.700684 0.248170 0.073242 0.171303
0 0.700195 0.423133 0.078125 0.178624
0 0.700684 0.601757 0.075195 0.175695
0 0.703125 0.781113 0.076172 0.183016
0 0.703613 0.935578 0.077148 0.128843
0 0.872559 0.080527 0.061523 0.158126
0 0.873535 0.246706 0.061523 0.174231
0 0.875488 0.415813 0.063477 0.166911
0 0.876953 0.588580 0.064453 0.172767
0 0.876465 0.763543 0.063477 0.171303
0 0.879395 0.923133 0.063477 0.153734
