0 0.036875 0.717069 0.030000 0.202226
0 0.173750 0.768089 0.185000 0.122449
0 0.361250 0.395640 0.083750 0.054731
0 0.356875 0.454545 0.087500 0.063080
0 0.356875 0.516234 0.087500 0.064007
0 0.358125 0.578386 0.090000 0.069573
0 0.497188 0.392857 0.153125 0.069573
0 0.495000 0.451299 0.151250 0.051020
0 0.494688 0.514378 0.145625 0.060297
0 0.492188 0.579777 0.146875 0.066790
0 0.490938 0.643785 0.144375 0.077922
0 0.683125 0.397495 0.196250 0.069573
0 0.680625 0.461503 0.192500 0.058442
0 0.681562 0.518553 0.193125 0.064935
0 0.680625 0.573284 0.195000 0.063080
0 0.680937 0.647495 0.195625 0.081633
0 0.862812 0.721707 0.069375 0.090909
0 0.720938 0.710111 0.115625 0.052876
0 0.720313 0.766698 0.109375 0.054731
