0 0.236875 0.367893 0.061250 0.167224
0 0.294375 0.365385 0.058750 0.165552
0 0.356875 0.353679 0.066250 0.188963
0 0.426250 0.346990 0.072500 0.175585
0 0.498750 0.338629 0.072500 0.202341
0 0.626250 0.353679 0.072500 0.175585
0 0.694375 0.341973 0.063750 0.198997
0 0.768750 0.337793 0.085000 0.190635
0 0.235000 0.534281 0.055000 0.162207
0 0.293125 0.529264 0.061250 0.172241
0 0.355625 0.534281 0.063750 0.182274
0 0.423750 0.531773 0.067500 0.187291
0 0.495000 0.530100 0.075000 0.183946
3 0.707500 0.568562 0.240000 0.254181
