4 0.046387 0.349736 0.034180 0.305800
4 0.102051 0.355009 0.032227 0.298770
4 0.214355 0.353251 0.036133 0.298770
4 0.273438 0.355888 0.031250 0.293497
4 0.388672 0.348858 0.027344 0.297012
4 0.443848 0.353251 0.036133 0.305800
4 0.559082 0.354130 0.024414 0.304042
4 0.612305 0.353251 0.035156 0.309315
4 0.725098 0.352373 0.034180 0.297012
4 0.782227 0.355009 0.021484 0.295255
4 0.897461 0.362917 0.031250 0.307557
4 0.955078 0.352373 0.027344 0.286467
0 0.012695 0.032513 0.023438 0.061511
0 0.168945 0.035149 0.037109 0.066784
0 0.333008 0.035149 0.033203 0.066784
0 0.500977 0.036028 0.031250 0.068541
0 0.666504 0.035149 0.034180 0.066784
0 0.828613 0.040422 0.030273 0.077329
0 0.986816 0.033392 0.026367 0.063269
0 0.008301 0.390158 0.014648 0.137083
0 0.167969 0.391037 0.035156 0.142355
0 0.333496 0.394552 0.040039 0.138840
0 0.499512 0.395431 0.032227 0.144112
0 0.666016 0.392794 0.033203 0.145870
0 0.826172 0.391916 0.037109 0.144112
0 0.988281 0.391037 0.023438 0.145870
