0 0.336914 0.284058 0.064453 0.113043
0 0.337402 0.451449 0.063477 0.227536
0 0.403320 0.453623 0.068359 0.234783
0 0.405762 0.281159 0.067383 0.115942
0 0.471191 0.276812 0.067383 0.115942
0 0.536621 0.274638 0.069336 0.117391
0 0.602051 0.277536 0.065430 0.111594
0 0.669434 0.280435 0.065430 0.114493
0 0.469727 0.450725 0.060547 0.234783
0 0.536133 0.452899 0.066406 0.230435
0 0.601562 0.451449 0.070312 0.236232
0 0.666504 0.450000 0.061523 0.224638
0 0.025391 0.477536 0.048828 0.233333
0 0.078125 0.476087 0.052734 0.230435
0 0.144043 0.481159 0.065430 0.237681
0 0.019531 0.268116 0.035156 0.089855
0 0.068359 0.265942 0.062500 0.094203
0 0.138184 0.265942 0.073242 0.085507
