0 0.132588 0.335227 0.076677 0.255682
0 0.206070 0.338068 0.076677 0.267045
0 0.289137 0.339489 0.089457 0.252841
0 0.373003 0.338068 0.078275 0.255682
0 0.456070 0.336648 0.087859 0.252841
0 0.536741 0.336648 0.073482 0.252841
0 0.619010 0.335227 0.091054 0.250000
0 0.707668 0.335227 0.086262 0.250000
0 0.788339 0.336648 0.075080 0.252841
0 0.860224 0.335227 0.068690 0.255682
0 0.132588 0.599432 0.073482 0.176136
0 0.206869 0.600852 0.075080 0.173295
0 0.287540 0.600852 0.086262 0.173295
0 0.370607 0.599432 0.079872 0.176136
0 0.453674 0.599432 0.086262 0.176136
0 0.539137 0.600852 0.084665 0.173295
0 0.622204 0.606534 0.081470 0.184659
0 0.706070 0.606534 0.086262 0.184659
0 0.787540 0.602273 0.076677 0.176136
0 0.860224 0.602273 0.068690 0.176136
0 0.134984 0.768466 0.071885 0.161932
0 0.206070 0.768466 0.076677 0.156250
0 0.287540 0.781250 0.083067 0.170455
0 0.370607 0.778409 0.083067 0.170455
0 0.619808 0.781250 0.076677 0.176136
0 0.708466 0.784091 0.084665 0.176136
0 0.786741 0.767045 0.078275 0.159091
0 0.859425 0.764205 0.070288 0.159091
0 0.451278 0.803977 0.030351 0.136364
0 0.544728 0.798295 0.025559 0.125000
1 0.500799 0.812500 0.065495 0.119318
