0 0.089063 0.087879 0.176875 0.173737
0 0.270625 0.093434 0.180000 0.184848
0 0.450313 0.095960 0.179375 0.189899
0 0.627188 0.093434 0.184375 0.184848
0 0.810000 0.093434 0.178750 0.184848
0 0.949688 0.094949 0.100625 0.187879
0 0.090000 0.295960 0.178750 0.220202
0 0.270625 0.295960 0.180000 0.222222
0 0.449375 0.297980 0.177500 0.218182
0 0.627812 0.300505 0.179375 0.223232
0 0.807813 0.300505 0.180625 0.223232
0 0.949063 0.297980 0.101875 0.218182
0 0.087500 0.513131 0.173750 0.218182
0 0.270000 0.514141 0.181250 0.210101
0 0.449062 0.513131 0.176875 0.212121
0 0.629062 0.515657 0.183125 0.217172
0 0.808438 0.515657 0.175625 0.217172
0 0.948125 0.516667 0.103750 0.219192
0 0.090000 0.735354 0.178750 0.218182
0 0.271250 0.732323 0.187500 0.226263
0 0.451250 0.734848 0.172500 0.221212
0 0.628437 0.734343 0.181875 0.220202
0 0.807187 0.732828 0.175625 0.223232
0 0.947500 0.731818 0.105000 0.221212
0 0.090625 0.875758 0.180000 0.066667
0 0.268750 0.874242 0.182500 0.063636
0 0.450000 0.874242 0.180000 0.063636
0 0.629687 0.871212 0.179375 0.057576
0 0.807187 0.873737 0.175625 0.052525
0 0.947500 0.872727 0.102500 0.050505
