0 0.033691 0.049120 0.065430 0.095308
0 0.206543 0.048387 0.081055 0.093842
0 0.285645 0.049120 0.083008 0.095308
0 0.370117 0.052053 0.080078 0.101173
0 0.447754 0.048387 0.077148 0.093842
0 0.526855 0.049120 0.079102 0.095308
0 0.605957 0.049120 0.081055 0.095308
0 0.686523 0.050587 0.078125 0.098240
0 0.766602 0.052053 0.078125 0.101173
0 0.846191 0.053519 0.083008 0.104106
0 0.207520 0.219941 0.081055 0.255132
0 0.287598 0.222874 0.088867 0.258065
0 0.368164 0.228739 0.083984 0.255132
0 0.447754 0.223607 0.081055 0.256598
0 0.529785 0.225073 0.083008 0.256598
0 0.605957 0.222874 0.088867 0.260997
0 0.686523 0.225073 0.078125 0.259531
0 0.765625 0.229472 0.087891 0.247801
0 0.844727 0.228739 0.083984 0.252199
0 0.208008 0.478739 0.087891 0.256598
0 0.291016 0.475806 0.083984 0.253666
0 0.370117 0.480205 0.080078 0.239003
0 0.450195 0.481672 0.082031 0.253666
0 0.527344 0.477273 0.080078 0.247801
0 0.607910 0.482405 0.083008 0.258065
0 0.687500 0.480205 0.082031 0.253666
0 0.768066 0.483871 0.083008 0.240469
0 0.845703 0.484604 0.072266 0.239003
0 0.036133 0.230938 0.058594 0.253666
0 0.036621 0.488270 0.067383 0.255132
4 0.114746 0.328446 0.096680 0.651026
4 0.941895 0.332845 0.102539 0.662757
