4 0.079102 0.408029 0.052734 0.205839
4 0.164551 0.409489 0.051758 0.205839
4 0.249023 0.411679 0.048828 0.207299
4 0.336914 0.411679 0.048828 0.201460
4 0.417480 0.413139 0.043945 0.198540
4 0.503418 0.412409 0.051758 0.200000
4 0.586426 0.410949 0.041992 0.197080
4 0.672852 0.407299 0.042969 0.198540
4 0.752930 0.403650 0.044922 0.202920
4 0.844238 0.409489 0.045898 0.202920
4 0.928711 0.408029 0.042969 0.191241
4 0.074707 0.137226 0.051758 0.183942
4 0.159668 0.139416 0.045898 0.182482
4 0.246582 0.138686 0.041992 0.172263
4 0.332520 0.147445 0.045898 0.172263
4 0.414062 0.139416 0.041016 0.176642
4 0.500977 0.141606 0.041016 0.163504
4 0.584961 0.146715 0.041016 0.167883
4 0.670898 0.137956 0.041016 0.170803
4 0.754883 0.146715 0.050781 0.170803
4 0.836914 0.143796 0.046875 0.176642
4 0.925293 0.143796 0.040039 0.179562
4 0.085449 0.794891 0.043945 0.240876
4 0.252930 0.784672 0.042969 0.214599
0 0.296387 0.818978 0.055664 0.178102
4 0.422363 0.797810 0.034180 0.232117
4 0.769531 0.783942 0.044922 0.227737
4 0.929199 0.780292 0.040039 0.200000
1 0.865234 0.811679 0.068359 0.163504
0 0.036133 0.372263 0.070312 0.108029
0 0.123047 0.373723 0.066406 0.119708
0 0.207520 0.371533 0.065430 0.118248
0 0.297363 0.375182 0.067383 0.122628
0 0.378418 0.375182 0.067383 0.113869
0 0.463867 0.374453 0.066406 0.115328
0 0.547363 0.374453 0.061523 0.112409
0 0.632812 0.372993 0.064453 0.118248
0 0.716309 0.372263 0.063477 0.122628
0 0.802246 0.372263 0.057617 0.125547
0 0.887207 0.371533 0.059570 0.115328
0 0.969727 0.371533 0.058594 0.118248
0 0.031250 0.109489 0.054688 0.131387
0 0.119141 0.109489 0.052734 0.122628
0 0.204102 0.108029 0.054688 0.125547
0 0.291016 0.105109 0.050781 0.125547
0 0.375488 0.107299 0.051758 0.112409
0 0.460449 0.110219 0.053711 0.135766
0 0.543457 0.108029 0.049805 0.131387
0 0.625488 0.107299 0.049805 0.127007
0 0.712891 0.103650 0.048828 0.128467
0 0.797363 0.103650 0.051758 0.137226
0 0.880859 0.100730 0.048828 0.134307
0 0.968750 0.104380 0.052734 0.135766
