0 0.080078 0.121073 0.049219 0.239529
0 0.074609 0.365838 0.058594 0.247382
0 0.064844 0.607330 0.064062 0.253927
0 0.217969 0.115183 0.050000 0.225131
0 0.212891 0.362565 0.053906 0.246073
0 0.208594 0.607984 0.050000 0.250000
0 0.200781 0.863874 0.059375 0.253927
0 0.346484 0.863220 0.058594 0.255236
0 0.380859 0.598168 0.057031 0.238220
0 0.382031 0.348168 0.056250 0.230366
0 0.383984 0.111257 0.060156 0.219895
0 0.639062 0.105366 0.151562 0.129581
0 0.641406 0.347513 0.154688 0.163613
0 0.644141 0.598822 0.157031 0.179319
0 0.646484 0.855366 0.164844 0.189791
