0 0.736816 0.382812 0.077148 0.218750
0 0.811523 0.387500 0.072266 0.212500
0 0.881836 0.385156 0.068359 0.207813
1 0.667480 0.413281 0.061523 0.148438
0 0.074707 0.382812 0.069336 0.212500
0 0.020508 0.379688 0.039062 0.209375
0 0.057617 0.053125 0.113281 0.103125
0 0.285645 0.048438 0.092773 0.093750
0 0.363281 0.050000 0.064453 0.096875
0 0.424316 0.050000 0.061523 0.096875
0 0.486328 0.049219 0.064453 0.095312
0 0.679688 0.051562 0.087891 0.100000
0 0.756836 0.050781 0.064453 0.098437
0 0.818848 0.053125 0.061523 0.103125
0 0.882324 0.054688 0.065430 0.106250
3 0.573730 0.386719 0.122070 0.210938
3 0.170898 0.385937 0.128906 0.209375
3 0.174316 0.053906 0.118164 0.104688
3 0.578125 0.050781 0.115234 0.098437
3 0.955078 0.056250 0.089844 0.109375
3 0.500488 0.190625 0.999023 0.168750
