0 0.165039 0.655425 0.056641 0.357771
0 0.251953 0.651026 0.058594 0.351906
0 0.358398 0.649560 0.058594 0.360704
0 0.445312 0.645894 0.058594 0.365103
0 0.577637 0.647361 0.063477 0.353372
0 0.664551 0.648094 0.061523 0.357771
0 0.772949 0.645894 0.067383 0.359238
0 0.864746 0.646628 0.067383 0.360704
0 0.209961 0.308651 0.175781 0.233138
0 0.212891 0.094575 0.181641 0.186217
0 0.396484 0.096041 0.185547 0.189150
0 0.400391 0.315982 0.189453 0.247801
0 0.616211 0.098240 0.191406 0.193548
0 0.809082 0.095308 0.188477 0.187683
0 0.615723 0.313050 0.190430 0.236070
0 0.811035 0.313050 0.192383 0.244868
1 0.208984 0.654692 0.179688 0.403226
1 0.403809 0.653959 0.170898 0.404692
1 0.622559 0.652493 0.180664 0.407625
1 0.820312 0.647361 0.193359 0.406158
