0 0.075000 0.283118 0.148438 0.087925
0 0.239844 0.280774 0.184375 0.104338
0 0.422266 0.282532 0.180469 0.107855
0 0.600391 0.286049 0.175781 0.100821
0 0.778125 0.288980 0.179688 0.106682
0 0.933984 0.298359 0.132031 0.087925
0 0.075391 0.383939 0.146094 0.116061
0 0.239844 0.387456 0.182812 0.109027
0 0.421094 0.385111 0.179688 0.104338
0 0.599609 0.388628 0.177344 0.097304
0 0.780469 0.389801 0.184375 0.099648
0 0.936328 0.388628 0.127344 0.101993
0 0.074219 0.491208 0.143750 0.117233
0 0.237109 0.493552 0.182031 0.112544
0 0.421875 0.493552 0.187500 0.112544
0 0.603125 0.494725 0.175000 0.110199
0 0.781250 0.491794 0.181250 0.104338
0 0.935937 0.490621 0.128125 0.106682
0 0.075781 0.593787 0.150000 0.099648
0 0.237891 0.601407 0.188281 0.110199
0 0.423828 0.601407 0.183594 0.110199
0 0.605078 0.601407 0.178906 0.110199
0 0.783203 0.603751 0.177344 0.105510
0 0.935937 0.607268 0.128125 0.112544
0 0.074219 0.708675 0.146875 0.123095
0 0.239453 0.712192 0.183594 0.116061
0 0.422656 0.707503 0.182812 0.106682
0 0.604688 0.711606 0.181250 0.098476
0 0.785156 0.712778 0.179688 0.100821
0 0.937500 0.710434 0.125000 0.105510
0 0.072656 0.813599 0.143750 0.107855
0 0.236719 0.814185 0.184375 0.106682
0 0.421875 0.811841 0.184375 0.101993
0 0.604688 0.814185 0.181250 0.097304
0 0.785547 0.820633 0.180469 0.110199
0 0.937891 0.820047 0.124219 0.111372
