2 0.593262 0.748614 0.053711 0.384473
2 0.708984 0.787431 0.070312 0.384473
2 0.725098 0.720887 0.075195 0.354898
0 0.164551 0.231054 0.102539 0.158965
0 0.360840 0.232902 0.118164 0.166359
0 0.643555 0.230129 0.113281 0.164510
0 0.171875 0.485213 0.117188 0.171904
0 0.359375 0.481516 0.101562 0.168207
0 0.460938 0.484288 0.101562 0.162662
0 0.644043 0.480591 0.118164 0.166359
0 0.657715 0.273567 0.190430 0.081331
0 0.130371 0.276340 0.176758 0.083179
0 0.300781 0.268022 0.126953 0.085028
0 0.399414 0.268022 0.070312 0.088725
0 0.500488 0.273567 0.127930 0.088725
