0 0.533203 0.595098 0.084635 0.158824
0 0.664714 0.579412 0.074219 0.190196
0 0.649089 0.345098 0.037760 0.239216
0 0.474609 0.417647 0.066406 0.152941
0 0.722656 0.440196 0.023438 0.174510
0 0.764974 0.492157 0.024740 0.141176
0 0.745443 0.627451 0.037760 0.105882
0 0.367839 0.468627 0.050781 0.133333
0 0.416667 0.451961 0.031250 0.135294
0 0.273438 0.533333 0.026042 0.094118
0 0.213542 0.564706 0.018229 0.074510
0 0.228516 0.554902 0.011719 0.082353
0 0.242188 0.549020 0.015625 0.086275
0 0.253906 0.543137 0.010417 0.094118
0 0.181641 0.666667 0.037760 0.070588
0 0.266927 0.650980 0.036458 0.078431
