0 0.143066 0.340909 0.118164 0.121701
0 0.144043 0.475806 0.118164 0.148094
0 0.263672 0.475073 0.121094 0.149560
0 0.265137 0.338710 0.118164 0.123167
0 0.384766 0.343109 0.121094 0.111437
0 0.384766 0.472874 0.121094 0.148094
0 0.474609 0.475073 0.058594 0.143695
0 0.474609 0.342375 0.058594 0.121701
0 0.567871 0.338710 0.124023 0.120235
0 0.688477 0.339443 0.117188 0.121701
0 0.776855 0.340909 0.057617 0.121701
0 0.600098 0.472874 0.065430 0.145161
0 0.689941 0.472874 0.114258 0.145161
0 0.776855 0.473607 0.059570 0.146628
1 0.538086 0.472874 0.060547 0.151026
0 0.536133 0.475073 0.044922 0.126100
4 0.324219 0.430352 0.021484 0.236070
4 0.694824 0.430352 0.018555 0.236070
