0 0.186035 0.113402 0.139648 0.091311
0 0.185059 0.034610 0.143555 0.066274
0 0.328613 0.033873 0.125977 0.064801
0 0.451660 0.033137 0.125977 0.063328
0 0.590820 0.035346 0.148438 0.067747
0 0.716797 0.033137 0.095703 0.063328
0 0.186523 0.243004 0.144531 0.135493
0 0.057129 0.280560 0.112305 0.107511
0 0.323730 0.270987 0.114258 0.147275
0 0.436035 0.270987 0.106445 0.150221
0 0.540527 0.269514 0.102539 0.147275
0 0.639648 0.270250 0.097656 0.139912
0 0.750977 0.249632 0.123047 0.139912
0 0.751953 0.361561 0.125000 0.081001
0 0.177246 0.363770 0.124023 0.085420
0 0.323730 0.115611 0.124023 0.101620
0 0.451172 0.114875 0.132812 0.091311
0 0.590820 0.123711 0.146484 0.079529
