2 0.200195 0.651760 0.109375 0.341642
0 0.033691 0.272727 0.065430 0.436950
0 0.159668 0.274194 0.174805 0.436950
0 0.329590 0.274927 0.166992 0.441349
0 0.498047 0.271994 0.173828 0.453079
0 0.669434 0.271994 0.168945 0.453079
0 0.839355 0.274927 0.174805 0.453079
0 0.963379 0.272727 0.073242 0.457478
0 0.035156 0.725806 0.068359 0.451613
0 0.156250 0.727273 0.173828 0.457478
0 0.328613 0.727273 0.170898 0.457478
0 0.499512 0.724340 0.170898 0.451613
0 0.668457 0.725806 0.166992 0.448680
0 0.839355 0.723607 0.174805 0.444282
0 0.963379 0.723607 0.073242 0.444282
