2 0.205566 0.434846 0.024414 0.081991
2 0.267578 0.451684 0.031250 0.089312
2 0.404785 0.451684 0.028320 0.092240
2 0.493164 0.450952 0.041016 0.090776
2 0.600098 0.447291 0.043945 0.095168
2 0.675293 0.493411 0.028320 0.096633
2 0.783691 0.510981 0.034180 0.090776
0 0.219727 0.081991 0.162109 0.161054
0 0.381348 0.080527 0.161133 0.158126
0 0.557129 0.081259 0.190430 0.159590
0 0.747559 0.081259 0.192383 0.159590
0 0.221680 0.251098 0.162109 0.174231
0 0.381836 0.248902 0.162109 0.181552
0 0.557617 0.251098 0.189453 0.185944
0 0.745605 0.251098 0.186523 0.185944
0 0.222656 0.464129 0.160156 0.254758
0 0.382324 0.465593 0.159180 0.251830
0 0.557617 0.464129 0.191406 0.248902
0 0.747070 0.467057 0.187500 0.243045
0 0.223633 0.677160 0.158203 0.180088
0 0.382812 0.678624 0.160156 0.177160
0 0.557129 0.677160 0.188477 0.174231
0 0.745605 0.676428 0.188477 0.175695
0 0.222168 0.841142 0.155273 0.144949
0 0.380859 0.841142 0.160156 0.147877
0 0.556641 0.840410 0.191406 0.146413
0 0.747559 0.840410 0.190430 0.146413
0 0.747559 0.956076 0.190430 0.087848
0 0.556641 0.955344 0.189453 0.089312
0 0.380371 0.953880 0.163086 0.092240
0 0.220215 0.957540 0.161133 0.084919
0 0.922852 0.056369 0.154297 0.109810
0 0.922852 0.180820 0.154297 0.139092
0 0.920410 0.323572 0.153320 0.140556
0 0.919922 0.463397 0.154297 0.142020
0 0.921387 0.603953 0.157227 0.136164
0 0.922363 0.743777 0.155273 0.146413
0 0.923340 0.887262 0.153320 0.137628
0 0.923340 0.980234 0.153320 0.039531
