4 0.086426 0.304539 0.124023 0.606149
4 0.235840 0.292094 0.065430 0.581259
4 0.477051 0.289898 0.043945 0.576867
4 0.739258 0.290630 0.099609 0.578331
4 0.862305 0.308931 0.119141 0.614934
0 0.363281 0.144217 0.181641 0.136164
0 0.360840 0.296486 0.186523 0.165447
0 0.360352 0.470717 0.189453 0.183016
0 0.596191 0.141288 0.186523 0.139092
0 0.596191 0.293558 0.192383 0.162518
0 0.595215 0.473646 0.190430 0.188873
0 0.174316 0.144217 0.053711 0.144949
0 0.176270 0.295754 0.055664 0.163982
0 0.174805 0.475842 0.054688 0.190337
